/*--------------------------------*- C++ -*----------------------------------*\
| =========                 |                                                 |
| \\      /  F ield         | OpenFOAM: The Open Source CFD Toolbox           |
|  \\    /   O peration     | Version:  v2012                                 |
|   \\  /    A nd           | Website:  www.openfoam.com                      |
|    \\/     M anipulation  |                                                 |
\*---------------------------------------------------------------------------*/
FoamFile
{
    version     2.0;
    format      ascii;
    class       surfaceScalarField;
    location    "0.5";
    object      phi;
}
// * * * * * * * * * * * * * * * * * * * * * * * * * * * * * * * * * * * * * //

dimensions      [0 3 -1 0 0 0 0];
oriented        oriented;


internalField   nonuniform List<scalar> 
4900
(
1.17866e-09
-1.18762e-09
2.41892e-09
-1.24026e-09
2.51899e-09
-1.00066e-10
1.04057e-09
1.47843e-09
-2.09678e-09
3.13735e-09
-6.80506e-09
4.70828e-09
-1.29139e-08
6.10884e-09
-2.02155e-08
7.3016e-09
-2.84879e-08
8.27235e-09
-3.75069e-08
9.01905e-09
-4.70533e-08
9.54641e-09
-5.69163e-08
9.863e-09
-6.6896e-08
9.97969e-09
-7.68047e-08
9.90876e-09
-8.6468e-08
9.66329e-09
-9.57249e-08
9.25684e-09
-1.04428e-07
8.70325e-09
-1.12445e-07
8.01648e-09
-1.19655e-07
7.21061e-09
-1.25955e-07
6.29983e-09
-1.31253e-07
5.29845e-09
-1.35474e-07
4.221e-09
-1.38557e-07
3.08224e-09
-1.40454e-07
1.89724e-09
-1.41136e-07
6.81473e-10
-1.40586e-07
-5.49164e-10
-1.38808e-07
-1.77834e-09
-1.35819e-07
-2.98914e-09
-1.31655e-07
-4.16421e-09
-1.26369e-07
-5.28577e-09
-1.20033e-07
-6.33576e-09
-1.12737e-07
-7.29593e-09
-1.04589e-07
-8.14797e-09
-9.57154e-08
-8.87377e-09
-8.62598e-08
-9.45561e-09
-7.63833e-08
-9.87652e-09
-6.62628e-08
-1.01205e-08
-5.60897e-08
-1.01731e-08
-4.60682e-08
-1.00215e-08
-3.6413e-08
-9.65516e-09
-2.73465e-08
-9.06656e-09
-1.90946e-08
-8.25185e-09
-1.18821e-08
-7.21251e-09
-5.92429e-09
-5.95787e-09
-1.41394e-09
-4.51036e-09
1.5022e-09
-2.91613e-09
2.7677e-09
-1.26547e-09
2.49888e-09
2.68843e-10
1.17537e-09
1.32352e-09
1.17538e-09
1.2502e-09
-2.43782e-09
1.44914e-09
-1.43919e-09
-1.16043e-09
2.5095e-09
-7.38624e-09
7.70424e-09
-1.74787e-08
1.32298e-08
-3.13296e-08
1.85591e-08
-4.86133e-08
2.33926e-08
-6.88799e-08
2.75682e-08
-9.16133e-08
3.10057e-08
-1.16268e-07
3.36733e-08
-1.42291e-07
3.55694e-08
-1.69139e-07
3.67113e-08
-1.96288e-07
3.71289e-08
-2.23239e-07
3.68599e-08
-2.49523e-07
3.59475e-08
-2.74705e-07
3.44383e-08
-2.98383e-07
3.23812e-08
-3.20193e-07
2.9827e-08
-3.3981e-07
2.68272e-08
-3.56944e-07
2.34346e-08
-3.71349e-07
1.97028e-08
-3.82814e-07
1.56866e-08
-3.91174e-07
1.14418e-08
-3.96302e-07
7.02533e-09
-3.98116e-07
2.49587e-09
-3.96579e-07
-2.08652e-09
-3.91697e-07
-6.66023e-09
-3.83524e-07
-1.11619e-08
-3.72162e-07
-1.55265e-08
-3.5776e-07
-1.96882e-08
-3.40516e-07
-2.35799e-08
-3.20677e-07
-2.71344e-08
-2.9854e-07
-3.02847e-08
-2.74449e-07
-3.2965e-08
-2.48793e-07
-3.51118e-08
-2.22005e-07
-3.66646e-08
-1.94558e-07
-3.75676e-08
-1.6696e-07
-3.77713e-08
-1.39747e-07
-3.72339e-08
-1.13478e-07
-3.59239e-08
-8.8722e-08
-3.38229e-08
-6.60445e-08
-3.09293e-08
-4.59915e-08
-2.72654e-08
-2.90627e-08
-2.28867e-08
-1.56737e-08
-1.78994e-08
-6.09867e-09
-1.24911e-08
-3.80641e-10
-6.98351e-09
1.80661e-09
-1.9184e-09
1.33541e-09
1.79474e-09
2.5108e-09
1.54558e-10
-2.59237e-09
-2.40581e-09
1.12118e-09
-9.35587e-09
9.45956e-09
-2.15336e-08
1.9882e-08
-3.92053e-08
3.09015e-08
-6.22245e-08
4.15783e-08
-9.01615e-08
5.13296e-08
-1.22404e-07
5.98111e-08
-1.58231e-07
6.6832e-08
-1.96858e-07
7.23011e-08
-2.37482e-07
7.61929e-08
-2.79297e-07
7.85261e-08
-3.21517e-07
7.93495e-08
-3.63389e-07
7.87321e-08
-4.04199e-07
7.67575e-08
-4.4328e-07
7.35189e-08
-4.80015e-07
6.91163e-08
-5.13843e-07
6.36549e-08
-5.44259e-07
5.72434e-08
-5.70818e-07
4.99937e-08
-5.93136e-07
4.20201e-08
-6.10889e-07
3.34398e-08
-6.23819e-07
2.43725e-08
-6.31735e-07
1.49409e-08
-6.3451e-07
5.27086e-09
-6.32088e-07
-4.50862e-09
-6.24483e-07
-1.42653e-08
-6.11781e-07
-2.38638e-08
-5.94141e-07
-3.31658e-08
-5.71799e-07
-4.20309e-08
-5.45062e-07
-5.03171e-08
-5.14314e-07
-5.78825e-08
-4.80012e-07
-6.45866e-08
-4.42685e-07
-7.02918e-08
-4.02931e-07
-7.4866e-08
-3.6141e-07
-7.81852e-08
-3.18841e-07
-8.0136e-08
-2.75993e-07
-8.06196e-08
-2.33671e-07
-7.95557e-08
-1.92708e-07
-7.68877e-08
-1.53941e-07
-7.25892e-08
-1.18197e-07
-6.66732e-08
-8.62578e-08
-5.9205e-08
-5.88225e-08
-5.03219e-08
-3.64582e-08
-4.02637e-08
-1.95267e-08
-2.94227e-08
-8.08829e-09
-1.8422e-08
-1.78086e-09
-8.22585e-09
3.30385e-10
-3.16502e-10
2.84121e-09
-1.3782e-09
-1.21417e-09
-7.52829e-09
7.27128e-09
-1.97189e-08
2.16502e-08
-3.85915e-08
3.87546e-08
-6.42915e-08
5.66015e-08
-9.65705e-08
7.38574e-08
-1.34886e-07
8.9645e-08
-1.78488e-07
1.03413e-07
-2.26492e-07
1.14836e-07
-2.77932e-07
1.23741e-07
-3.31804e-07
1.30064e-07
-3.87093e-07
1.33816e-07
-4.42805e-07
1.35062e-07
-4.97977e-07
1.33904e-07
-5.51691e-07
1.30472e-07
-6.03088e-07
1.24915e-07
-6.51369e-07
1.17398e-07
-6.95807e-07
1.08093e-07
-7.35746e-07
9.71817e-08
-7.70605e-07
8.48525e-08
-7.99883e-07
7.12986e-08
-8.23162e-07
5.67184e-08
-8.40105e-07
4.13155e-08
-8.50462e-07
2.52984e-08
-8.54072e-07
8.88102e-09
-8.50864e-07
-7.71725e-09
-8.40857e-07
-2.4272e-08
-8.24167e-07
-4.05537e-08
-8.01004e-07
-5.63287e-08
-7.71675e-07
-7.13599e-08
-7.36583e-07
-8.54089e-08
-6.96228e-07
-9.82376e-08
-6.51204e-07
-1.09611e-07
-6.02196e-07
-1.193e-07
-5.49974e-07
-1.27087e-07
-4.95392e-07
-1.32767e-07
-4.39371e-07
-1.36157e-07
-3.82892e-07
-1.37099e-07
-3.26981e-07
-1.35467e-07
-2.7269e-07
-1.31178e-07
-2.21075e-07
-1.24205e-07
-1.73164e-07
-1.14584e-07
-1.29925e-07
-1.02444e-07
-9.22189e-08
-8.80278e-08
-6.07438e-08
-7.17388e-08
-3.59641e-08
-5.42023e-08
-1.80274e-08
-3.63587e-08
-6.67078e-09
-1.95825e-08
-1.12825e-09
-5.85904e-09
1.71297e-09
-3.02172e-09
1.80755e-09
-1.31168e-08
1.73663e-08
-3.09971e-08
3.95305e-08
-5.69719e-08
6.47294e-08
-9.09646e-08
9.05942e-08
-1.32562e-07
1.15455e-07
-1.81079e-07
1.38162e-07
-2.35628e-07
1.57962e-07
-2.95176e-07
1.74384e-07
-3.58601e-07
1.87166e-07
-4.24734e-07
1.96197e-07
-4.92391e-07
2.01473e-07
-5.60402e-07
2.03073e-07
-6.27633e-07
2.01134e-07
-6.92998e-07
1.95837e-07
-7.55476e-07
1.87394e-07
-8.14119e-07
1.76041e-07
-8.68056e-07
1.6203e-07
-9.16505e-07
1.4563e-07
-9.58772e-07
1.27119e-07
-9.94257e-07
1.06784e-07
-1.02246e-06
8.49205e-08
-1.04298e-06
6.18329e-08
-1.05551e-06
3.78328e-08
-1.05987e-06
1.32401e-08
-1.05597e-06
-1.16178e-08
-1.04384e-06
-3.64055e-08
-1.02361e-06
-6.07811e-08
-9.95541e-07
-8.43967e-08
-9.6e-07
-1.069e-07
-9.1747e-07
-1.27939e-07
-8.68548e-07
-1.4716e-07
-8.13943e-07
-1.64216e-07
-7.5447e-07
-1.78773e-07
-6.91046e-07
-1.90511e-07
-6.24682e-07
-1.99132e-07
-5.56469e-07
-2.04371e-07
-4.87564e-07
-2.06003e-07
-4.19176e-07
-2.03855e-07
-3.52537e-07
-1.97817e-07
-2.88883e-07
-1.87859e-07
-2.29413e-07
-1.74054e-07
-1.75256e-07
-1.56602e-07
-1.27419e-07
-1.35865e-07
-8.67369e-08
-1.12421e-07
-5.38101e-08
-8.7129e-08
-2.89379e-08
-6.1231e-08
-1.20592e-08
-3.64612e-08
-2.70847e-09
-1.52098e-08
-9.95489e-10
-4.64235e-09
6.4499e-09
-1.87596e-08
3.14836e-08
-4.24843e-08
6.32552e-08
-7.5726e-08
9.7971e-08
-1.18121e-07
1.32989e-07
-1.69039e-07
1.66373e-07
-2.27621e-07
1.96745e-07
-2.92824e-07
2.23165e-07
-3.6347e-07
2.4503e-07
-4.38291e-07
2.61987e-07
-5.15971e-07
2.73877e-07
-5.95181e-07
2.80682e-07
-6.74603e-07
2.82495e-07
-7.52958e-07
2.79489e-07
-8.29021e-07
2.71899e-07
-9.01633e-07
2.60007e-07
-9.69721e-07
2.44128e-07
-1.0323e-06
2.24605e-07
-1.08847e-06
2.01802e-07
-1.13745e-06
1.76099e-07
-1.17855e-06
1.47889e-07
-1.21121e-06
1.17581e-07
-1.23497e-06
8.55909e-08
-1.24949e-06
5.23493e-08
-1.25454e-06
1.82963e-08
-1.25004e-06
-1.61171e-08
-1.23602e-06
-5.04296e-08
-1.21263e-06
-8.41712e-08
-1.18016e-06
-1.16864e-07
-1.13904e-06
-1.48027e-07
-1.0898e-06
-1.77174e-07
-1.03313e-06
-2.03826e-07
-9.69839e-07
-2.2751e-07
-9.00843e-07
-2.47769e-07
-8.27183e-07
-2.6417e-07
-7.50003e-07
-2.76312e-07
-6.70534e-07
-2.8384e-07
-5.90084e-07
-2.86453e-07
-5.10016e-07
-2.83924e-07
-4.31718e-07
-2.76114e-07
-3.56581e-07
-2.62996e-07
-2.8596e-07
-2.44676e-07
-2.21133e-07
-2.21428e-07
-1.63259e-07
-1.93738e-07
-1.13328e-07
-1.62351e-07
-7.21095e-08
-1.28348e-07
-4.01071e-08
-9.32334e-08
-1.75272e-08
-5.90411e-08
-4.27371e-09
-2.84633e-08
-5.26921e-09
-6.18826e-09
1.26381e-08
-2.42622e-08
4.95576e-08
-5.38105e-08
9.28036e-08
-9.43241e-08
1.38485e-07
-1.45116e-07
1.83781e-07
-2.05305e-07
2.26562e-07
-2.73828e-07
2.65267e-07
-3.49467e-07
2.98804e-07
-4.30889e-07
3.26452e-07
-5.16685e-07
3.47783e-07
-6.05399e-07
3.62592e-07
-6.9557e-07
3.70853e-07
-7.8575e-07
3.72675e-07
-8.74534e-07
3.68274e-07
-9.60577e-07
3.57942e-07
-1.04261e-06
3.42037e-07
-1.11944e-06
3.20963e-07
-1.19e-06
2.95158e-07
-1.25329e-06
2.65093e-07
-1.30845e-06
2.3126e-07
-1.35473e-06
1.94168e-07
-1.39149e-06
1.54348e-07
-1.41825e-06
1.12343e-07
-1.43461e-06
6.87122e-08
-1.44034e-06
2.40283e-08
-1.43534e-06
-2.11218e-08
-1.41963e-06
-6.61382e-08
-1.39339e-06
-1.1041e-07
-1.35694e-06
-1.53317e-07
-1.31073e-06
-1.94233e-07
-1.25537e-06
-2.32532e-07
-1.19161e-06
-2.67591e-07
-1.12032e-06
-2.988e-07
-1.04252e-06
-3.25568e-07
-9.59353e-07
-3.47337e-07
-8.72072e-07
-3.63593e-07
-7.82031e-07
-3.7388e-07
-6.90667e-07
-3.77817e-07
-5.99476e-07
-3.75114e-07
-5.0999e-07
-3.65601e-07
-4.23742e-07
-3.49243e-07
-3.42236e-07
-3.26182e-07
-2.66904e-07
-2.96761e-07
-1.99066e-07
-2.61576e-07
-1.39886e-07
-2.21531e-07
-9.03373e-08
-1.77897e-07
-5.11644e-08
-1.32406e-07
-2.28777e-08
-8.73277e-08
-5.77023e-09
-4.55708e-08
-1.10395e-08
-7.64739e-09
2.02855e-08
-2.95517e-08
7.14619e-08
-6.48132e-08
1.28065e-07
-1.12512e-07
1.86184e-07
-1.71626e-07
2.42895e-07
-2.40999e-07
2.95935e-07
-3.1934e-07
3.43608e-07
-4.05241e-07
3.84705e-07
-4.97205e-07
4.18416e-07
-5.93671e-07
4.44249e-07
-6.9305e-07
4.61971e-07
-7.93753e-07
4.71556e-07
-8.94214e-07
4.73137e-07
-9.92916e-07
4.66976e-07
-1.08841e-06
4.53434e-07
-1.17932e-06
4.3295e-07
-1.26438e-06
4.06021e-07
-1.34242e-06
3.73194e-07
-1.41237e-06
3.35051e-07
-1.47332e-06
2.92203e-07
-1.52444e-06
2.45288e-07
-1.56505e-06
1.94966e-07
-1.59463e-06
1.41916e-07
-1.61275e-06
8.6836e-08
-1.61916e-06
3.0441e-08
-1.61375e-06
-2.65362e-08
-1.59654e-06
-8.3347e-08
-1.56772e-06
-1.39229e-07
-1.52763e-06
-1.9341e-07
-1.47675e-06
-2.4511e-07
-1.41574e-06
-2.93547e-07
-1.34538e-06
-3.37946e-07
-1.26663e-06
-3.77548e-07
-1.18058e-06
-4.11619e-07
-1.08845e-06
-4.39466e-07
-9.91598e-07
-4.60449e-07
-8.91475e-07
-4.74003e-07
-7.89637e-07
-4.79655e-07
-6.87705e-07
-4.77047e-07
-5.87341e-07
-4.65964e-07
-4.90221e-07
-4.46364e-07
-3.97996e-07
-4.18406e-07
-3.12262e-07
-3.82495e-07
-2.34513e-07
-3.39325e-07
-1.66112e-07
-2.89932e-07
-1.08255e-07
-2.35754e-07
-6.19544e-08
-1.78706e-07
-2.80397e-08
-1.21242e-07
-7.18561e-09
-6.64249e-08
-1.82251e-08
-9.02557e-09
2.93111e-08
-3.46196e-08
9.70559e-08
-7.54491e-08
1.68895e-07
-1.30206e-07
2.4094e-07
-1.97529e-07
3.10219e-07
-2.75978e-07
3.74384e-07
-3.64021e-07
4.3165e-07
-4.60043e-07
4.80728e-07
-5.62369e-07
5.20742e-07
-6.69285e-07
5.51164e-07
-7.79063e-07
5.71749e-07
-8.89988e-07
5.82482e-07
-1.00038e-06
5.83533e-07
-1.10863e-06
5.75221e-07
-1.21318e-06
5.57983e-07
-1.31258e-06
5.32348e-07
-1.40547e-06
4.98915e-07
-1.49062e-06
4.58344e-07
-1.56691e-06
4.11337e-07
-1.63334e-06
3.58634e-07
-1.68906e-06
3.01008e-07
-1.73334e-06
2.39254e-07
-1.76562e-06
1.74196e-07
-1.78546e-06
1.06677e-07
-1.79259e-06
3.75629e-08
-1.78686e-06
-3.22599e-08
-1.76832e-06
-1.01887e-07
-1.73716e-06
-1.70396e-07
-1.69371e-06
-2.36853e-07
-1.63851e-06
-3.00316e-07
-1.57222e-06
-3.59839e-07
-1.49568e-06
-4.14485e-07
-1.40989e-06
-4.63336e-07
-1.316e-06
-5.05504e-07
-1.21532e-06
-5.4015e-07
-1.10927e-06
-5.66497e-07
-9.99413e-07
-5.83861e-07
-8.87403e-07
-5.91665e-07
-7.74977e-07
-5.89472e-07
-6.63929e-07
-5.77012e-07
-5.56076e-07
-5.54217e-07
-4.53226e-07
-5.21256e-07
-3.57144e-07
-4.78577e-07
-2.69517e-07
-4.26952e-07
-1.91922e-07
-3.67527e-07
-1.25802e-07
-3.01875e-07
-7.2448e-08
-2.3206e-07
-3.30105e-08
-1.6068e-07
-8.52697e-09
-9.09083e-08
-2.6752e-08
-1.03357e-08
3.96468e-08
-3.94885e-08
1.26209e-07
-8.57402e-08
2.15146e-07
-1.47417e-07
3.02617e-07
-2.22829e-07
3.85631e-07
-3.10246e-07
4.618e-07
-4.07882e-07
5.29286e-07
-5.13908e-07
5.86754e-07
-6.26461e-07
6.33295e-07
-7.43663e-07
6.68366e-07
-8.63646e-07
6.91732e-07
-9.84571e-07
7.03406e-07
-1.10465e-06
7.03611e-07
-1.22216e-06
6.92736e-07
-1.33548e-06
6.71301e-07
-1.44307e-06
6.39937e-07
-1.54351e-06
5.99354e-07
-1.6355e-06
5.50332e-07
-1.71786e-06
4.93702e-07
-1.78957e-06
4.30339e-07
-1.84972e-06
3.61154e-07
-1.89755e-06
2.87089e-07
-1.93247e-06
2.09113e-07
-1.95402e-06
1.28224e-07
-1.96189e-06
4.54424e-08
-1.95597e-06
-3.81864e-08
-1.93626e-06
-1.21595e-07
-1.90296e-06
-2.03697e-07
-1.85642e-06
-2.8339e-07
-1.79718e-06
-3.5956e-07
-1.72592e-06
-4.31092e-07
-1.64353e-06
-4.96877e-07
-1.55104e-06
-5.5583e-07
-1.44965e-06
-6.06896e-07
-1.34072e-06
-6.4908e-07
-1.22576e-06
-6.81459e-07
-1.1064e-06
-7.03213e-07
-9.8442e-07
-7.1365e-07
-8.61654e-07
-7.12238e-07
-7.4003e-07
-6.98637e-07
-6.2151e-07
-6.72737e-07
-5.08066e-07
-6.347e-07
-4.01647e-07
-5.84996e-07
-3.04147e-07
-5.24452e-07
-2.17374e-07
-4.543e-07
-1.43027e-07
-3.76222e-07
-8.26872e-08
-2.924e-07
-3.78222e-08
-2.05545e-07
-9.80977e-09
-1.18921e-07
-3.65618e-08
-1.1593e-08
5.12399e-08
-4.41958e-08
1.58811e-07
-9.57421e-08
2.66693e-07
-1.64215e-07
3.7109e-07
-2.47604e-07
4.69021e-07
-3.43888e-07
5.58084e-07
-4.51026e-07
6.36424e-07
-5.66962e-07
7.02689e-07
-6.89636e-07
7.55969e-07
-8.17003e-07
7.95734e-07
-9.47048e-07
8.21777e-07
-1.07781e-06
8.34164e-07
-1.20738e-06
8.33185e-07
-1.33396e-06
8.19314e-07
-1.45583e-06
7.93171e-07
-1.57139e-06
7.55495e-07
-1.67915e-06
7.0712e-07
-1.77777e-06
6.48953e-07
-1.86603e-06
5.81961e-07
-1.94285e-06
5.0716e-07
-2.0073e-06
4.25607e-07
-2.05861e-06
3.38391e-07
-2.09613e-06
2.46636e-07
-2.1194e-06
1.51494e-07
-2.1281e-06
5.41455e-08
-2.12209e-06
-4.42011e-08
-2.10137e-06
-1.42313e-07
-2.06613e-06
-2.38933e-07
-2.01674e-06
-3.32785e-07
-1.95372e-06
-4.22582e-07
-1.87778e-06
-5.07028e-07
-1.78982e-06
-5.84839e-07
-1.6909e-06
-6.54748e-07
-1.58227e-06
-7.15528e-07
-1.46533e-06
-7.66014e-07
-1.34167e-06
-8.05123e-07
-1.213e-06
-8.31886e-07
-1.08117e-06
-8.45479e-07
-9.48148e-07
-8.45257e-07
-8.15992e-07
-8.30793e-07
-6.86814e-07
-8.01915e-07
-5.62761e-07
-7.58754e-07
-4.45976e-07
-7.01781e-07
-3.38572e-07
-6.31855e-07
-2.42604e-07
-5.50269e-07
-1.60039e-07
-4.58786e-07
-9.2753e-08
-3.59686e-07
-4.25241e-08
-2.55774e-07
-1.10525e-08
-1.50392e-07
-4.76143e-08
-1.28125e-08
6.40524e-08
-4.87837e-08
1.94783e-07
-1.05526e-07
3.23435e-07
-1.80696e-07
4.4626e-07
-2.71972e-07
5.60297e-07
-3.77043e-07
6.63155e-07
-4.93608e-07
7.52989e-07
-6.19378e-07
8.2846e-07
-7.52093e-07
8.88684e-07
-8.89532e-07
9.33172e-07
-1.02953e-06
9.61773e-07
-1.16999e-06
9.74625e-07
-1.30891e-06
9.72107e-07
-1.44439e-06
9.54793e-07
-1.57464e-06
9.23418e-07
-1.69799e-06
8.78845e-07
-1.8129e-06
8.22037e-07
-1.91799e-06
7.54041e-07
-2.012e-06
6.75967e-07
-2.09382e-06
5.88977e-07
-2.16249e-06
4.94277e-07
-2.21721e-06
3.9311e-07
-2.25733e-06
2.86755e-07
-2.28235e-06
1.76522e-07
-2.29196e-06
6.37528e-08
-2.28598e-06
-5.01803e-08
-2.26442e-06
-1.63875e-07
-2.22745e-06
-2.75903e-07
-2.17542e-06
-3.84812e-07
-2.10887e-06
-4.89133e-07
-2.02851e-06
-5.8739e-07
-1.93524e-06
-6.78109e-07
-1.83015e-06
-7.59839e-07
-1.71451e-06
-8.31168e-07
-1.58977e-06
-8.90747e-07
-1.45758e-06
-9.3732e-07
-1.31971e-06
-9.69751e-07
-1.17812e-06
-9.87067e-07
-1.03489e-06
-9.88489e-07
-8.92205e-07
-9.73479e-07
-7.52337e-07
-9.41783e-07
-6.17616e-07
-8.93475e-07
-4.90394e-07
-8.29002e-07
-3.73018e-07
-7.49231e-07
-2.67798e-07
-6.55489e-07
-1.76983e-07
-5.49601e-07
-1.02745e-07
-4.33923e-07
-4.71729e-08
-3.11346e-07
-1.22743e-08
-1.85291e-07
-5.98885e-08
-1.40084e-08
7.80608e-08
-5.32948e-08
2.34069e-07
-1.15166e-07
3.85306e-07
-1.96966e-07
5.2806e-07
-2.96067e-07
6.59397e-07
-4.09869e-07
7.76957e-07
-5.35806e-07
8.78926e-07
-6.71356e-07
9.6401e-07
-8.14048e-07
1.03138e-06
-9.6148e-07
1.0806e-06
-1.11134e-06
1.11163e-06
-1.26139e-06
1.12468e-06
-1.40953e-06
1.12025e-06
-1.55377e-06
1.09903e-06
-1.69224e-06
1.06189e-06
-1.82323e-06
1.00983e-06
-1.94514e-06
9.43952e-07
-2.05655e-06
8.65453e-07
-2.15618e-06
7.75594e-07
-2.24289e-06
6.75688e-07
-2.31571e-06
5.67095e-07
-2.37381e-06
4.51213e-07
-2.41653e-06
3.29478e-07
-2.44337e-06
2.03358e-07
-2.45397e-06
7.43564e-08
-2.44816e-06
-5.59898e-08
-2.42593e-06
-1.8611e-07
-2.38743e-06
-3.14403e-07
-2.333e-06
-4.39239e-07
-2.26317e-06
-5.58965e-07
-2.17864e-06
-6.71917e-07
-2.08032e-06
-7.7643e-07
-1.9693e-06
-8.70858e-07
-1.84688e-06
-9.53591e-07
-1.71454e-06
-1.02309e-06
-1.57397e-06
-1.07789e-06
-1.42702e-06
-1.1167e-06
-1.27574e-06
-1.13835e-06
-1.12231e-06
-1.14192e-06
-9.6907e-07
-1.12672e-06
-8.18447e-07
-1.09241e-06
-6.72967e-07
-1.03896e-06
-5.352e-07
-9.66769e-07
-4.0774e-07
-8.76692e-07
-2.93166e-07
-7.70063e-07
-1.94017e-07
-6.48749e-07
-1.12772e-07
-5.15169e-07
-5.18268e-08
-3.72292e-07
-1.34937e-08
-2.23624e-07
-7.33822e-08
-1.51935e-08
9.32543e-08
-5.77696e-08
2.76645e-07
-1.24738e-07
4.52275e-07
-2.13135e-07
6.16456e-07
-3.20028e-07
7.6629e-07
-4.42529e-07
8.99458e-07
-5.77806e-07
1.0142e-06
-7.23093e-07
1.1093e-06
-8.75709e-07
1.18399e-06
-1.03307e-06
1.23796e-06
-1.19269e-06
1.27125e-06
-1.35223e-06
1.28422e-06
-1.50947e-06
1.27748e-06
-1.66232e-06
1.25189e-06
-1.80887e-06
1.20844e-06
-1.94733e-06
1.14829e-06
-2.07608e-06
1.07271e-06
-2.19367e-06
9.83044e-07
-2.29879e-06
8.80715e-07
-2.3903e-06
7.67192e-07
-2.4672e-06
6.43992e-07
-2.52865e-06
5.12669e-07
-2.57399e-06
3.74815e-07
-2.60269e-06
2.32057e-07
-2.61439e-06
8.60573e-08
-2.60889e-06
-6.14851e-08
-2.58617e-06
-2.08833e-07
-2.54636e-06
-3.54213e-07
-2.48978e-06
-4.95817e-07
-2.41694e-06
-6.31809e-07
-2.32852e-06
-7.60334e-07
-2.22542e-06
-8.79528e-07
-2.10874e-06
-9.87542e-07
-1.97977e-06
-1.08256e-06
-1.84003e-06
-1.16282e-06
-1.69125e-06
-1.22668e-06
-1.53534e-06
-1.27261e-06
-1.37442e-06
-1.29926e-06
-1.21081e-06
-1.30553e-06
-1.04697e-06
-1.29056e-06
-8.85514e-07
-1.25387e-06
-7.29156e-07
-1.19531e-06
-5.80702e-07
-1.11522e-06
-4.43003e-07
-1.01439e-06
-3.18924e-07
-8.94142e-07
-2.11306e-07
-7.56367e-07
-1.22942e-07
-6.03533e-07
-5.65434e-08
-4.3869e-07
-1.47285e-08
-2.65439e-07
-8.81108e-08
-1.63793e-08
1.09634e-07
-6.22455e-08
3.22511e-07
-1.34312e-07
5.24342e-07
-2.29306e-07
7.1145e-07
-3.4399e-07
8.80974e-07
-4.75184e-07
1.03065e-06
-6.19784e-07
1.1588e-06
-7.74779e-07
1.26429e-06
-9.3727e-07
1.34648e-06
-1.10448e-06
1.40517e-06
-1.27378e-06
1.44055e-06
-1.44268e-06
1.45312e-06
-1.60887e-06
1.44367e-06
-1.77018e-06
1.41319e-06
-1.92462e-06
1.36288e-06
-2.07038e-06
1.29405e-06
-2.2058e-06
1.20813e-06
-2.3294e-06
1.10665e-06
-2.43987e-06
9.91185e-07
-2.53605e-06
8.63372e-07
-2.61695e-06
7.24886e-07
-2.68171e-06
5.77438e-07
-2.72967e-06
4.22774e-07
-2.76029e-06
2.62676e-07
-2.7732e-06
9.89618e-08
-2.76817e-06
-6.65111e-08
-2.74516e-06
-2.31843e-07
-2.70428e-06
-3.95092e-07
-2.64582e-06
-5.54274e-07
-2.57026e-06
-7.0737e-07
-2.47827e-06
-8.52331e-07
-2.3707e-06
-9.87093e-07
-2.24865e-06
-1.10959e-06
-2.11342e-06
-1.21779e-06
-1.96652e-06
-1.30972e-06
-1.80971e-06
-1.38349e-06
-1.64498e-06
-1.43734e-06
-1.47452e-06
-1.46972e-06
-1.30075e-06
-1.4793e-06
-1.12628e-06
-1.46503e-06
-9.53889e-07
-1.42625e-06
-7.86515e-07
-1.36269e-06
-6.27202e-07
-1.27454e-06
-4.79072e-07
-1.16252e-06
-3.45289e-07
-1.02793e-06
-2.29012e-07
-8.72643e-07
-1.33361e-07
-6.99184e-07
-6.13781e-08
-5.10673e-07
-1.59953e-08
-3.10822e-07
-1.04106e-07
-1.7576e-08
1.2721e-07
-6.67564e-08
3.71692e-07
-1.43952e-07
6.01537e-07
-2.45575e-07
8.13073e-07
-3.68078e-07
1.00348e-06
-5.07982e-07
1.17056e-06
-6.61904e-07
1.31273e-06
-8.26582e-07
1.42897e-06
-9.98893e-07
1.51879e-06
-1.17587e-06
1.58215e-06
-1.35473e-06
1.61941e-06
-1.53285e-06
1.63124e-06
-1.70781e-06
1.61863e-06
-1.87737e-06
1.58276e-06
-2.03949e-06
1.525e-06
-2.19233e-06
1.44688e-06
-2.33419e-06
1.35e-06
-2.46361e-06
1.23606e-06
-2.57924e-06
1.10682e-06
-2.67995e-06
9.64078e-07
-2.76473e-06
8.09668e-07
-2.83275e-06
6.45458e-07
-2.88332e-06
4.73346e-07
-2.91591e-06
2.95263e-07
-2.93012e-06
1.13177e-07
-2.92573e-06
-7.09031e-08
-2.90265e-06
-2.54921e-07
-2.86097e-06
-4.36772e-07
-2.80095e-06
-6.14303e-07
-2.72301e-06
-7.8531e-07
-2.62778e-06
-9.47553e-07
-2.51612e-06
-1.09876e-06
-2.38905e-06
-1.23665e-06
-2.24788e-06
-1.35897e-06
-2.09412e-06
-1.46348e-06
-1.92954e-06
-1.54806e-06
-1.75618e-06
-1.61071e-06
-1.5763e-06
-1.6496e-06
-1.39242e-06
-1.66317e-06
-1.2073e-06
-1.65016e-06
-1.02389e-06
-1.60966e-06
-8.45357e-07
-1.54122e-06
-6.74989e-07
-1.4449e-06
-5.16201e-07
-1.32131e-06
-3.72469e-07
-1.17166e-06
-2.4729e-07
-9.97822e-07
-1.44132e-07
-8.02342e-07
-6.63836e-08
-5.88422e-07
-1.73096e-08
-3.59896e-07
-1.21416e-07
-1.87928e-08
1.46002e-07
-7.13334e-08
4.24232e-07
-1.53717e-07
6.83921e-07
-2.62032e-07
9.21388e-07
-3.92407e-07
1.13385e-06
-5.41057e-07
1.31921e-06
-7.0431e-07
1.47598e-06
-8.78644e-07
1.6033e-06
-1.06071e-06
1.70086e-06
-1.24735e-06
1.76879e-06
-1.43561e-06
1.80767e-06
-1.62275e-06
1.81838e-06
-1.80626e-06
1.80213e-06
-1.98382e-06
1.76032e-06
-2.15335e-06
1.69454e-06
-2.31297e-06
1.6065e-06
-2.46101e-06
1.49803e-06
-2.59596e-06
1.37101e-06
-2.71653e-06
1.22738e-06
-2.82156e-06
1.06911e-06
-2.91007e-06
8.98185e-07
-2.98125e-06
7.16634e-07
-3.0344e-06
5.26498e-07
-3.06899e-06
3.29853e-07
-3.08462e-06
1.28806e-07
-3.08104e-06
-7.44885e-08
-3.05813e-06
-2.77829e-07
-3.01594e-06
-4.78956e-07
-2.95469e-06
-6.75552e-07
-2.87477e-06
-8.65237e-07
-2.77674e-06
-1.04558e-06
-2.6614e-06
-1.2141e-06
-2.52975e-06
-1.3683e-06
-2.38305e-06
-1.50567e-06
-2.2228e-06
-1.62373e-06
-2.05078e-06
-1.72008e-06
-1.86904e-06
-1.79245e-06
-1.67992e-06
-1.83872e-06
-1.48604e-06
-1.85706e-06
-1.29028e-06
-1.84591e-06
-1.0958e-06
-1.80414e-06
-9.05959e-07
-1.73106e-06
-7.24331e-07
-1.62653e-06
-5.54627e-07
-1.49101e-06
-4.00662e-07
-1.32562e-06
-2.66291e-07
-1.13219e-06
-1.55354e-07
-9.1328e-07
-7.16103e-08
-6.72165e-07
-1.86862e-08
-4.1282e-07
-1.40102e-07
-2.00381e-08
1.6604e-07
-7.60053e-08
4.802e-07
-1.63664e-07
7.71579e-07
-2.78759e-07
1.03648e-06
-4.17084e-07
1.27218e-06
-5.74529e-07
1.47665e-06
-7.47124e-07
1.64857e-06
-9.3108e-07
1.78726e-06
-1.12281e-06
1.89259e-06
-1.31897e-06
1.96495e-06
-1.51643e-06
2.00513e-06
-1.71234e-06
2.0143e-06
-1.90409e-06
1.99388e-06
-2.08932e-06
1.94555e-06
-2.26591e-06
1.87112e-06
-2.43196e-06
1.77255e-06
-2.5858e-06
1.65187e-06
-2.72595e-06
1.51117e-06
-2.85112e-06
1.35256e-06
-2.96021e-06
1.1782e-06
-3.05225e-06
9.90226e-07
-3.12644e-06
7.9082e-07
-3.1821e-06
5.82161e-07
-3.2187e-06
3.66456e-07
-3.23584e-06
1.45945e-07
-3.23324e-06
-7.70891e-08
-3.21076e-06
-3.00308e-07
-3.16841e-06
-5.2131e-07
-3.10634e-06
-7.37622e-07
-3.02488e-06
-9.46698e-07
-2.92454e-06
-1.14592e-06
-2.80604e-06
-1.3326e-06
-2.67034e-06
-1.50401e-06
-2.51862e-06
-1.65739e-06
-2.35236e-06
-1.78999e-06
-2.17331e-06
-1.89913e-06
-1.98355e-06
-1.98221e-06
-1.78546e-06
-2.03682e-06
-1.58174e-06
-2.06077e-06
-1.37542e-06
-2.05223e-06
-1.16983e-06
-2.00973e-06
-9.68563e-07
-1.93233e-06
-7.75465e-07
-1.81963e-06
-5.94572e-07
-1.67191e-06
-4.30055e-07
-1.49014e-06
-2.86157e-07
-1.27609e-06
-1.67118e-07
-1.03232e-06
-7.71062e-08
-7.62177e-07
-2.01392e-08
-4.69787e-07
-1.60241e-07
-2.13199e-08
1.8736e-07
-8.07993e-08
5.39679e-07
-1.73844e-07
8.64623e-07
-2.95834e-07
1.15847e-06
-4.42205e-07
1.41855e-06
-6.08506e-07
1.64295e-06
-7.90453e-07
1.83052e-06
-9.83977e-07
1.98078e-06
-1.18525e-06
2.09387e-06
-1.39073e-06
2.17042e-06
-1.59713e-06
2.21153e-06
-1.80148e-06
2.21865e-06
-2.00109e-06
2.1935e-06
-2.19356e-06
2.13801e-06
-2.37674e-06
2.0543e-06
-2.54874e-06
1.94455e-06
-2.70791e-06
1.81104e-06
-2.85281e-06
1.65607e-06
-2.98219e-06
1.48194e-06
-3.09498e-06
1.29098e-06
-3.19026e-06
1.0855e-06
-3.26724e-06
8.67807e-07
-3.3253e-06
6.40214e-07
-3.36389e-06
4.0505e-07
-3.38262e-06
1.6467e-07
-3.38118e-06
-7.85247e-08
-3.35941e-06
-3.22078e-07
-3.31726e-06
-5.6346e-07
-3.25483e-06
-8.00056e-07
-3.17236e-06
-1.02916e-06
-3.0703e-06
-1.24798e-06
-2.94927e-06
-1.45363e-06
-2.81014e-06
-1.64314e-06
-2.65403e-06
-1.81349e-06
-2.48235e-06
-1.96167e-06
-2.29683e-06
-2.08465e-06
-2.09952e-06
-2.17952e-06
-1.89283e-06
-2.2435e-06
-1.67955e-06
-2.27406e-06
-1.46282e-06
-2.26896e-06
-1.24615e-06
-2.22641e-06
-1.03336e-06
-2.14511e-06
-8.28601e-07
-2.02439e-06
-6.36234e-07
-1.86427e-06
-4.60821e-07
-1.66555e-06
-3.07021e-07
-1.42989e-06
-1.79516e-07
-1.15982e-06
-8.29178e-08
-8.58775e-07
-2.16823e-08
-5.31022e-07
-1.81923e-07
-2.26462e-08
2.10007e-07
-8.57426e-08
6.02775e-07
-1.84308e-07
9.63189e-07
-3.13332e-07
1.2875e-06
-4.67863e-07
1.57308e-06
-6.43085e-07
1.81817e-06
-8.34383e-07
2.02182e-06
-1.03739e-06
2.18379e-06
-1.24804e-06
2.30452e-06
-1.46257e-06
2.38495e-06
-1.67757e-06
2.42652e-06
-1.88993e-06
2.43101e-06
-2.0969e-06
2.40047e-06
-2.29605e-06
2.33716e-06
-2.48524e-06
2.24348e-06
-2.66259e-06
2.12191e-06
-2.8265e-06
1.97495e-06
-2.97559e-06
1.80515e-06
-3.10865e-06
1.615e-06
-3.22467e-06
1.40701e-06
-3.3228e-06
1.18363e-06
-3.4023e-06
9.47309e-07
-3.46257e-06
7.00478e-07
-3.50309e-06
4.45569e-07
-3.52345e-06
1.85038e-07
-3.52336e-06
-7.86178e-08
-3.5026e-06
-3.42841e-07
-3.46106e-06
-6.04992e-07
-3.39879e-06
-8.62335e-07
-3.31593e-06
-1.11202e-06
-3.21282e-06
-1.35109e-06
-3.09e-06
-1.57645e-06
-2.94821e-06
-1.78492e-06
-2.78849e-06
-1.97322e-06
-2.61215e-06
-2.13801e-06
-2.42084e-06
-2.27596e-06
-2.2166e-06
-2.38377e-06
-2.00183e-06
-2.45827e-06
-1.77938e-06
-2.49651e-06
-1.55249e-06
-2.49585e-06
-1.32484e-06
-2.45406e-06
-1.10051e-06
-2.36945e-06
-8.83911e-07
-2.24099e-06
-6.79792e-07
-2.06839e-06
-4.93121e-07
-1.85223e-06
-3.29013e-07
-1.594e-06
-1.92633e-07
-1.2962e-06
-8.9091e-08
-9.62317e-07
-2.3329e-08
-5.96784e-07
-2.05252e-07
-2.40253e-08
2.34032e-07
-9.08632e-08
6.69613e-07
-1.95111e-07
1.06744e-06
-3.31329e-07
1.42371e-06
-4.94147e-07
1.7359e-06
-6.78358e-07
2.00238e-06
-8.78988e-07
2.22245e-06
-1.09136e-06
2.39617e-06
-1.31116e-06
2.52431e-06
-1.5344e-06
2.6082e-06
-1.75753e-06
2.64965e-06
-1.97735e-06
2.65083e-06
-2.19105e-06
2.61418e-06
-2.39619e-06
2.5423e-06
-2.59065e-06
2.43794e-06
-2.7726e-06
2.30386e-06
-2.9405e-06
2.14285e-06
-3.09304e-06
1.95769e-06
-3.22911e-06
1.75108e-06
-3.34779e-06
1.52568e-06
-3.44828e-06
1.28412e-06
-3.52991e-06
1.02894e-06
-3.59213e-06
7.62695e-07
-3.63445e-06
4.87893e-07
-3.65648e-06
2.07071e-07
-3.6579e-06
-7.7199e-08
-3.63846e-06
-3.62282e-07
-3.598e-06
-6.45453e-07
-3.53646e-06
-9.23873e-07
-3.45391e-06
-1.19457e-06
-3.35057e-06
-1.45443e-06
-3.22682e-06
-1.70019e-06
-3.08331e-06
-1.92843e-06
-2.92091e-06
-2.13562e-06
-2.74083e-06
-2.31809e-06
-2.54462e-06
-2.47217e-06
-2.33423e-06
-2.59415e-06
-2.11207e-06
-2.68043e-06
-1.88099e-06
-2.72759e-06
-1.64433e-06
-2.73251e-06
-1.40592e-06
-2.69246e-06
-1.17008e-06
-2.6053e-06
-9.41533e-07
-2.46954e-06
-7.25402e-07
-2.28452e-06
-5.27105e-07
-2.05052e-06
-3.52256e-07
-1.76885e-06
-2.06557e-07
-1.4419e-06
-9.56716e-08
-1.0732e-06
-2.50932e-08
-6.67363e-07
-2.30346e-07
-2.54663e-08
2.59498e-07
-9.61922e-08
7.40339e-07
-2.0631e-07
1.17756e-06
-3.49907e-07
1.56731e-06
-5.21155e-07
1.90714e-06
-7.14415e-07
2.19564e-06
-9.24333e-07
2.43237e-06
-1.1459e-06
2.61774e-06
-1.37453e-06
2.75293e-06
-1.60604e-06
2.83971e-06
-1.83672e-06
2.88033e-06
-2.0633e-06
2.87741e-06
-2.28294e-06
2.83382e-06
-2.4932e-06
2.75256e-06
-2.692e-06
2.63674e-06
-2.87761e-06
2.48947e-06
-3.04857e-06
2.31382e-06
-3.20368e-06
2.1128e-06
-3.34194e-06
1.88934e-06
-3.46252e-06
1.64627e-06
-3.56474e-06
1.38634e-06
-3.64801e-06
1.11221e-06
-3.71183e-06
8.26517e-07
-3.75577e-06
5.31833e-07
-3.77945e-06
2.3075e-07
-3.78254e-06
-7.41144e-08
-3.76474e-06
-3.80074e-07
-3.72585e-06
-6.84344e-07
-3.66571e-06
-9.84013e-07
-3.58427e-06
-1.27601e-06
-3.48161e-06
-1.5571e-06
-3.35797e-06
-1.82383e-06
-3.21382e-06
-2.07259e-06
-3.04988e-06
-2.29956e-06
-2.86718e-06
-2.50079e-06
-2.66716e-06
-2.67219e-06
-2.45164e-06
-2.80966e-06
-2.22297e-06
-2.9091e-06
-1.98399e-06
-2.96657e-06
-1.73812e-06
-2.97838e-06
-1.48931e-06
-2.94127e-06
-1.24211e-06
-2.8525e-06
-1.00156e-06
-2.71008e-06
-7.73198e-07
-2.51288e-06
-5.62912e-07
-2.26081e-06
-3.76871e-07
-1.95489e-06
-2.21374e-07
-1.5974e-06
-1.02707e-07
-1.19187e-06
-2.69892e-08
-7.4308e-07
-2.57335e-07
-2.69799e-08
2.86478e-07
-1.01766e-07
8.15125e-07
-2.17972e-07
1.29376e-06
-3.69159e-07
1.7185e-06
-5.48989e-07
2.08697e-06
-7.51353e-07
2.39801e-06
-9.70476e-07
2.65149e-06
-1.201e-06
2.84827e-06
-1.43805e-06
2.98998e-06
-1.67725e-06
3.07891e-06
-1.91476e-06
3.11784e-06
-2.14723e-06
3.10988e-06
-2.37181e-06
3.0584e-06
-2.58611e-06
2.96686e-06
-2.78813e-06
2.83876e-06
-2.97624e-06
2.67758e-06
-3.14912e-06
2.4867e-06
-3.30571e-06
2.26938e-06
-3.44514e-06
2.02877e-06
-3.56672e-06
1.76785e-06
-3.66989e-06
1.4895e-06
-3.75417e-06
1.19649e-06
-3.81914e-06
8.91487e-07
-3.86442e-06
5.7712e-07
-3.88967e-06
2.56e-07
-3.89455e-06
-6.9234e-08
-3.87875e-06
-3.95881e-07
-3.84196e-06
-7.21131e-07
-3.78395e-06
-1.04203e-06
-3.70452e-06
-1.35544e-06
-3.6036e-06
-1.65801e-06
-3.48127e-06
-1.94617e-06
-3.33777e-06
-2.21609e-06
-3.17363e-06
-2.4637e-06
-2.98969e-06
-2.68473e-06
-2.78718e-06
-2.8747e-06
-2.56779e-06
-3.02905e-06
-2.33374e-06
-3.14315e-06
-2.08783e-06
-3.21248e-06
-1.83349e-06
-3.23272e-06
-1.57482e-06
-3.19994e-06
-1.31654e-06
-3.11077e-06
-1.06405e-06
-2.96257e-06
-8.23289e-07
-2.75365e-06
-6.00674e-07
-2.48342e-06
-4.02979e-07
-2.15258e-06
-2.37173e-07
-1.7632e-06
-1.10246e-07
-1.3188e-06
-2.90323e-08
-8.24294e-07
-2.86367e-07
-2.85791e-08
3.15057e-07
-1.07627e-07
8.94172e-07
-2.30176e-07
1.41631e-06
-3.89194e-07
1.87752e-06
-5.77773e-07
2.27555e-06
-7.89279e-07
2.60951e-06
-1.01748e-06
2.87969e-06
-1.25664e-06
3.08743e-06
-1.50159e-06
3.23493e-06
-1.74776e-06
3.32508e-06
-1.99116e-06
3.36125e-06
-2.22844e-06
3.34716e-06
-2.45674e-06
3.28671e-06
-2.67376e-06
3.18388e-06
-2.87763e-06
3.04262e-06
-3.06685e-06
2.8668e-06
-3.24027e-06
2.66012e-06
-3.39701e-06
2.42612e-06
-3.53638e-06
2.16814e-06
-3.65785e-06
1.88933e-06
-3.76102e-06
1.59267e-06
-3.84553e-06
1.281e-06
-3.91107e-06
9.57027e-07
-3.95734e-06
6.23388e-07
-3.98402e-06
2.82686e-07
-3.9908e-06
-6.24608e-08
-3.97731e-06
-4.09369e-07
-3.9432e-06
-7.55242e-07
-3.88811e-06
-1.09712e-06
-3.81171e-06
-1.43184e-06
-3.71374e-06
-1.75597e-06
-3.59407e-06
-2.06584e-06
-3.45273e-06
-2.35743e-06
-3.28998e-06
-2.62645e-06
-3.10642e-06
-2.86828e-06
-2.90305e-06
-3.07808e-06
-2.68133e-06
-3.25077e-06
-2.44332e-06
-3.38116e-06
-2.19172e-06
-3.46408e-06
-1.92994e-06
-3.49451e-06
-1.66214e-06
-3.46774e-06
-1.39326e-06
-3.37964e-06
-1.12901e-06
-3.22683e-06
-8.75763e-07
-3.00689e-06
-6.40514e-07
-2.71867e-06
-4.30702e-07
-2.3624e-06
-2.54047e-07
-1.93986e-06
-1.18343e-07
-1.4545e-06
-3.12397e-08
-9.11397e-07
-3.17607e-07
-3.02802e-08
3.45337e-07
-1.13829e-07
9.77721e-07
-2.43019e-07
1.5455e-06
-4.10145e-07
2.04464e-06
-6.07653e-07
2.47306e-06
-8.28321e-07
2.83018e-06
-1.06541e-06
3.11678e-06
-1.31278e-06
3.3348e-06
-1.56496e-06
3.48711e-06
-1.81717e-06
3.57729e-06
-2.06535e-06
3.60942e-06
-2.30609e-06
3.5879e-06
-2.53664e-06
3.51725e-06
-2.75478e-06
3.40203e-06
-2.95883e-06
3.24667e-06
-3.14748e-06
3.05545e-06
-3.3198e-06
2.83244e-06
-3.47511e-06
2.58143e-06
-3.61296e-06
2.30598e-06
-3.733e-06
2.00937e-06
-3.83502e-06
1.69469e-06
-3.91881e-06
1.3648e-06
-3.9842e-06
1.02242e-06
-4.03098e-06
6.70163e-07
-4.05888e-06
3.1059e-07
-4.0676e-06
-5.37418e-08
-4.05676e-06
-4.20211e-07
-4.02592e-06
-7.86077e-07
-3.97462e-06
-1.14842e-06
-3.90237e-06
-1.50409e-06
-3.80872e-06
-1.84963e-06
-3.69328e-06
-2.18128e-06
-3.55582e-06
-2.49489e-06
-3.39632e-06
-2.78595e-06
-3.21506e-06
-3.04954e-06
-3.01275e-06
-3.28039e-06
-2.79059e-06
-3.47293e-06
-2.55038e-06
-3.62137e-06
-2.29465e-06
-3.71981e-06
-2.02674e-06
-3.76242e-06
-1.75083e-06
-3.74364e-06
-1.47205e-06
-3.65843e-06
-1.19638e-06
-3.50249e-06
-9.30683e-07
-3.27259e-06
-6.82551e-07
-2.96681e-06
-4.60169e-07
-2.58478e-06
-2.72102e-07
-2.12793e-06
-1.27058e-07
-1.59954e-06
-3.36305e-08
-1.00482e-06
-3.51237e-07
-3.21038e-08
3.77441e-07
-1.2044e-07
1.06606e-06
-2.56625e-07
1.68169e-06
-4.3218e-07
2.2202e-06
-6.38812e-07
2.67969e-06
-8.68635e-07
3.06001e-06
-1.11435e-06
3.3625e-06
-1.36938e-06
3.58983e-06
-1.62793e-06
3.74566e-06
-1.88505e-06
3.8344e-06
-2.13658e-06
3.86096e-06
-2.37918e-06
3.83049e-06
-2.61017e-06
3.74824e-06
-2.82753e-06
3.61939e-06
-3.02978e-06
3.44891e-06
-3.21587e-06
3.24155e-06
-3.38513e-06
3.0017e-06
-3.53716e-06
2.73346e-06
-3.67174e-06
2.44056e-06
-3.7888e-06
2.12643e-06
-3.8883e-06
1.79419e-06
-3.97026e-06
1.44675e-06
-4.03462e-06
1.08679e-06
-4.08131e-06
7.16847e-07
-4.11013e-06
3.39407e-07
-4.12079e-06
-4.30791e-08
-4.1129e-06
-4.28099e-07
-4.08596e-06
-8.13016e-07
-4.03938e-06
-1.195e-06
-3.97251e-06
-1.57096e-06
-3.88467e-06
-1.93747e-06
-3.77521e-06
-2.29073e-06
-3.64361e-06
-2.6265e-06
-3.48949e-06
-2.94006e-06
-3.3128e-06
-3.22623e-06
-3.11384e-06
-3.47934e-06
-2.89348e-06
-3.69329e-06
-2.65322e-06
-3.86164e-06
-2.39532e-06
-3.97771e-06
-2.12296e-06
-4.03478e-06
-1.8403e-06
-4.0263e-06
-1.55257e-06
-3.94616e-06
-1.26606e-06
-3.78901e-06
-9.88085e-07
-3.55056e-06
-7.26904e-07
-3.22799e-06
-4.91519e-07
-2.82016e-06
-2.91452e-07
-2.32799e-06
-1.36461e-07
-1.75454e-06
-3.62274e-08
-1.10506e-06
-3.87465e-07
-3.40766e-08
4.11518e-07
-1.27548e-07
1.15953e-06
-2.71151e-07
1.82529e-06
-4.55508e-07
2.40456e-06
-6.71475e-07
2.89566e-06
-9.1041e-07
3.29894e-06
-1.16439e-06
3.61648e-06
-1.42636e-06
3.8518e-06
-1.69021e-06
4.00951e-06
-1.95082e-06
4.09501e-06
-2.20401e-06
4.11415e-06
-2.44648e-06
4.07297e-06
-2.67576e-06
3.97752e-06
-2.89006e-06
3.83368e-06
-3.08816e-06
3.64702e-06
-3.26936e-06
3.42274e-06
-3.43328e-06
3.16563e-06
-3.57985e-06
2.88003e-06
-3.70916e-06
2.56987e-06
-3.8214e-06
2.23867e-06
-3.91681e-06
1.8896e-06
-3.9956e-06
1.52554e-06
-4.0579e-06
1.14909e-06
-4.10377e-06
7.6271e-07
-4.13309e-06
3.6873e-07
-4.14563e-06
-3.05419e-08
-4.14097e-06
-4.32754e-07
-4.11856e-06
-8.35429e-07
-4.07768e-06
-1.23588e-06
-4.01751e-06
-1.63113e-06
-3.93713e-06
-2.01785e-06
-3.83562e-06
-2.39224e-06
-3.7121e-06
-2.75002e-06
-3.56581e-06
-3.08635e-06
-3.39627e-06
-3.39577e-06
-3.20336e-06
-3.67225e-06
-2.9875e-06
-3.90916e-06
-2.74976e-06
-4.09937e-06
-2.49209e-06
-4.23538e-06
-2.2174e-06
-4.30947e-06
-1.92973e-06
-4.31396e-06
-1.63437e-06
-4.24152e-06
-1.33785e-06
-4.08552e-06
-1.04798e-06
-3.84044e-06
-7.7369e-07
-3.50227e-06
-5.24906e-07
-3.06895e-06
-3.12232e-07
-2.54067e-06
-1.46633e-07
-1.92014e-06
-3.90573e-08
-1.21263e-06
-4.26522e-07
-3.6233e-08
4.47751e-07
-1.35263e-07
1.25856e-06
-2.86794e-07
1.97682e-06
-4.80394e-07
2.59816e-06
-7.05926e-07
3.12119e-06
-9.53882e-07
3.5469e-06
-1.21564e-06
3.87824e-06
-1.48364e-06
4.11979e-06
-1.75145e-06
4.27732e-06
-2.01381e-06
4.35737e-06
-2.26655e-06
4.36689e-06
-2.50654e-06
4.31296e-06
-2.73153e-06
4.20252e-06
-2.94006e-06
4.04221e-06
-3.13129e-06
3.83824e-06
-3.30485e-06
3.59631e-06
-3.4608e-06
3.32157e-06
-3.59941e-06
3.01864e-06
-3.72112e-06
2.69158e-06
-3.82647e-06
2.34401e-06
-3.91596e-06
1.97909e-06
-3.99004e-06
1.59962e-06
-4.04907e-06
1.20812e-06
-4.09324e-06
8.06876e-07
-4.12255e-06
3.98041e-07
-4.13681e-06
-1.62776e-08
-4.13563e-06
-4.33942e-07
-4.11837e-06
-8.52689e-07
-4.08421e-06
-1.27004e-06
-4.03215e-06
-1.68319e-06
-3.96103e-06
-2.08896e-06
-3.86961e-06
-2.48366e-06
-3.75664e-06
-2.863e-06
-3.62094e-06
-3.22205e-06
-3.46153e-06
-3.55518e-06
-3.27778e-06
-3.856e-06
-3.06957e-06
-4.11737e-06
-2.83747e-06
-4.33147e-06
-2.58294e-06
-4.48991e-06
-2.30854e-06
-4.58387e-06
-2.01809e-06
-4.60441e-06
-1.71683e-06
-4.54279e-06
-1.41149e-06
-4.39086e-06
-1.11033e-06
-4.1416e-06
-8.2303e-07
-3.78957e-06
-5.60508e-07
-3.33147e-06
-3.34601e-07
-2.76658e-06
-1.57673e-07
-2.09706e-06
-4.21533e-08
-1.32815e-06
-4.68675e-07
-3.8618e-08
4.86369e-07
-1.4373e-07
1.36367e-06
-3.03812e-07
2.1369e-06
-5.07175e-07
2.80152e-06
-7.42517e-07
3.35653e-06
-9.99333e-07
3.80371e-06
-1.26822e-06
4.14713e-06
-1.54107e-06
4.39265e-06
-1.81116e-06
4.54741e-06
-2.07312e-06
4.61933e-06
-2.32289e-06
4.61666e-06
-2.55755e-06
4.54762e-06
-2.77522e-06
4.42018e-06
-2.97482e-06
4.24181e-06
-3.15596e-06
4.01938e-06
-3.31876e-06
3.75911e-06
-3.4637e-06
3.46651e-06
-3.5915e-06
3.14643e-06
-3.703e-06
2.80308e-06
-3.79908e-06
2.44009e-06
-3.88059e-06
2.06059e-06
-3.94824e-06
1.66727e-06
-4.0026e-06
1.26249e-06
-4.04405e-06
8.48322e-07
-4.07271e-06
4.26703e-07
-4.08846e-06
-5.22455e-10
-4.09092e-06
-4.31484e-07
-4.07942e-06
-8.64192e-07
-4.05302e-06
-1.29644e-06
-4.01055e-06
-1.72567e-06
-3.95059e-06
-2.14892e-06
-3.8716e-06
-2.56265e-06
-3.7719e-06
-2.96269e-06
-3.64985e-06
-3.3441e-06
-3.50393e-06
-3.7011e-06
-3.33291e-06
-4.02702e-06
-3.13603e-06
-4.31425e-06
-2.91323e-06
-4.55428e-06
-2.66537e-06
-4.73777e-06
-2.39449e-06
-4.85475e-06
-2.10405e-06
-4.89485e-06
-1.79914e-06
-4.84771e-06
-1.48658e-06
-4.70342e-06
-1.17507e-06
-4.45311e-06
-8.75052e-07
-4.08959e-06
-5.98532e-07
-3.60799e-06
-3.58753e-07
-3.00635e-06
-1.69704e-07
-2.28611e-06
-4.55568e-08
-1.4523e-06
-5.14232e-07
-4.12902e-08
5.27659e-07
-1.53136e-07
1.47552e-06
-3.22529e-07
2.30629e-06
-5.36271e-07
3.01526e-06
-7.8168e-07
3.60194e-06
-1.04709e-06
4.06913e-06
-1.32224e-06
4.42227e-06
-1.59845e-06
4.66885e-06
-1.86871e-06
4.81767e-06
-2.12764e-06
4.87826e-06
-2.37137e-06
4.86038e-06
-2.59733e-06
4.77358e-06
-2.80408e-06
4.62693e-06
-2.99107e-06
4.4288e-06
-3.15845e-06
4.18677e-06
-3.30689e-06
3.90755e-06
-3.4374e-06
3.59702e-06
-3.55118e-06
3.26022e-06
-3.64953e-06
2.90143e-06
-3.73373e-06
2.52429e-06
-3.80496e-06
2.13182e-06
-3.86423e-06
1.72655e-06
-3.91237e-06
1.31063e-06
-3.94993e-06
8.85881e-07
-3.97719e-06
4.53956e-07
-3.9941e-06
1.63905e-08
-4.00031e-06
-4.25272e-07
-3.99513e-06
-8.69376e-07
-3.97752e-06
-1.31404e-06
-3.94615e-06
-1.75705e-06
-3.89935e-06
-2.19571e-06
-3.83526e-06
-2.62675e-06
-3.75178e-06
-3.04617e-06
-3.64675e-06
-3.44912e-06
-3.51807e-06
-3.82979e-06
-3.36382e-06
-4.18128e-06
-3.1825e-06
-4.49557e-06
-2.97328e-06
-4.76349e-06
-2.73628e-06
-4.97477e-06
-2.47285e-06
-5.11817e-06
-2.18591e-06
-5.18179e-06
-1.88022e-06
-5.1534e-06
-1.5626e-06
-5.02104e-06
-1.24208e-06
-4.77363e-06
-9.29886e-07
-4.40179e-06
-6.39225e-07
-3.89865e-06
-3.84929e-07
-3.26065e-06
-1.8288e-07
-2.48816e-06
-4.93202e-08
-1.58586e-06
-5.63552e-07
-4.43266e-08
5.71986e-07
-1.63723e-07
1.59491e-06
-3.43361e-07
2.48593e-06
-5.68211e-07
3.24011e-06
-8.2394e-07
3.85767e-06
-1.09755e-06
4.34274e-06
-1.3778e-06
4.70252e-06
-1.65543e-06
4.94649e-06
-1.92324e-06
5.08547e-06
-2.17591e-06
5.13094e-06
-2.4099e-06
5.09437e-06
-2.62313e-06
4.98682e-06
-2.81476e-06
4.81856e-06
-2.98488e-06
4.59892e-06
-3.13431e-06
4.3362e-06
-3.26435e-06
4.03759e-06
-3.3766e-06
3.70927e-06
-3.47283e-06
3.35644e-06
-3.55481e-06
2.98341e-06
-3.62424e-06
2.59373e-06
-3.68269e-06
2.19027e-06
-3.73148e-06
1.77534e-06
-3.77168e-06
1.35083e-06
-3.80405e-06
9.18253e-07
-3.82902e-06
4.78927e-07
-3.84666e-06
3.4027e-08
-3.85665e-06
-4.15283e-07
-3.85828e-06
-8.67738e-07
-3.85047e-06
-1.32186e-06
-3.8317e-06
-1.77581e-06
-3.80012e-06
-2.22729e-06
-3.7535e-06
-2.67336e-06
-3.68936e-06
-3.11031e-06
-3.605e-06
-3.53348e-06
-3.49767e-06
-3.93712e-06
-3.3647e-06
-4.31425e-06
-3.20375e-06
-4.65651e-06
-3.0131e-06
-4.95415e-06
-2.79191e-06
-5.19596e-06
-2.54066e-06
-5.36942e-06
-2.2615e-06
-5.46094e-06
-1.95867e-06
-5.45623e-06
-1.6388e-06
-5.34091e-06
-1.31114e-06
-5.10128e-06
-9.87671e-07
-4.72526e-06
-6.82887e-07
-4.20343e-06
-4.13427e-07
-3.53011e-06
-1.97399e-07
-2.70419e-06
-5.35117e-08
-1.72975e-06
-6.17064e-07
-4.7829e-08
6.19815e-07
-1.75804e-07
1.72289e-06
-3.66839e-07
2.67697e-06
-6.0365e-07
3.47692e-06
-8.6992e-07
4.12394e-06
-1.15109e-06
4.62391e-06
-1.43488e-06
4.98631e-06
-1.71147e-06
5.22308e-06
-1.97352e-06
5.34752e-06
-2.21598e-06
5.3734e-06
-2.43578e-06
5.31418e-06
-2.63154e-06
5.18258e-06
-2.80317e-06
4.99018e-06
-2.95155e-06
4.74731e-06
-3.07829e-06
4.46294e-06
-3.18542e-06
4.14472e-06
-3.27521e-06
3.79907e-06
-3.35002e-06
3.43125e-06
-3.41215e-06
3.04554e-06
-3.46375e-06
2.64533e-06
-3.50675e-06
2.23326e-06
-3.54279e-06
1.81139e-06
-3.57322e-06
1.38125e-06
-3.59899e-06
9.44027e-07
-3.6207e-06
5.00637e-07
-3.63852e-06
5.1852e-08
-3.65222e-06
-4.0159e-07
-3.66109e-06
-8.58869e-07
-3.66398e-06
-1.31896e-06
-3.6593e-06
-1.7805e-06
-3.64496e-06
-2.24163e-06
-3.61846e-06
-2.69986e-06
-3.5769e-06
-3.15187e-06
-3.51706e-06
-3.59332e-06
-3.43551e-06
-4.01867e-06
-3.32878e-06
-4.42097e-06
-3.19361e-06
-4.79169e-06
-3.02719e-06
-5.12056e-06
-2.8276e-06
-5.39555e-06
-2.59417e-06
-5.60285e-06
-2.32806e-06
-5.72706e-06
-2.03266e-06
-5.75162e-06
-1.71418e-06
-5.65939e-06
-1.38193e-06
-5.43354e-06
-1.04854e-06
-5.05865e-06
-7.29878e-07
-4.5221e-06
-4.44629e-07
-3.81536e-06
-2.13515e-07
-2.9353e-06
-5.82205e-08
-1.88504e-06
-6.75285e-07
-5.19321e-08
6.71747e-07
-1.89791e-07
1.86075e-06
-3.93641e-07
2.88082e-06
-6.43396e-07
3.72668e-06
-9.20342e-07
4.40089e-06
-1.20813e-06
4.9117e-06
-1.49334e-06
5.27152e-06
-1.76567e-06
5.49541e-06
-2.01783e-06
5.59968e-06
-2.24521e-06
5.60078e-06
-2.44551e-06
5.51447e-06
-2.61821e-06
5.35528e-06
-2.7642e-06
5.13617e-06
-2.88533e-06
4.86844e-06
-2.98411e-06
4.56172e-06
-3.06339e-06
4.224e-06
-3.12619e-06
3.86186e-06
-3.17547e-06
3.48053e-06
-3.21408e-06
3.08415e-06
-3.24462e-06
2.67587e-06
-3.2694e-06
2.25804e-06
-3.29037e-06
1.83236e-06
-3.30911e-06
1.39999e-06
-3.3268e-06
9.61717e-07
-3.34419e-06
5.18024e-07
-3.36158e-06
6.92382e-08
-3.3788e-06
-3.8437e-07
-3.3952e-06
-8.42468e-07
-3.40962e-06
-1.30454e-06
-3.42036e-06
-1.76975e-06
-3.42522e-06
-2.23677e-06
-3.42143e-06
-2.70365e-06
-3.40573e-06
-3.16758e-06
-3.37438e-06
-3.62467e-06
-3.3233e-06
-4.06975e-06
-3.24819e-06
-4.49609e-06
-3.14474e-06
-4.89514e-06
-3.00898e-06
-5.25633e-06
-2.83765e-06
-5.56688e-06
-2.62873e-06
-5.81177e-06
-2.38201e-06
-5.97378e-06
-2.09975e-06
-6.03388e-06
-1.78736e-06
-5.97178e-06
-1.45393e-06
-5.76697e-06
-1.1126e-06
-5.39998e-06
-7.80636e-07
-4.85406e-06
-4.79021e-07
-4.11698e-06
-2.31564e-07
-3.18276e-06
-6.35656e-08
-2.05304e-06
-7.3885e-07
-5.68167e-08
7.28563e-07
-2.06219e-07
2.01015e-06
-4.24625e-07
3.09922e-06
-6.88428e-07
3.99048e-06
-9.7601e-07
4.68847e-06
-1.26897e-06
5.20466e-06
-1.55272e-06
5.55527e-06
-1.81662e-06
5.75931e-06
-2.05367e-06
5.83673e-06
-2.26004e-06
5.80715e-06
-2.43446e-06
5.68889e-06
-2.57759e-06
5.49841e-06
-2.69152e-06
5.2501e-06
-2.77924e-06
4.95616e-06
-2.84428e-06
4.62676e-06
-2.89041e-06
4.27013e-06
-2.9214e-06
3.89285e-06
-2.94088e-06
3.50002e-06
-2.95222e-06
3.09549e-06
-2.95846e-06
2.6821e-06
-2.96223e-06
2.26182e-06
-2.96579e-06
1.83592e-06
-2.97094e-06
1.40514e-06
-2.97905e-06
9.6982e-07
-2.99101e-06
5.29983e-07
-3.00725e-06
8.5482e-08
-3.02771e-06
-3.6391e-07
-3.0518e-06
-8.1838e-07
-3.07838e-06
-1.27796e-06
-3.10575e-06
-1.74238e-06
-3.13159e-06
-2.21094e-06
-3.15296e-06
-2.68228e-06
-3.1663e-06
-3.15424e-06
-3.16743e-06
-3.62354e-06
-3.15163e-06
-4.08555e-06
-3.11377e-06
-4.53395e-06
-3.04849e-06
-4.96042e-06
-2.9505e-06
-5.35431e-06
-2.81504e-06
-5.70234e-06
-2.63843e-06
-5.98838e-06
-2.41875e-06
-6.19346e-06
-2.15668e-06
-6.29594e-06
-1.85639e-06
-6.27208e-06
-1.52633e-06
-6.09704e-06
-1.17989e-06
-5.74642e-06
-8.35682e-07
-5.19826e-06
-5.17226e-07
-4.43543e-06
-2.51988e-07
-3.448e-06
-6.97077e-08
-2.23532e-06
-8.08558e-07
-6.2728e-08
7.91291e-07
-2.25799e-07
2.17322e-06
-4.60887e-07
3.33431e-06
-7.3992e-07
4.26951e-06
-1.03776e-06
4.98631e-06
-1.33369e-06
5.50059e-06
-1.61203e-06
5.83361e-06
-1.86205e-06
6.00933e-06
-2.07744e-06
6.05212e-06
-2.25555e-06
5.98526e-06
-2.39653e-06
5.82987e-06
-2.50257e-06
5.60445e-06
-2.57719e-06
5.32472e-06
-2.62471e-06
5.00369e-06
-2.64981e-06
4.65186e-06
-2.65722e-06
4.27753e-06
-2.65149e-06
3.88712e-06
-2.63688e-06
3.48541e-06
-2.61726e-06
3.07587e-06
-2.59602e-06
2.66087e-06
-2.57613e-06
2.24193e-06
-2.56006e-06
1.81984e-06
-2.54979e-06
1.39488e-06
-2.54686e-06
9.66886e-07
-2.55229e-06
5.35417e-07
-2.56664e-06
9.9831e-08
-2.58995e-06
-3.40604e-07
-2.62172e-06
-7.86609e-07
-2.6609e-06
-1.23878e-06
-2.70581e-06
-1.69747e-06
-2.75413e-06
-2.16261e-06
-2.80284e-06
-2.63358e-06
-2.84816e-06
-3.10892e-06
-2.88558e-06
-3.58612e-06
-2.90983e-06
-4.06129e-06
-2.915e-06
-4.52878e-06
-2.89467e-06
-4.98075e-06
-2.84219e-06
-5.40679e-06
-2.75112e-06
-5.7934e-06
-2.61583e-06
-6.12367e-06
-2.43229e-06
-6.377e-06
-2.19908e-06
-6.52915e-06
-1.91853e-06
-6.55263e-06
-1.59788e-06
-6.41769e-06
-1.25032e-06
-6.09398e-06
-8.95617e-07
-5.55296e-06
-5.60046e-07
-4.771e-06
-2.75384e-07
-3.73266e-06
-7.68678e-08
-2.43384e-06
-8.85426e-07
-7.00038e-08
8.61295e-07
-2.49475e-07
2.35269e-06
-5.03813e-07
3.58865e-06
-7.99238e-07
4.56494e-06
-1.10636e-06
5.29343e-06
-1.40196e-06
5.79618e-06
-1.66943e-06
6.10109e-06
-1.89844e-06
6.23833e-06
-2.08392e-06
6.2376e-06
-2.22494e-06
6.12629e-06
-2.3236e-06
5.92852e-06
-2.38395e-06
5.6648e-06
-2.41125e-06
5.35202e-06
-2.41129e-06
5.00373e-06
-2.38998e-06
4.63054e-06
-2.35302e-06
4.24057e-06
-2.30572e-06
3.83982e-06
-2.2529e-06
3.43259e-06
-2.19885e-06
3.02181e-06
-2.14726e-06
2.60929e-06
-2.10132e-06
2.19598e-06
-2.06364e-06
1.78217e-06
-2.03636e-06
1.36759e-06
-2.02108e-06
9.51612e-07
-2.01896e-06
5.33298e-07
-2.03066e-06
1.11523e-07
-2.05632e-06
-3.14944e-07
-2.09557e-06
-7.47349e-07
-2.1475e-06
-1.18686e-06
-2.21053e-06
-1.63443e-06
-2.28244e-06
-2.09071e-06
-2.36021e-06
-2.5558e-06
-2.44003e-06
-3.0291e-06
-2.51716e-06
-3.50899e-06
-2.58594e-06
-3.99251e-06
-2.63981e-06
-4.47491e-06
-2.67135e-06
-4.94921e-06
-2.67257e-06
-5.40558e-06
-2.63523e-06
-5.83075e-06
-2.55149e-06
-6.20741e-06
-2.41479e-06
-6.5137e-06
-2.22099e-06
-6.72295e-06
-1.96985e-06
-6.80377e-06
-1.66659e-06
-6.72095e-06
-1.3235e-06
-6.43707e-06
-9.61102e-07
-5.91537e-06
-6.08506e-07
-5.1236e-06
-3.02555e-07
-4.03861e-06
-8.53551e-08
-2.65104e-06
-9.70781e-07
-7.91183e-08
9.40414e-07
-2.78516e-07
2.55209e-06
-5.55153e-07
3.86529e-06
-8.67904e-07
4.87769e-06
-1.18231e-06
5.60784e-06
-1.47258e-06
6.08644e-06
-1.72166e-06
6.35017e-06
-1.92032e-06
6.437e-06
-2.06555e-06
6.38283e-06
-2.15887e-06
6.21961e-06
-2.20488e-06
5.97452e-06
-2.20992e-06
5.66985e-06
-2.18122e-06
5.32332e-06
-2.12619e-06
4.94869e-06
-2.05196e-06
4.55632e-06
-1.96517e-06
4.15378e-06
-1.8718e-06
3.74645e-06
-1.7771e-06
3.3379e-06
-1.68566e-06
2.93036e-06
-1.60134e-06
2.52498e-06
-1.52743e-06
2.12207e-06
-1.46661e-06
1.72134e-06
-1.42104e-06
1.32202e-06
-1.39239e-06
9.22957e-07
-1.38185e-06
5.22759e-07
-1.39016e-06
1.19838e-07
-1.4176e-06
-2.87502e-07
-1.46395e-06
-7.01e-07
-1.52845e-06
-1.12236e-06
-1.60974e-06
-1.55315e-06
-1.70577e-06
-1.99468e-06
-1.81372e-06
-2.44785e-06
-1.92986e-06
-2.91296e-06
-2.04946e-06
-3.38939e-06
-2.16667e-06
-3.8753e-06
-2.27446e-06
-4.36712e-06
-2.36461e-06
-4.85905e-06
-2.42787e-06
-5.34232e-06
-2.4542e-06
-5.80441e-06
-2.43339e-06
-6.22822e-06
-2.3559e-06
-6.59119e-06
-2.21425e-06
-6.8646e-06
-2.00468e-06
-7.01334e-06
-1.72933e-06
-6.99629e-06
-1.39853e-06
-6.76787e-06
-1.03278e-06
-6.28112e-06
-6.63908e-07
-5.49247e-06
-3.34602e-07
-4.36792e-06
-9.56115e-08
-2.89003e-06
-1.06639e-06
-9.07548e-08
1.03117e-06
-3.14647e-07
2.77598e-06
-6.1709e-07
4.16773e-06
-9.47473e-07
5.20807e-06
-1.26545e-06
5.92582e-06
-1.54288e-06
6.36387e-06
-1.76318e-06
6.57047e-06
-1.91933e-06
6.59315e-06
-2.01146e-06
6.47495e-06
-2.04446e-06
6.25261e-06
-2.02604e-06
5.95611e-06
-1.96528e-06
5.60908e-06
-1.87154e-06
5.22958e-06
-1.75386e-06
4.83102e-06
-1.62056e-06
4.42302e-06
-1.47906e-06
4.01228e-06
-1.33582e-06
3.6032e-06
-1.19636e-06
3.19844e-06
-1.06536e-06
2.79936e-06
-9.46719e-07
2.40633e-06
-8.43646e-07
2.019e-06
-7.58764e-07
1.63646e-06
-6.94166e-07
1.25742e-06
-6.51479e-07
8.8027e-07
-6.31902e-07
5.03181e-07
-6.36223e-07
1.2416e-07
-6.64824e-07
-2.58901e-07
-7.1765e-07
-6.48174e-07
-7.9417e-07
-1.04584e-06
-8.93301e-07
-1.45401e-06
-1.01332e-06
-1.87466e-06
-1.15171e-06
-2.30945e-06
-1.30508e-06
-2.7596e-06
-1.4689e-06
-3.22556e-06
-1.63744e-06
-3.70677e-06
-1.80348e-06
-4.20107e-06
-1.95833e-06
-4.70421e-06
-2.09168e-06
-5.20896e-06
-2.19186e-06
-5.70423e-06
-2.24622e-06
-6.17387e-06
-2.24197e-06
-6.59544e-06
-2.16757e-06
-6.93901e-06
-2.01472e-06
-7.16619e-06
-1.7811e-06
-7.22991e-06
-1.4735e-06
-7.07547e-06
-1.1111e-06
-6.64352e-06
-7.2787e-07
-5.8757e-06
-3.73048e-07
-4.72274e-06
-1.08284e-07
-3.15479e-06
-1.17468e-06
-1.05925e-07
1.13709e-06
-3.6024e-07
3.0303e-06
-6.92277e-07
4.49977e-06
-1.03924e-06
5.55503e-06
-1.35425e-06
6.24084e-06
-1.60766e-06
6.61728e-06
-1.78486e-06
6.74767e-06
-1.88277e-06
6.69105e-06
-1.90606e-06
6.49825e-06
-1.86404e-06
6.21059e-06
-1.76821e-06
5.86028e-06
-1.63063e-06
5.47151e-06
-1.4629e-06
5.06186e-06
-1.27558e-06
4.6437e-06
-1.07795e-06
4.22538e-06
-8.77935e-07
3.81227e-06
-6.82216e-07
3.40748e-06
-4.96321e-07
3.01255e-06
-3.24787e-07
2.62783e-06
-1.71304e-07
2.25285e-06
-3.88588e-08
1.88655e-06
7.0152e-08
1.52745e-06
1.53821e-07
1.17375e-06
2.10656e-07
8.23435e-07
2.39527e-07
4.7431e-07
2.39639e-07
1.24049e-07
2.10521e-07
-2.29783e-07
1.52048e-07
-5.89701e-07
6.44852e-08
-9.58276e-07
-5.14414e-08
-1.33809e-06
-1.94437e-07
-1.73167e-06
-3.62499e-07
-2.14139e-06
-5.52742e-07
-2.56935e-06
-7.61178e-07
-3.01713e-06
-9.82476e-07
-3.48547e-06
-1.20969e-06
-3.97386e-06
-1.43402e-06
-4.47988e-06
-1.64459e-06
-4.9984e-06
-1.8284e-06
-5.52041e-06
-1.97057e-06
-6.0317e-06
-2.05493e-06
-6.51108e-06
-2.06534e-06
-6.9286e-06
-1.98785e-06
-7.24368e-06
-1.81393e-06
-7.40383e-06
-1.54472e-06
-7.34467e-06
-1.19594e-06
-6.9923e-06
-8.02323e-07
-6.26932e-06
-4.20012e-07
-5.10505e-06
-1.24348e-07
-3.45045e-06
-1.29902e-06
-1.2618e-07
1.26327e-06
-4.18576e-07
3.32269e-06
-7.83779e-07
4.86497e-06
-1.14356e-06
5.91481e-06
-1.4445e-06
6.54178e-06
-1.65734e-06
6.83012e-06
-1.772e-06
6.86233e-06
-1.79163e-06
6.71068e-06
-1.72725e-06
6.43386e-06
-1.59366e-06
6.077e-06
-1.40668e-06
5.6733e-06
-1.18148e-06
5.24631e-06
-9.31705e-07
4.81208e-06
-6.69089e-07
4.38108e-06
-4.0347e-07
3.95976e-06
-1.42901e-07
3.5517e-06
1.06121e-07
3.15846e-06
3.38413e-07
2.78026e-06
5.49869e-07
2.41637e-06
7.37251e-07
2.06547e-06
8.9801e-07
1.7258e-06
1.03013e-06
1.39533e-06
1.13203e-06
1.07185e-06
1.20245e-06
7.53015e-07
1.24041e-06
4.36355e-07
1.24514e-06
1.19314e-07
1.21612e-06
-2.00763e-07
1.15305e-06
-5.26624e-07
1.05588e-06
-8.61108e-07
9.24925e-07
-1.20713e-06
7.60939e-07
-1.56768e-06
5.65264e-07
-1.94572e-06
3.4003e-07
-2.34412e-06
8.8403e-08
-2.7655e-06
-1.85107e-07
-3.21196e-06
-4.74285e-07
-3.68468e-06
-7.70813e-07
-4.18335e-06
-1.06386e-06
-4.70535e-06
-1.33977e-06
-5.24451e-06
-1.5819e-06
-5.78956e-06
-1.77095e-06
-6.32203e-06
-1.88592e-06
-6.81363e-06
-1.90619e-06
-7.22341e-06
-1.81511e-06
-7.49491e-06
-1.60534e-06
-7.55444e-06
-1.28582e-06
-7.31182e-06
-8.89367e-07
-6.66577e-06
-4.78452e-07
-5.51597e-06
-1.45318e-07
-3.78359e-06
-1.44434e-06
-1.53969e-07
1.41724e-06
-4.94176e-07
3.6629e-06
-8.94688e-07
5.26548e-06
-1.25844e-06
6.27856e-06
-1.52699e-06
6.81033e-06
-1.67515e-06
6.97828e-06
-1.70125e-06
6.88844e-06
-1.61777e-06
6.6272e-06
-1.444e-06
6.26009e-06
-1.20118e-06
5.83418e-06
-9.09654e-07
5.38177e-06
-5.87392e-07
4.92405e-06
-2.49538e-07
4.47422e-06
9.15997e-08
4.03994e-06
4.26261e-07
3.6251e-06
7.46852e-07
3.23111e-06
1.04755e-06
2.85777e-06
1.32392e-06
2.50389e-06
1.57263e-06
2.16766e-06
1.79117e-06
1.84693e-06
1.97762e-06
1.53934e-06
2.13054e-06
1.24241e-06
2.24878e-06
9.53615e-07
2.33141e-06
6.70383e-07
2.37767e-06
3.90097e-07
2.38689e-06
1.10088e-07
2.35852e-06
-1.7239e-07
2.29208e-06
-4.60181e-07
2.18722e-06
-7.56251e-07
2.04379e-06
-1.06371e-06
1.86192e-06
-1.38581e-06
1.64215e-06
-1.72595e-06
1.38565e-06
-2.08762e-06
1.09446e-06
-2.47432e-06
7.71878e-07
-2.88937e-06
4.22824e-07
-3.33562e-06
5.44356e-08
-3.81497e-06
-3.23344e-07
-4.32757e-06
-6.97121e-07
-4.87073e-06
-1.04949e-06
-5.4372e-06
-1.35877e-06
-6.01275e-06
-1.5994e-06
-6.57301e-06
-1.7435e-06
-7.07931e-06
-1.76442e-06
-7.47399e-06
-1.64288e-06
-7.67598e-06
-1.37633e-06
-7.57837e-06
-9.90753e-07
-7.05135e-06
-5.52448e-07
-5.95427e-06
-1.73616e-07
-4.16242e-06
-1.61796e-06
-1.93274e-07
1.61052e-06
-5.93108e-07
4.06273e-06
-1.02696e-06
5.69933e-06
-1.37665e-06
6.62825e-06
-1.58333e-06
7.017e-06
-1.63241e-06
7.02736e-06
-1.5362e-06
6.79223e-06
-1.3201e-06
6.41111e-06
-1.01345e-06
5.95344e-06
-6.44275e-07
5.46501e-06
-2.3693e-07
4.97443e-06
1.88682e-07
4.49844e-06
6.16949e-07
4.04596e-06
1.03599e-06
3.6209e-06
1.43699e-06
3.2241e-06
1.81354e-06
2.85456e-06
2.16106e-06
2.51025e-06
2.47634e-06
2.18861e-06
2.75715e-06
1.88685e-06
3.00195e-06
1.60213e-06
3.20969e-06
1.3316e-06
3.37959e-06
1.07251e-06
3.51107e-06
8.22132e-07
3.60363e-06
5.77826e-07
3.65677e-06
3.36956e-07
3.66998e-06
9.68781e-08
3.64269e-06
-1.45106e-07
3.5743e-06
-3.91788e-07
3.46415e-06
-6.46103e-07
3.31162e-06
-9.11172e-07
3.11615e-06
-1.19034e-06
2.87742e-06
-1.48721e-06
2.59546e-06
-1.80566e-06
2.27097e-06
-2.14982e-06
1.90559e-06
-2.524e-06
1.50244e-06
-2.93248e-06
1.06671e-06
-3.37923e-06
6.06421e-07
-3.86728e-06
1.33439e-07
-4.39775e-06
-3.35528e-07
-4.96823e-06
-7.77927e-07
-5.57035e-06
-1.16483e-06
-6.18611e-06
-1.46145e-06
-6.78268e-06
-1.62985e-06
-7.30559e-06
-1.63517e-06
-7.67066e-06
-1.457e-06
-7.75655e-06
-1.10648e-06
-7.40186e-06
-6.47396e-07
-6.41335e-06
-2.13204e-07
-4.59661e-06
-1.83116e-06
-2.50655e-07
1.86117e-06
-7.22825e-07
4.5349e-06
-1.17828e-06
6.15479e-06
-1.4798e-06
6.92977e-06
-1.57864e-06
7.11585e-06
-1.48128e-06
6.92999e-06
-1.22109e-06
6.53204e-06
-8.39856e-07
6.02988e-06
-3.77662e-07
5.49124e-06
1.31516e-07
4.95583e-06
6.60901e-07
4.44504e-06
1.19042e-06
3.96892e-06
1.70561e-06
3.53077e-06
2.19637e-06
3.13014e-06
2.65591e-06
2.76456e-06
3.07982e-06
2.43065e-06
3.46537e-06
2.1247e-06
3.81099e-06
1.84299e-06
4.11587e-06
1.58198e-06
4.37965e-06
1.33834e-06
4.60227e-06
1.10898e-06
4.78375e-06
8.91025e-07
4.92413e-06
6.81753e-07
5.02337e-06
4.78589e-07
5.08129e-06
2.79029e-07
5.09758e-06
8.0595e-08
5.07169e-06
-1.19222e-07
5.00292e-06
-3.23016e-07
4.89035e-06
-5.33529e-07
4.73289e-06
-7.53711e-07
4.52934e-06
-9.8679e-07
4.27846e-06
-1.23633e-06
3.9791e-06
-1.50631e-06
3.63043e-06
-1.80115e-06
3.2322e-06
-2.12576e-06
2.78522e-06
-2.4855e-06
2.29198e-06
-2.88599e-06
1.75754e-06
-3.33284e-06
1.1907e-06
-3.83091e-06
6.05499e-07
-4.38303e-06
2.3001e-08
-4.98785e-06
-5.26971e-07
-5.63614e-06
-1.00468e-06
-6.30497e-06
-1.36122e-06
-6.94905e-06
-1.54331e-06
-7.48857e-06
-1.50525e-06
-7.79461e-06
-1.2313e-06
-7.67581e-06
-7.69597e-07
-6.87506e-06
-2.70605e-07
-5.09561e-06
-2.10177e-06
-3.3675e-07
2.19792e-06
-8.90163e-07
5.08832e-06
-1.33436e-06
6.59899e-06
-1.52675e-06
7.12216e-06
-1.4491e-06
7.03821e-06
-1.14377e-06
6.62466e-06
-6.72504e-07
6.06078e-06
-9.50688e-08
5.45244e-06
5.39361e-07
4.85681e-06
1.19384e-06
4.30136e-06
1.84227e-06
3.79661e-06
2.46716e-06
3.34402e-06
3.05736e-06
2.94057e-06
3.60619e-06
2.58131e-06
4.11002e-06
2.26073e-06
4.56723e-06
1.97344e-06
4.97745e-06
1.71447e-06
5.34108e-06
1.47936e-06
5.65891e-06
1.26415e-06
5.93189e-06
1.06536e-06
6.16099e-06
8.79891e-07
6.34704e-06
7.0497e-07
6.49073e-06
5.38069e-07
6.59247e-06
3.76843e-07
6.65245e-06
2.19057e-07
6.67051e-06
6.25308e-08
6.64621e-06
-9.49259e-08
6.57877e-06
-2.55576e-07
6.46707e-06
-4.21822e-07
6.30963e-06
-5.96275e-07
6.10468e-06
-7.81837e-07
5.85013e-06
-9.81787e-07
5.54371e-06
-1.19988e-06
5.18302e-06
-1.44047e-06
4.76583e-06
-1.70857e-06
4.29036e-06
-2.01002e-06
3.75586e-06
-2.35149e-06
3.16343e-06
-2.74042e-06
2.51729e-06
-3.18477e-06
1.82651e-06
-3.69225e-06
1.10748e-06
-4.26882e-06
3.86924e-07
-4.91558e-06
-2.94758e-07
-5.62329e-06
-8.8105e-07
-6.36276e-06
-1.30029e-06
-7.06933e-06
-1.47492e-06
-7.61997e-06
-1.34646e-06
-7.80428e-06
-9.23725e-07
-7.29779e-06
-3.56271e-07
-5.66306e-06
-2.45804e-06
-4.67157e-07
2.66508e-06
-1.09302e-06
5.71418e-06
-1.45056e-06
6.95652e-06
-1.43126e-06
7.10286e-06
-1.08149e-06
6.68844e-06
-4.96339e-07
6.0395e-06
2.30374e-07
5.33407e-06
1.02431e-06
4.65851e-06
1.83309e-06
4.04803e-06
2.62266e-06
3.51178e-06
3.37247e-06
3.0468e-06
4.07115e-06
2.64534e-06
4.71333e-06
2.2984e-06
5.29732e-06
1.99731e-06
5.82364e-06
1.73441e-06
6.294e-06
1.50309e-06
6.71067e-06
1.2978e-06
7.07611e-06
1.11392e-06
7.39273e-06
9.47534e-07
7.66272e-06
7.95362e-07
7.88803e-06
6.5459e-07
8.07022e-06
5.22773e-07
8.21055e-06
3.97746e-07
8.30985e-06
2.77538e-07
8.3686e-06
1.60308e-07
8.38685e-06
4.42787e-08
8.36425e-06
-7.23224e-08
8.29999e-06
-1.91323e-07
8.19284e-06
-3.14668e-07
8.04106e-06
-4.44495e-07
7.84243e-06
-5.83207e-07
7.59421e-06
-7.33572e-07
7.29317e-06
-8.98837e-07
6.93557e-06
-1.08286e-06
6.51729e-06
-1.2903e-06
6.03403e-06
-1.52676e-06
5.4816e-06
-1.79906e-06
4.85659e-06
-2.11541e-06
4.15742e-06
-2.4856e-06
3.38602e-06
-2.92085e-06
2.55052e-06
-3.43333e-06
1.66925e-06
-4.03431e-06
7.76147e-07
-4.73019e-06
-7.26356e-08
-5.51398e-06
-7.93215e-07
-6.34875e-06
-1.27512e-06
-7.13807e-06
-1.40098e-06
-7.67842e-06
-1.10342e-06
-7.59535e-06
-4.84947e-07
-6.28153e-06
-2.94298e-06
-6.56502e-07
3.32158e-06
-1.2924e-06
6.35008e-06
-1.41006e-06
7.07418e-06
-1.02127e-06
6.71407e-06
-2.82519e-07
5.94968e-06
6.48744e-07
5.10824e-06
1.6543e-06
4.32851e-06
2.65793e-06
3.65488e-06
3.61578e-06
3.09017e-06
4.5056e-06
2.62196e-06
5.31829e-06
2.23412e-06
6.05228e-06
1.91135e-06
6.71002e-06
1.64065e-06
7.29586e-06
1.41147e-06
7.81486e-06
1.21541e-06
8.2721e-06
1.04585e-06
8.67234e-06
8.97563e-07
9.01988e-06
7.66375e-07
9.31849e-06
6.48933e-07
9.57135e-06
5.425e-07
9.78113e-06
4.44807e-07
9.94997e-06
3.53931e-07
1.00795e-05
2.68205e-07
1.01709e-05
1.8614e-07
1.02249e-05
1.06366e-07
1.02416e-05
2.75754e-08
1.02208e-05
-5.15282e-08
1.01617e-05
-1.32279e-07
1.00632e-05
-2.16101e-07
9.92323e-06
-3.04568e-07
9.73949e-06
-3.99474e-07
9.50884e-06
-5.02914e-07
9.22739e-06
-6.17394e-07
8.8905e-06
-7.4597e-07
8.49262e-06
-8.92421e-07
8.02735e-06
-1.06149e-06
7.48748e-06
-1.25918e-06
6.86523e-06
-1.49316e-06
6.15286e-06
-1.77323e-06
5.34384e-06
-2.11184e-06
4.43509e-06
-2.52457e-06
3.43086e-06
-3.03008e-06
2.3494e-06
-3.64873e-06
1.233e-06
-4.39758e-06
1.61747e-07
-5.27749e-06
-7.33357e-07
-6.24296e-06
-1.27073e-06
-7.14105e-06
-1.26163e-06
-7.60445e-06
-6.6822e-07
-6.87494e-06
-3.6112e-06
-8.8803e-07
4.20961e-06
-1.33348e-06
6.79554e-06
-9.35243e-07
6.67594e-06
2.92389e-08
5.74959e-06
1.26092e-06
4.71801e-06
2.55959e-06
3.80956e-06
3.81287e-06
3.07523e-06
4.96783e-06
2.49992e-06
6.0061e-06
2.05191e-06
6.92702e-06
1.70104e-06
7.73804e-06
1.4231e-06
8.44954e-06
1.19985e-06
9.07234e-06
1.01785e-06
9.61655e-06
8.67261e-07
1.00911e-05
7.40838e-07
1.05038e-05
6.33199e-07
1.0861e-05
5.40289e-07
1.11684e-05
4.58999e-07
1.14304e-05
3.86913e-07
1.16508e-05
3.22111e-07
1.18326e-05
2.63039e-07
1.19781e-05
2.08408e-07
1.20892e-05
1.57119e-07
1.21671e-05
1.08208e-07
1.22127e-05
6.07976e-08
1.22262e-05
1.40568e-08
1.22075e-05
-3.28316e-08
1.2156e-05
-8.07078e-08
1.20703e-05
-1.30471e-07
1.19489e-05
-1.8312e-07
1.17892e-05
-2.39803e-07
1.15882e-05
-3.01881e-07
1.13418e-05
-3.71005e-07
1.1045e-05
-4.49227e-07
1.06918e-05
-5.3915e-07
1.02744e-05
-6.44128e-07
9.78379e-06
-7.68565e-07
9.20895e-06
-9.18328e-07
8.53706e-06
-1.10134e-06
7.75366e-06
-1.32843e-06
6.8436e-06
-1.61451e-06
5.79352e-06
-1.98e-06
4.59719e-06
-2.4524e-06
3.26624e-06
-3.06663e-06
1.84946e-06
-3.86072e-06
4.62715e-07
-4.85622e-06
-6.76077e-07
-6.00226e-06
-1.23212e-06
-7.04841e-06
-8.81357e-07
-7.2257e-06
-4.49256e-06
-1.01533e-06
5.22494e-06
-7.47875e-07
6.52808e-06
5.83975e-07
5.34409e-06
2.29991e-06
4.03366e-06
4.01952e-06
2.99839e-06
5.58468e-06
2.24441e-06
6.94881e-06
1.7111e-06
8.11554e-06
1.33319e-06
9.10702e-06
1.06042e-06
9.94935e-06
8.58716e-07
1.06667e-05
7.05752e-07
1.12796e-05
5.86914e-07
1.1805e-05
4.92504e-07
1.22563e-05
4.1596e-07
1.26444e-05
3.52741e-07
1.2978e-05
2.9963e-07
1.3264e-05
2.54291e-07
1.3508e-05
2.14993e-07
1.37145e-05
1.80419e-07
1.3887e-05
1.4955e-07
1.40285e-05
1.21571e-07
1.41411e-05
9.58218e-08
1.42264e-05
7.17441e-08
1.42858e-05
4.8855e-08
1.43199e-05
2.6719e-08
1.4329e-05
4.92776e-09
1.43131e-05
-1.69197e-08
1.42716e-05
-3.92346e-08
1.42036e-05
-6.24575e-08
1.41076e-05
-8.70804e-08
1.39814e-05
-1.13673e-07
1.38225e-05
-1.42917e-07
1.36271e-05
-1.75649e-07
1.33908e-05
-2.12927e-07
1.31078e-05
-2.56114e-07
1.27707e-05
-3.07008e-07
1.23701e-05
-3.68033e-07
1.18943e-05
-4.42531e-07
1.13282e-05
-5.35217e-07
1.06527e-05
-6.52909e-07
9.84389e-06
-8.05717e-07
8.87286e-06
-1.00897e-06
7.70676e-06
-1.2863e-06
6.31444e-06
-1.67431e-06
4.68185e-06
-2.22813e-06
2.84726e-06
-3.02163e-06
9.71015e-07
-4.12601e-06
-5.42737e-07
-5.53466e-06
-9.63004e-07
-6.80543e-06
-5.45556e-06
-2.34978e-07
5.45992e-06
1.80398e-06
4.48912e-06
4.40145e-06
2.74661e-06
6.72175e-06
1.71336e-06
8.60683e-06
1.11332e-06
1.00972e-05
7.53983e-07
1.12737e-05
5.34628e-07
1.22108e-05
3.96118e-07
1.29668e-05
3.04439e-07
1.35847e-05
2.40746e-07
1.4096e-05
1.94538e-07
1.45231e-05
1.59755e-07
1.48829e-05
1.32751e-07
1.51876e-05
1.11232e-07
1.54466e-05
9.36957e-08
1.56672e-05
7.91218e-08
1.58547e-05
6.67915e-08
1.60135e-05
5.61842e-08
1.6147e-05
4.69121e-08
1.62578e-05
3.86787e-08
1.63482e-05
3.12514e-08
1.64195e-05
2.44425e-08
1.64732e-05
1.80961e-08
1.651e-05
1.20778e-08
1.65304e-05
6.26765e-09
1.65348e-05
5.53604e-10
1.6523e-05
-5.17423e-09
1.64948e-05
-1.10279e-08
1.64495e-05
-1.71282e-08
1.6386e-05
-2.36103e-08
1.6303e-05
-3.06316e-08
1.61985e-05
-3.83817e-08
1.60699e-05
-4.70963e-08
1.59141e-05
-5.70755e-08
1.57267e-05
-6.87121e-08
1.55022e-05
-8.25323e-08
1.52334e-05
-9.92602e-08
1.49108e-05
-1.1992e-07
1.45216e-05
-1.4601e-07
1.40485e-05
-1.79801e-07
1.34677e-05
-2.24891e-07
1.27459e-05
-2.87253e-07
1.18369e-05
-3.77296e-07
1.06766e-05
-5.13949e-07
9.18067e-06
-7.32228e-07
7.25447e-06
-1.09542e-06
4.84335e-06
-1.7149e-06
2.10375e-06
-2.79506e-06
-1.0574e-07
-4.59594e-06
-5.5613e-06
5.45992e-06
9.94904e-06
1.26957e-05
1.4409e-05
1.55223e-05
1.62763e-05
1.68109e-05
1.72071e-05
1.75115e-05
1.77522e-05
1.79468e-05
1.81065e-05
1.82393e-05
1.83505e-05
1.84442e-05
1.85233e-05
1.85901e-05
1.86463e-05
1.86932e-05
1.87319e-05
1.87632e-05
1.87876e-05
1.88057e-05
1.88178e-05
1.8824e-05
1.88246e-05
1.88194e-05
1.88084e-05
1.87913e-05
1.87677e-05
1.8737e-05
1.86986e-05
1.86515e-05
1.85945e-05
1.85258e-05
1.84432e-05
1.8344e-05
1.8224e-05
1.8078e-05
1.78982e-05
1.76733e-05
1.73861e-05
1.70088e-05
1.64948e-05
1.57626e-05
1.46672e-05
1.29523e-05
1.01572e-05
5.5613e-06
)
;

boundaryField
{
    movingWall
    {
        type            calculated;
        value           uniform 0;
    }
    fixedWalls
    {
        type            calculated;
        value           uniform 0;
    }
    frontAndBack
    {
        type            empty;
        value           nonuniform List<scalar> 0();
    }
}


// ************************************************************************* //
