/*--------------------------------*- C++ -*----------------------------------*\
| =========                 |                                                 |
| \\      /  F ield         | OpenFOAM: The Open Source CFD Toolbox           |
|  \\    /   O peration     | Version:  v2012                                 |
|   \\  /    A nd           | Website:  www.openfoam.com                      |
|    \\/     M anipulation  |                                                 |
\*---------------------------------------------------------------------------*/
FoamFile
{
    version     2.0;
    format      ascii;
    class       volVectorField;
    location    "0.5";
    object      U;
}
// * * * * * * * * * * * * * * * * * * * * * * * * * * * * * * * * * * * * * //

dimensions      [0 1 -1 0 0 0 0];


internalField   nonuniform List<vector> 
2500
(
(3.26633e-05 -3.28284e-05 0)
(9.87662e-05 -4.07326e-05 0)
(0.000137328 -2.09866e-05 0)
(0.000106256 7.8543e-06 0)
(-8.73025e-06 3.77391e-05 0)
(-0.000206074 6.5362e-05 0)
(-0.000478433 8.9411e-05 0)
(-0.000815985 0.000109473 0)
(-0.00120778 0.000125524 0)
(-0.00164256 0.000137703 0)
(-0.00210914 0.000146214 0)
(-0.00259674 0.000151289 0)
(-0.00309506 0.00015317 0)
(-0.00359439 0.000152097 0)
(-0.00408566 0.00014831 0)
(-0.00456048 0.000142042 0)
(-0.00501114 0.000133523 0)
(-0.00543063 0.000122976 0)
(-0.00581263 0.000110621 0)
(-0.00615155 9.66754e-05 0)
(-0.0064425 8.13565e-05 0)
(-0.0066813 6.48817e-05 0)
(-0.00686452 4.74711e-05 0)
(-0.00698946 2.9349e-05 0)
(-0.00705419 1.07455e-05 0)
(-0.00705757 -8.10208e-06 0)
(-0.00699926 -2.69494e-05 0)
(-0.00687974 -4.5541e-05 0)
(-0.00670037 -6.36127e-05 0)
(-0.00646338 -8.08923e-05 0)
(-0.00617188 -9.71009e-05 0)
(-0.00582991 -0.000111954 0)
(-0.00544242 -0.000125164 0)
(-0.00501529 -0.000136443 0)
(-0.00455526 -0.000145502 0)
(-0.00406998 -0.000152064 0)
(-0.00356791 -0.000155859 0)
(-0.00305827 -0.000156634 0)
(-0.00255099 -0.000154152 0)
(-0.00205657 -0.000148202 0)
(-0.00158598 -0.000138599 0)
(-0.00115049 -0.000125195 0)
(-0.000761469 -0.000107896 0)
(-0.000430039 -8.67007e-05 0)
(-0.000166606 -6.17898e-05 0)
(1.99689e-05 -3.37531e-05 0)
(0.000123749 -4.0733e-06 0)
(0.00014492 2.37954e-05 0)
(9.98306e-05 4.17801e-05 0)
(3.21288e-05 3.20614e-05 0)
(4.10768e-05 -9.92581e-05 0)
(9.39111e-05 -9.30487e-05 0)
(4.54752e-05 1.44715e-05 0)
(-0.000168791 0.000161863 0)
(-0.000575858 0.000318395 0)
(-0.00117707 0.000468054 0)
(-0.00196006 0.000602513 0)
(-0.00290458 0.000717708 0)
(-0.00398594 0.000811899 0)
(-0.00517724 0.000884623 0)
(-0.00645078 0.000936155 0)
(-0.00777903 0.000967206 0)
(-0.00913518 0.000978754 0)
(-0.0104936 0.000971941 0)
(-0.01183 0.00094801 0)
(-0.0131217 0.000908266 0)
(-0.0143479 0.000854049 0)
(-0.0154893 0.000786724 0)
(-0.0165287 0.000707671 0)
(-0.0174508 0.000618285 0)
(-0.0182421 0.000519978 0)
(-0.0188911 0.000414183 0)
(-0.0193885 0.000302357 0)
(-0.019727 0.000185991 0)
(-0.0199013 6.66139e-05 0)
(-0.0199084 -5.42032e-05 0)
(-0.0197475 -0.000174848 0)
(-0.0194202 -0.000293656 0)
(-0.0189303 -0.000408917 0)
(-0.018284 -0.000518887 0)
(-0.0174901 -0.000621792 0)
(-0.0165597 -0.000715841 0)
(-0.0155065 -0.000799246 0)
(-0.0143463 -0.000870239 0)
(-0.0130976 -0.000927098 0)
(-0.011781 -0.000968175 0)
(-0.0104191 -0.00099193 0)
(-0.00903665 -0.000996969 0)
(-0.00765975 -0.000982083 0)
(-0.0063159 -0.000946305 0)
(-0.00503343 -0.00088897 0)
(-0.00384089 -0.000809824 0)
(-0.00276637 -0.000709175 0)
(-0.00183636 -0.000588176 0)
(-0.0010743 -0.000449331 0)
(-0.000498247 -0.000297483 0)
(-0.000117596 -0.000141654 0)
(7.24905e-05 1.65782e-06 0)
(0.000102965 0.000101875 0)
(4.21632e-05 9.98425e-05 0)
(2.24922e-05 -0.00013934 0)
(-1.00567e-05 -4.58156e-05 0)
(-0.00023415 0.000239622 0)
(-0.000706125 0.000609371 0)
(-0.00145181 0.001003 0)
(-0.00247274 0.00138414 0)
(-0.00375312 0.00173126 0)
(-0.00526584 0.00203225 0)
(-0.00697681 0.00228075 0)
(-0.00884791 0.00247403 0)
(-0.0108391 0.0026116 0)
(-0.0129098 0.00269447 0)
(-0.0150202 0.00272461 0)
(-0.0171315 0.00270463 0)
(-0.0192071 0.0026376 0)
(-0.0212123 0.00252685 0)
(-0.0231149 0.00237592 0)
(-0.0248856 0.00218849 0)
(-0.0264975 0.00196834 0)
(-0.0279271 0.00171934 0)
(-0.0291533 0.00144542 0)
(-0.0301587 0.00115062 0)
(-0.0309285 0.000839032 0)
(-0.0314517 0.000514871 0)
(-0.03172 0.000182447 0)
(-0.0317291 -0.000153815 0)
(-0.0314778 -0.000489379 0)
(-0.0309686 -0.000819586 0)
(-0.0302077 -0.00113968 0)
(-0.0292047 -0.0014448 0)
(-0.0279735 -0.00173005 0)
(-0.0265312 -0.00199052 0)
(-0.0248988 -0.00222131 0)
(-0.0231012 -0.00241764 0)
(-0.0211664 -0.00257487 0)
(-0.019126 -0.00268864 0)
(-0.0170146 -0.00275493 0)
(-0.0148695 -0.00277018 0)
(-0.0127302 -0.00273146 0)
(-0.0106378 -0.00263659 0)
(-0.00863433 -0.00248442 0)
(-0.0067617 -0.00227508 0)
(-0.0050605 -0.0020105 0)
(-0.00356832 -0.00169511 0)
(-0.00231755 -0.00133704 0)
(-0.00133242 -0.000950213 0)
(-0.000624854 -0.000557649 0)
(-0.000188776 -0.000196618 0)
(7.10489e-06 7.28389e-05 0)
(2.53656e-05 0.000146523 0)
(-4.90851e-06 -0.000112335 0)
(-0.000153918 0.000164525 0)
(-0.000600265 0.000710439 0)
(-0.00137372 0.00138032 0)
(-0.00248898 0.00208602 0)
(-0.00394341 0.00277017 0)
(-0.00571638 0.00339614 0)
(-0.00777451 0.00394164 0)
(-0.0100762 0.00439391 0)
(-0.0125745 0.00474658 0)
(-0.0152198 0.00499752 0)
(-0.0179612 0.00514758 0)
(-0.0207484 0.00519963 0)
(-0.0235321 0.00515794 0)
(-0.0262653 0.00502778 0)
(-0.0289033 0.00481512 0)
(-0.0314047 0.00452641 0)
(-0.0337313 0.00416845 0)
(-0.0358484 0.00374834 0)
(-0.037725 0.00327336 0)
(-0.0393341 0.002751 0)
(-0.0406527 0.00218894 0)
(-0.0416619 0.00159503 0)
(-0.0423469 0.000977319 0)
(-0.0426976 0.000344056 0)
(-0.0427079 -0.000296296 0)
(-0.0423767 -0.000935069 0)
(-0.0417073 -0.00156339 0)
(-0.0407077 -0.00217222 0)
(-0.039391 -0.00275238 0)
(-0.0377749 -0.00329459 0)
(-0.035882 -0.00378961 0)
(-0.0337396 -0.00422829 0)
(-0.0313798 -0.00460168 0)
(-0.028839 -0.00490124 0)
(-0.0261579 -0.00511893 0)
(-0.023381 -0.00524747 0)
(-0.0205561 -0.00528055 0)
(-0.0177335 -0.00521309 0)
(-0.0149654 -0.00504164 0)
(-0.0123048 -0.00476474 0)
(-0.00980429 -0.00438357 0)
(-0.00751418 -0.00390275 0)
(-0.00548084 -0.00333159 0)
(-0.003744 -0.00268593 0)
(-0.00233376 -0.00199105 0)
(-0.00126628 -0.00128612 0)
(-0.000538818 -0.000630049 0)
(-0.000129794 -0.000110758 0)
(-5.90772e-07 0.000130302 0)
(-3.37011e-05 -3.3467e-06 0)
(-0.000310134 0.000567956 0)
(-0.00100058 0.00145865 0)
(-0.00209863 0.00249825 0)
(-0.00360126 0.0035764 0)
(-0.00549779 0.00461716 0)
(-0.00776054 0.00556942 0)
(-0.0103492 0.00640037 0)
(-0.0132151 0.00709008 0)
(-0.0163037 0.00762771 0)
(-0.0195573 0.00800891 0)
(-0.0229166 0.00823396 0)
(-0.0263227 0.00830642 0)
(-0.0297175 0.00823229 0)
(-0.0330455 0.00801927 0)
(-0.0362538 0.00767631 0)
(-0.0392932 0.00721329 0)
(-0.0421179 0.00664076 0)
(-0.0446867 0.00596979 0)
(-0.0469627 0.00521188 0)
(-0.0489133 0.00437888 0)
(-0.0505111 0.00348295 0)
(-0.0517334 0.0025366 0)
(-0.0525627 0.00155264 0)
(-0.0529868 0.000544214 0)
(-0.0529986 -0.000475222 0)
(-0.0525967 -0.00149188 0)
(-0.0517853 -0.00249168 0)
(-0.050574 -0.00346031 0)
(-0.0489785 -0.00438324 0)
(-0.0470201 -0.00524588 0)
(-0.0447256 -0.00603369 0)
(-0.042128 -0.00673232 0)
(-0.0392653 -0.00732783 0)
(-0.0361809 -0.00780695 0)
(-0.0329232 -0.0081573 0)
(-0.0295448 -0.00836778 0)
(-0.0261021 -0.00842888 0)
(-0.0226546 -0.0083332 0)
(-0.0192636 -0.00807596 0)
(-0.0159912 -0.00765566 0)
(-0.0128986 -0.00707503 0)
(-0.0100445 -0.00634214 0)
(-0.00748311 -0.00547211 0)
(-0.00526111 -0.00448941 0)
(-0.00341533 -0.00343131 0)
(-0.00196851 -0.00235269 0)
(-0.000925193 -0.00133206 0)
(-0.000280055 -0.000480202 0)
(-2.81855e-05 3.54958e-05 0)
(-6.11756e-05 0.000188495 0)
(-0.000465913 0.00117314 0)
(-0.00140701 0.00249802 0)
(-0.00283854 0.00397763 0)
(-0.00473609 0.00548535 0)
(-0.007078 0.00693013 0)
(-0.00982746 0.00824821 0)
(-0.012936 0.00939688 0)
(-0.0163475 0.0103491 0)
(-0.0200003 0.0110895 0)
(-0.0238294 0.0116112 0)
(-0.0277681 0.0119137 0)
(-0.0317501 0.0120012 0)
(-0.0357102 0.0118814 0)
(-0.0395854 0.0115647 0)
(-0.0433162 0.0110633 0)
(-0.0468465 0.010391 0)
(-0.0501248 0.00956247 0)
(-0.0531039 0.00859345 0)
(-0.0557418 0.00750024 0)
(-0.0580017 0.00629972 0)
(-0.0598522 0.00500931 0)
(-0.0612676 0.0036469 0)
(-0.062228 0.00223086 0)
(-0.0627192 0.000780017 0)
(-0.0627335 -0.000686326 0)
(-0.0622693 -0.00214844 0)
(-0.0613311 -0.00358619 0)
(-0.0599303 -0.00497912 0)
(-0.0580844 -0.00630656 0)
(-0.0558177 -0.00754775 0)
(-0.053161 -0.00868202 0)
(-0.0501512 -0.00968908 0)
(-0.0468317 -0.0105493 0)
(-0.0432518 -0.0112439 0)
(-0.039466 -0.0117557 0)
(-0.035534 -0.0120692 0)
(-0.0315194 -0.0121714 0)
(-0.0274893 -0.0120523 0)
(-0.0235128 -0.0117059 0)
(-0.0196598 -0.0111306 0)
(-0.0159994 -0.010331 0)
(-0.012598 -0.00931887 0)
(-0.00951698 -0.00811557 0)
(-0.00681081 -0.00675426 0)
(-0.00452429 -0.00528373 0)
(-0.00268889 -0.00377313 0)
(-0.00131946 -0.00231746 0)
(-0.000430608 -0.00104498 0)
(-5.46078e-05 -0.000139217 0)
(-8.65468e-05 0.000459921 0)
(-0.000615843 0.00197897 0)
(-0.00180555 0.00383067 0)
(-0.00357049 0.00582208 0)
(-0.00586346 0.00781559 0)
(-0.0086498 0.00970873 0)
(-0.0118819 0.0114274 0)
(-0.0155019 0.0129204 0)
(-0.0194456 0.0141543 0)
(-0.023644 0.0151094 0)
(-0.0280249 0.0157765 0)
(-0.0325152 0.0161545 0)
(-0.0370418 0.0162482 0)
(-0.0415331 0.0160673 0)
(-0.0459201 0.015625 0)
(-0.0501372 0.0149371 0)
(-0.054123 0.0140216 0)
(-0.0578205 0.0128978 0)
(-0.0611782 0.0115866 0)
(-0.0641495 0.0101095 0)
(-0.0666941 0.00848915 0)
(-0.0687774 0.00674876 0)
(-0.0703708 0.00491225 0)
(-0.0714525 0.00300421 0)
(-0.072007 0.00104983 0)
(-0.0720257 -0.000925089 0)
(-0.0715066 -0.00289416 0)
(-0.0704548 -0.00483049 0)
(-0.0688827 -0.0067068 0)
(-0.0668096 -0.00849553 0)
(-0.0642621 -0.0101691 0)
(-0.0612739 -0.0116999 0)
(-0.0578857 -0.0130612 0)
(-0.0541451 -0.0142269 0)
(-0.0501061 -0.0151724 0)
(-0.0458286 -0.0158749 0)
(-0.0413782 -0.0163141 0)
(-0.0368248 -0.0164733 0)
(-0.032242 -0.0163396 0)
(-0.027706 -0.0159053 0)
(-0.0232937 -0.0151689 0)
(-0.0190815 -0.0141368 0)
(-0.0151433 -0.0128245 0)
(-0.0115484 -0.0112592 0)
(-0.00835958 -0.00948223 0)
(-0.00563095 -0.0075529 0)
(-0.00340455 -0.00555259 0)
(-0.00170751 -0.00358958 0)
(-0.000575903 -0.00180483 0)
(-7.90135e-05 -0.000390904 0)
(-0.000109828 0.000806573 0)
(-0.000758314 0.00297991 0)
(-0.0021905 0.00545246 0)
(-0.00428394 0.00802877 0)
(-0.00696849 0.0105645 0)
(-0.0101955 0.0129491 0)
(-0.0139052 0.0151005 0)
(-0.0180295 0.0169609 0)
(-0.0224952 0.0184916 0)
(-0.0272257 0.0196693 0)
(-0.0321417 0.0204829 0)
(-0.0371635 0.020931 0)
(-0.0422118 0.0210194 0)
(-0.0472094 0.02076 0)
(-0.0520819 0.0201691 0)
(-0.0567585 0.0192665 0)
(-0.061173 0.0180746 0)
(-0.0652642 0.016618 0)
(-0.0689765 0.0149227 0)
(-0.0722598 0.0130164 0)
(-0.0750707 0.0109277 0)
(-0.0773717 0.00868615 0)
(-0.0791324 0.0063222 0)
(-0.080329 0.0038672 0)
(-0.0809448 0.00135325 0)
(-0.0809702 -0.00118678 0)
(-0.0804033 -0.00371929 0)
(-0.0792493 -0.00621007 0)
(-0.0775214 -0.0086244 0)
(-0.07524 -0.0109273 0)
(-0.0724338 -0.0130836 0)
(-0.0691387 -0.0150586 0)
(-0.0653984 -0.0168181 0)
(-0.061264 -0.0183292 0)
(-0.0567934 -0.0195607 0)
(-0.0520513 -0.020484 0)
(-0.0471081 -0.0210735 0)
(-0.0420393 -0.021308 0)
(-0.0369245 -0.0211716 0)
(-0.0318462 -0.0206547 0)
(-0.0268883 -0.0197555 0)
(-0.0221344 -0.0184817 0)
(-0.0176661 -0.0168522 0)
(-0.0135611 -0.0148995 0)
(-0.00989132 -0.0126722 0)
(-0.00672148 -0.0102385 0)
(-0.00410546 -0.00769017 0)
(-0.00208384 -0.00514571 0)
(-0.000714329 -0.00275509 0)
(-0.000101391 -0.000715477 0)
(-0.00013132 0.00122412 0)
(-0.000893534 0.0041689 0)
(-0.00256072 0.00735648 0)
(-0.00497564 0.0105918 0)
(-0.00804585 0.0137269 0)
(-0.0117082 0.016646 0)
(-0.0158901 0.0192616 0)
(-0.0205123 0.0215107 0)
(-0.0254923 0.0233508 0)
(-0.0307449 0.0247563 0)
(-0.0361837 0.0257147 0)
(-0.0417225 0.026225 0)
(-0.0472762 0.0262946 0)
(-0.052762 0.0259378 0)
(-0.0581006 0.0251744 0)
(-0.0632168 0.0240286 0)
(-0.0680403 0.0225276 0)
(-0.0725061 0.0207016 0)
(-0.0765551 0.0185825 0)
(-0.0801346 0.016204 0)
(-0.0831982 0.0136013 0)
(-0.0857064 0.0108107 0)
(-0.0876268 0.00786966 0)
(-0.0889343 0.00481666 0)
(-0.0896109 0.00169115 0)
(-0.0896464 -0.0014665 0)
(-0.0890385 -0.00461504 0)
(-0.0877924 -0.00771248 0)
(-0.0859218 -0.0107162 0)
(-0.0834482 -0.0135832 0)
(-0.0804013 -0.0162706 0)
(-0.0768191 -0.0187355 0)
(-0.0727475 -0.0209362 0)
(-0.0682404 -0.0228323 0)
(-0.0633591 -0.0243855 0)
(-0.0581722 -0.0255607 0)
(-0.0527545 -0.0263266 0)
(-0.0471866 -0.0266573 0)
(-0.0415536 -0.0265331 0)
(-0.0359442 -0.0259419 0)
(-0.030449 -0.0248812 0)
(-0.0251591 -0.0233594 0)
(-0.0201642 -0.0213981 0)
(-0.015551 -0.0190341 0)
(-0.0114016 -0.0163224 0)
(-0.00779214 -0.0133385 0)
(-0.00478935 -0.0101824 0)
(-0.00244776 -0.00698069 0)
(-0.000846231 -0.00388972 0)
(-0.000122056 -0.0011089 0)
(-0.000151398 0.00170876 0)
(-0.00102251 0.00553894 0)
(-0.00291743 0.00953515 0)
(-0.00564653 0.0135042 0)
(-0.00909593 0.0172968 0)
(-0.0131879 0.020794 0)
(-0.0178368 0.0239048 0)
(-0.0229515 0.0265632 0)
(-0.0284394 0.0287243 0)
(-0.0342067 0.030361 0)
(-0.0401595 0.0314609 0)
(-0.0462049 0.0320237 0)
(-0.0522519 0.0320592 0)
(-0.0582127 0.0315847 0)
(-0.0640033 0.0306242 0)
(-0.0695444 0.0292065 0)
(-0.0747621 0.0273641 0)
(-0.0795882 0.025133 0)
(-0.0839609 0.0225514 0)
(-0.0878247 0.0196597 0)
(-0.0911313 0.0164997 0)
(-0.0938392 0.013115 0)
(-0.0959146 0.00955021 0)
(-0.0973309 0.00585133 0)
(-0.0980693 0.00206548 0)
(-0.0981188 -0.00175912 0)
(-0.0974766 -0.00557324 0)
(-0.0961479 -0.00932672 0)
(-0.0941465 -0.0129687 0)
(-0.0914943 -0.0164479 0)
(-0.0882221 -0.0197129 0)
(-0.0843691 -0.0227126 0)
(-0.079983 -0.0253971 0)
(-0.0751199 -0.0277179 0)
(-0.0698439 -0.0296292 0)
(-0.064227 -0.0310889 0)
(-0.058348 -0.0320594 0)
(-0.052292 -0.0325092 0)
(-0.0461497 -0.0324143 0)
(-0.0400157 -0.0317596 0)
(-0.0339875 -0.030541 0)
(-0.0281638 -0.0287669 0)
(-0.0226432 -0.0264605 0)
(-0.017522 -0.0236622 0)
(-0.0128933 -0.0204316 0)
(-0.00884542 -0.0168505 0)
(-0.00545845 -0.0130254 0)
(-0.00280118 -0.00908918 0)
(-0.000972863 -0.00520305 0)
(-0.000141419 -0.00156779 0)
(-0.000170426 0.00225745 0)
(-0.00114655 0.00708392 0)
(-0.00326301 0.0119815 0)
(-0.00629975 0.0167594 0)
(-0.0101224 0.0212681 0)
(-0.0146388 0.0253876 0)
(-0.0197499 0.0290252 0)
(-0.0253526 0.0321134 0)
(-0.0313435 0.0346062 0)
(-0.03762 0.0364766 0)
(-0.0440802 0.0377131 0)
(-0.0506244 0.0383176 0)
(-0.0571558 0.0383026 0)
(-0.0635817 0.0376894 0)
(-0.0698136 0.0365064 0)
(-0.0757685 0.0347876 0)
(-0.0813693 0.0325717 0)
(-0.086545 0.0299005 0)
(-0.0912313 0.0268191 0)
(-0.0953708 0.0233746 0)
(-0.0989133 0.019616 0)
(-0.101816 0.0155942 0)
(-0.104043 0.0113615 0)
(-0.105568 0.00697144 0)
(-0.10637 0.00247915 0)
(-0.106438 -0.00205912 0)
(-0.105769 -0.00658589 0)
(-0.104367 -0.0110426 0)
(-0.102245 -0.0153699 0)
(-0.0994271 -0.0195077 0)
(-0.0959432 -0.0233959 0)
(-0.0918335 -0.0269748 0)
(-0.0871471 -0.0301856 0)
(-0.0819418 -0.0329715 0)
(-0.076284 -0.0352786 0)
(-0.0702485 -0.0370569 0)
(-0.0639178 -0.0382619 0)
(-0.0573814 -0.0388559 0)
(-0.0507351 -0.0388097 0)
(-0.0440796 -0.0381044 0)
(-0.0375196 -0.0367333 0)
(-0.031162 -0.0347039 0)
(-0.0251144 -0.03204 0)
(-0.0194836 -0.0287842 0)
(-0.0143741 -0.0249997 0)
(-0.00988753 -0.0207732 0)
(-0.00611757 -0.0162162 0)
(-0.00314736 -0.011467 0)
(-0.00109586 -0.0066907 0)
(-0.0001599 -0.00208963 0)
(-0.000188733 0.00286791 0)
(-0.00126702 0.00879905 0)
(-0.00360029 0.0146897 0)
(-0.00693952 0.0203514 0)
(-0.0111306 0.0256357 0)
(-0.0160673 0.0304224 0)
(-0.0216368 0.0346186 0)
(-0.0277237 0.0381569 0)
(-0.0342139 0.0409919 0)
(-0.0409952 0.0430978 0)
(-0.0479577 0.0444655 0)
(-0.0549947 0.0450996 0)
(-0.0620038 0.0450167 0)
(-0.0688869 0.0442427 0)
(-0.0755516 0.0428113 0)
(-0.0819115 0.0407624 0)
(-0.0878865 0.0381408 0)
(-0.0934032 0.0349952 0)
(-0.0983953 0.0313774 0)
(-0.102804 0.0273419 0)
(-0.106577 0.0229451 0)
(-0.109671 0.0182453 0)
(-0.112049 0.0133025 0)
(-0.113683 0.00817837 0)
(-0.114552 0.00293584 0)
(-0.114643 -0.00236056 0)
(-0.113954 -0.00764497 0)
(-0.112487 -0.0128503 0)
(-0.110257 -0.0179083 0)
(-0.107284 -0.0227501 0)
(-0.103601 -0.0273066 0)
(-0.0992482 -0.0315088 0)
(-0.0942744 -0.0352889 0)
(-0.0887391 -0.0385811 0)
(-0.0827105 -0.0413227 0)
(-0.0762659 -0.0434554 0)
(-0.069491 -0.0449268 0)
(-0.0624795 -0.0456922 0)
(-0.0553324 -0.0457164 0)
(-0.0481565 -0.0449754 0)
(-0.0410639 -0.0434589 0)
(-0.0341699 -0.0411724 0)
(-0.0275919 -0.0381391 0)
(-0.0214478 -0.0344026 0)
(-0.0158544 -0.0300285 0)
(-0.0109267 -0.0251069 0)
(-0.00677281 -0.0197539 0)
(-0.00349015 -0.014112 0)
(-0.00121697 -0.00835006 0)
(-0.000177892 -0.00267289 0)
(-0.000206603 0.00353862 0)
(-0.00138524 0.0106809 0)
(-0.00393218 0.0176556 0)
(-0.00757045 0.0242763 0)
(-0.0121267 0.0303957 0)
(-0.0174806 0.0358947 0)
(-0.0235058 0.0406817 0)
(-0.0300743 0.0446905 0)
(-0.0370608 0.0478778 0)
(-0.0443435 0.0502205 0)
(-0.0518041 0.0517129 0)
(-0.0593289 0.0523639 0)
(-0.0668095 0.0521949 0)
(-0.0741431 0.0512374 0)
(-0.0812333 0.0495312 0)
(-0.0879903 0.0471227 0)
(-0.0943316 0.0440635 0)
(-0.100182 0.0404095 0)
(-0.105473 0.0362198 0)
(-0.110144 0.0315563 0)
(-0.114144 0.0264831 0)
(-0.117426 0.0210663 0)
(-0.119954 0.0153735 0)
(-0.121698 0.00947433 0)
(-0.122638 0.00343991 0)
(-0.122759 -0.002657 0)
(-0.122057 -0.00874211 0)
(-0.120535 -0.0147396 0)
(-0.118207 -0.0205726 0)
(-0.115092 -0.0261629 0)
(-0.111223 -0.0314321 0)
(-0.10664 -0.0363019 0)
(-0.101391 -0.0406948 0)
(-0.0955379 -0.0445356 0)
(-0.0891491 -0.047752 0)
(-0.0823041 -0.0502767 0)
(-0.0750918 -0.0520485 0)
(-0.0676097 -0.0530148 0)
(-0.0599637 -0.053133 0)
(-0.0522672 -0.0523732 0)
(-0.0446395 -0.0507203 0)
(-0.0372051 -0.0481761 0)
(-0.0300916 -0.0447623 0)
(-0.0234285 -0.0405218 0)
(-0.0173457 -0.0355218 0)
(-0.0119722 -0.0298547 0)
(-0.00743083 -0.0236399 0)
(-0.00383362 -0.0170242 0)
(-0.00133795 -0.0101805 0)
(-0.000195755 -0.00331699 0)
(-0.000224282 0.00426873 0)
(-0.00150241 0.0127277 0)
(-0.00426151 0.0208768 0)
(-0.0081971 0.0285314 0)
(-0.0131169 0.0355457 0)
(-0.0188865 0.0418026 0)
(-0.0253659 0.0472124 0)
(-0.0324141 0.0517119 0)
(-0.0398947 0.0552612 0)
(-0.0476757 0.0578412 0)
(-0.0556304 0.059451 0)
(-0.0636382 0.0601052 0)
(-0.0715844 0.059831 0)
(-0.0793617 0.0586666 0)
(-0.0868698 0.0566587 0)
(-0.0940161 0.0538609 0)
(-0.100716 0.0503323 0)
(-0.106892 0.0461365 0)
(-0.112475 0.0413402 0)
(-0.117404 0.0360131 0)
(-0.121625 0.0302269 0)
(-0.125093 0.0240557 0)
(-0.127771 0.0175749 0)
(-0.129627 0.010862 0)
(-0.13064 0.00399624 0)
(-0.130797 -0.00294148 0)
(-0.130091 -0.00986844 0)
(-0.128525 -0.0167002 0)
(-0.12611 -0.0233509 0)
(-0.122867 -0.0297332 0)
(-0.118825 -0.0357593 0)
(-0.114025 -0.0413409 0)
(-0.108516 -0.0463908 0)
(-0.102357 -0.0508235 0)
(-0.0956191 -0.0545567 0)
(-0.0883832 -0.0575129 0)
(-0.0807405 -0.0596215 0)
(-0.0727922 -0.0608206 0)
(-0.0646494 -0.0610591 0)
(-0.0564314 -0.0602998 0)
(-0.0482656 -0.0585212 0)
(-0.0402856 -0.0557205 0)
(-0.0326299 -0.0519158 0)
(-0.0254403 -0.0471487 0)
(-0.0188602 -0.041486 0)
(-0.0130336 -0.0350218 0)
(-0.00809844 -0.0278785 0)
(-0.00418182 -0.0202065 0)
(-0.00146048 -0.0121834 0)
(-0.000213816 -0.00402226 0)
(-0.000241982 0.00505799 0)
(-0.00161962 0.0149386 0)
(-0.00459089 0.0243525 0)
(-0.00882385 0.033116 0)
(-0.0141072 0.041085 0)
(-0.0202924 0.0481449 0)
(-0.0272254 0.0542095 0)
(-0.0347523 0.0592193 0)
(-0.042725 0.0631395 0)
(-0.0510013 0.0659564 0)
(-0.0594461 0.0676755 0)
(-0.0679312 0.068318 0)
(-0.0763364 0.0679185 0)
(-0.0845497 0.0665229 0)
(-0.0924672 0.0641858 0)
(-0.0999939 0.0609688 0)
(-0.107043 0.0569392 0)
(-0.113536 0.0521687 0)
(-0.119403 0.046732 0)
(-0.124583 0.0407068 0)
(-0.129021 0.0341729 0)
(-0.132672 0.0272119 0)
(-0.135498 0.0199073 0)
(-0.137468 0.0123443 0)
(-0.13856 0.00461005 0)
(-0.138758 -0.0032065 0)
(-0.138057 -0.0110144 0)
(-0.136457 -0.0187206 0)
(-0.133969 -0.0262304 0)
(-0.130612 -0.0334473 0)
(-0.126413 -0.0402738 0)
(-0.121412 -0.0466117 0)
(-0.115657 -0.0523632 0)
(-0.109207 -0.0574323 0)
(-0.102133 -0.0617259 0)
(-0.0945173 -0.0651555 0)
(-0.0864527 -0.0676397 0)
(-0.0780441 -0.0691061 0)
(-0.069407 -0.0694941 0)
(-0.0606672 -0.0687573 0)
(-0.05196 -0.0668664 0)
(-0.0434286 -0.0638121 0)
(-0.0352228 -0.0596078 0)
(-0.0274973 -0.0542918 0)
(-0.02041 -0.0479298 0)
(-0.0141203 -0.0406165 0)
(-0.00878234 -0.0324765 0)
(-0.00453868 -0.0236641 0)
(-0.00158613 -0.014362 0)
(-0.000232371 -0.00478989 0)
(-0.000259885 0.0059067 0)
(-0.00173786 0.0173143 0)
(-0.00492275 0.0280835 0)
(-0.00945474 0.0380308 0)
(-0.0151032 0.0470142 0)
(-0.0217051 0.0549221 0)
(-0.0290923 0.0616725 0)
(-0.0370973 0.0672115 0)
(-0.0455601 0.0715103 0)
(-0.0543284 0.0745624 0)
(-0.0632581 0.076381 0)
(-0.072214 0.0769956 0)
(-0.08107 0.0764496 0)
(-0.0897098 0.0747975 0)
(-0.0980263 0.072103 0)
(-0.105922 0.0684366 0)
(-0.11331 0.0638746 0)
(-0.120109 0.058497 0)
(-0.126251 0.0523873 0)
(-0.131673 0.0456311 0)
(-0.136321 0.0383164 0)
(-0.140151 0.0305326 0)
(-0.143123 0.0223708 0)
(-0.145208 0.0139239 0)
(-0.146382 0.00528672 0)
(-0.146629 -0.00344404 0)
(-0.145942 -0.0121694 0)
(-0.144321 -0.0207881 0)
(-0.141774 -0.0291966 0)
(-0.138319 -0.0372893 0)
(-0.13398 -0.0449591 0)
(-0.128796 -0.0520974 0)
(-0.122813 -0.0585959 0)
(-0.11609 -0.0643471 0)
(-0.108696 -0.0692464 0)
(-0.100714 -0.0731935 0)
(-0.0922389 -0.0760949 0)
(-0.0833777 -0.0778665 0)
(-0.0742508 -0.0784363 0)
(-0.0649901 -0.0777471 0)
(-0.0557388 -0.0757602 0)
(-0.04665 -0.072458 0)
(-0.0378855 -0.0678473 0)
(-0.0296134 -0.0619618 0)
(-0.0220068 -0.0548644 0)
(-0.0152417 -0.0466496 0)
(-0.00948898 -0.0374437 0)
(-0.00490795 -0.0274049 0)
(-0.00171643 -0.0167218 0)
(-0.000251696 -0.00562189 0)
(-0.000278154 0.00681566 0)
(-0.00185802 0.0198567 0)
(-0.00525928 0.0320721 0)
(-0.0100935 0.0432784 0)
(-0.0161102 0.0533354 0)
(-0.0231311 0.0621354 0)
(-0.0309736 0.0696018 0)
(-0.0394564 0.0756872 0)
(-0.0484071 0.0803707 0)
(-0.057663 0.0836545 0)
(-0.0670711 0.0855611 0)
(-0.076489 0.0861299 0)
(-0.0857853 0.0854144 0)
(-0.0948394 0.0834793 0)
(-0.103542 0.0803983 0)
(-0.111793 0.0762521 0)
(-0.119504 0.0711261 0)
(-0.126596 0.0651099 0)
(-0.132999 0.0582956 0)
(-0.138652 0.0507774 0)
(-0.143502 0.0426511 0)
(-0.147504 0.034014 0)
(-0.15062 0.0249645 0)
(-0.152819 0.015603 0)
(-0.154079 0.00603159 0)
(-0.154382 -0.00364567 0)
(-0.15372 -0.0133221 0)
(-0.152091 -0.0228886 0)
(-0.149502 -0.0322332 0)
(-0.145966 -0.0412413 0)
(-0.141509 -0.0497959 0)
(-0.136163 -0.0577785 0)
(-0.129975 -0.0650695 0)
(-0.122999 -0.0715497 0)
(-0.115305 -0.0771019 0)
(-0.106974 -0.081613 0)
(-0.0981027 -0.0849763 0)
(-0.0888002 -0.0870944 0)
(-0.0791907 -0.087882 0)
(-0.069412 -0.0872696 0)
(-0.0596153 -0.0852068 0)
(-0.0499639 -0.0816657 0)
(-0.0406317 -0.0766446 0)
(-0.0318012 -0.0701708 0)
(-0.0236616 -0.0623032 0)
(-0.0164063 -0.0531345 0)
(-0.0102245 -0.0427925 0)
(-0.00529322 -0.0314392 0)
(-0.00185279 -0.0192696 0)
(-0.000272045 -0.006521 0)
(-0.000296935 0.00778608 0)
(-0.00198091 0.0225685 0)
(-0.00560254 0.036322 0)
(-0.0107436 0.0488624 0)
(-0.0171328 0.0600519 0)
(-0.0245762 0.0697871 0)
(-0.0328756 0.0779979 0)
(-0.0418357 0.0846451 0)
(-0.0512713 0.089717 0)
(-0.0610089 0.0932265 0)
(-0.0708867 0.0952071 0)
(-0.0807553 0.0957099 0)
(-0.090478 0.0948 0)
(-0.0999305 0.0925538 0)
(-0.109001 0.0890563 0)
(-0.117589 0.0843991 0)
(-0.125606 0.078678 0)
(-0.132973 0.0719924 0)
(-0.139621 0.0644436 0)
(-0.14549 0.0561342 0)
(-0.15053 0.0471682 0)
(-0.154694 0.0376502 0)
(-0.157948 0.027686 0)
(-0.16026 0.0173829 0)
(-0.161608 0.00684969 0)
(-0.161974 -0.00380256 0)
(-0.161348 -0.0144602 0)
(-0.159726 -0.0250065 0)
(-0.157113 -0.0353215 0)
(-0.153519 -0.0452821 0)
(-0.148966 -0.0547617 0)
(-0.143485 -0.0636315 0)
(-0.137117 -0.0717604 0)
(-0.129915 -0.0790172 0)
(-0.121945 -0.0852713 0)
(-0.113289 -0.0903957 0)
(-0.104041 -0.094269 0)
(-0.0943126 -0.0967787 0)
(-0.0842316 -0.0978248 0)
(-0.0739412 -0.0973228 0)
(-0.0636001 -0.0952087 0)
(-0.0533821 -0.0914421 0)
(-0.0434737 -0.0860103 0)
(-0.0340725 -0.0789323 0)
(-0.0253847 -0.0702612 0)
(-0.0176226 -0.0600869 0)
(-0.0109949 -0.0485377 0)
(-0.00569794 -0.0357795 0)
(-0.00199657 -0.0220144 0)
(-0.000293662 -0.00749069 0)
(-0.000316365 0.00881959 0)
(-0.00210732 0.0254536 0)
(-0.00595448 0.0408381 0)
(-0.0114084 0.0547881 0)
(-0.0181755 0.067168 0)
(-0.0260455 0.07788 0)
(-0.0348039 0.0868615 0)
(-0.0442402 0.0940829 0)
(-0.0541563 0.099544 0)
(-0.0643677 0.10327 0)
(-0.0747037 0.105308 0)
(-0.085008 0.105721 0)
(-0.0951389 0.10459 0)
(-0.104969 0.102002 0)
(-0.114385 0.0980569 0)
(-0.123287 0.092857 0)
(-0.131586 0.0865099 0)
(-0.139204 0.079125 0)
(-0.146076 0.0708133 0)
(-0.152142 0.0616861 0)
(-0.157355 0.0518552 0)
(-0.16167 0.0414325 0)
(-0.165053 0.0305307 0)
(-0.167475 0.0192633 0)
(-0.168913 0.00774542 0)
(-0.169348 -0.00390572 0)
(-0.168769 -0.01557 0)
(-0.167171 -0.027124 0)
(-0.164554 -0.0384402 0)
(-0.160927 -0.0493873 0)
(-0.156307 -0.0598297 0)
(-0.15072 -0.069628 0)
(-0.144204 -0.07864 0)
(-0.136808 -0.0867215 0)
(-0.128593 -0.0937281 0)
(-0.11964 -0.0995176 0)
(-0.110041 -0.103953 0)
(-0.0999088 -0.106904 0)
(-0.0893727 -0.108254 0)
(-0.078581 -0.107902 0)
(-0.0677001 -0.105766 0)
(-0.0569138 -0.101793 0)
(-0.0464219 -0.0959546 0)
(-0.0364377 -0.0882603 0)
(-0.0271857 -0.0787551 0)
(-0.0188983 -0.0675246 0)
(-0.0118058 -0.0546966 0)
(-0.00612542 -0.0404406 0)
(-0.0021491 -0.0249666 0)
(-0.000316786 -0.00853514 0)
(-0.000336582 0.00991821 0)
(-0.002238 0.0285166 0)
(-0.00631702 0.0456266 0)
(-0.0120909 0.0610616 0)
(-0.0192427 0.0746891 0)
(-0.027544 0.0864174 0)
(-0.0367631 0.0961928 0)
(-0.0466738 0.103998 0)
(-0.0570642 0.109845 0)
(-0.0677387 0.113774 0)
(-0.0785174 0.115847 0)
(-0.0892378 0.116145 0)
(-0.0997537 0.114761 0)
(-0.109935 0.1118 0)
(-0.119669 0.107374 0)
(-0.128854 0.101599 0)
(-0.137404 0.0945953 0)
(-0.145245 0.0864825 0)
(-0.152312 0.0773817 0)
(-0.158551 0.0674129 0)
(-0.163915 0.0566957 0)
(-0.168364 0.0453489 0)
(-0.171865 0.0334913 0)
(-0.17439 0.0212423 0)
(-0.175917 0.00872223 0)
(-0.176427 -0.00394614 0)
(-0.175907 -0.0166372 0)
(-0.174351 -0.0292215 0)
(-0.171754 -0.0415649 0)
(-0.168122 -0.0535286 0)
(-0.163468 -0.0649682 0)
(-0.157812 -0.0757344 0)
(-0.151186 -0.0856734 0)
(-0.143633 -0.0946279 0)
(-0.135213 -0.102439 0)
(-0.125999 -0.108948 0)
(-0.116083 -0.114 0)
(-0.105575 -0.117447 0)
(-0.0946064 -0.119153 0)
(-0.0833296 -0.118996 0)
(-0.0719179 -0.116876 0)
(-0.0605652 -0.112721 0)
(-0.0494846 -0.106487 0)
(-0.0389059 -0.0981692 0)
(-0.0290732 -0.0878028 0)
(-0.0202409 -0.0754672 0)
(-0.0126625 -0.0612885 0)
(-0.00657892 -0.0454396 0)
(-0.00231169 -0.0281383 0)
(-0.000341655 -0.00965918 0)
(-0.000357728 0.0110844 0)
(-0.00237378 0.0317634 0)
(-0.00669217 0.0506949 0)
(-0.0127946 0.0676906 0)
(-0.0203387 0.0826213 0)
(-0.0290765 0.0954025 0)
(-0.0387578 0.105992 0)
(-0.0491394 0.114384 0)
(-0.0599955 0.120609 0)
(-0.0711185 0.124723 0)
(-0.0823201 0.126807 0)
(-0.0934312 0.126958 0)
(-0.104302 0.125287 0)
(-0.114802 0.121917 0)
(-0.124816 0.116975 0)
(-0.134247 0.110592 0)
(-0.143011 0.102901 0)
(-0.151037 0.094033 0)
(-0.158265 0.0841193 0)
(-0.164645 0.0732886 0)
(-0.170133 0.061668 0)
(-0.174694 0.0493827 0)
(-0.178296 0.0365571 0)
(-0.180915 0.0233152 0)
(-0.182529 0.00978217 0)
(-0.183118 -0.00391507 0)
(-0.18267 -0.0176464 0)
(-0.181174 -0.0312773 0)
(-0.178624 -0.0446681 0)
(-0.17502 -0.0576732 0)
(-0.170369 -0.0701402 0)
(-0.164685 -0.0819104 0)
(-0.157995 -0.0928184 0)
(-0.150334 -0.102694 0)
(-0.141755 -0.111362 0)
(-0.132325 -0.118648 0)
(-0.122134 -0.124377 0)
(-0.111287 -0.12838 0)
(-0.0999175 -0.130499 0)
(-0.0881792 -0.13059 0)
(-0.0762518 -0.128531 0)
(-0.0643391 -0.124226 0)
(-0.0526677 -0.117614 0)
(-0.0414848 -0.108672 0)
(-0.0310552 -0.0974226 0)
(-0.0216573 -0.0839357 0)
(-0.0135705 -0.0683349 0)
(-0.00706167 -0.0507952 0)
(-0.00248567 -0.0315432 0)
(-0.000368516 -0.0108684 0)
(-0.000379963 0.0123209 0)
(-0.00251554 0.0352007 0)
(-0.00708213 0.0560517 0)
(-0.0135231 0.0746837 0)
(-0.021468 0.0909712 0)
(-0.0306478 0.104839 0)
(-0.040792 0.116256 0)
(-0.0516394 0.125235 0)
(-0.0629491 0.131824 0)
(-0.0745018 0.136099 0)
(-0.0861003 0.13816 0)
(-0.0975701 0.138127 0)
(-0.108759 0.136132 0)
(-0.119534 0.132314 0)
(-0.129784 0.126819 0)
(-0.139414 0.119794 0)
(-0.148345 0.111385 0)
(-0.156511 0.101737 0)
(-0.163856 0.090989 0)
(-0.170337 0.0792802 0)
(-0.175915 0.0667443 0)
(-0.180558 0.0535122 0)
(-0.184241 0.0397129 0)
(-0.18694 0.0254746 0)
(-0.188635 0.0109255 0)
(-0.189308 -0.00380433 0)
(-0.188944 -0.0185814 0)
(-0.187529 -0.0332675 0)
(-0.185054 -0.0477187 0)
(-0.181515 -0.0617836 0)
(-0.17691 -0.0753029 0)
(-0.171248 -0.0881087 0)
(-0.164546 -0.100025 0)
(-0.156833 -0.110868 0)
(-0.148152 -0.120447 0)
(-0.138564 -0.128569 0)
(-0.128149 -0.135039 0)
(-0.117012 -0.139664 0)
(-0.105282 -0.142261 0)
(-0.0931148 -0.142662 0)
(-0.0806946 -0.140717 0)
(-0.0682346 -0.136305 0)
(-0.0559748 -0.129342 0)
(-0.0441805 -0.119783 0)
(-0.0331388 -0.107633 0)
(-0.0231545 -0.0929525 0)
(-0.014535 -0.0758588 0)
(-0.007577 -0.0565286 0)
(-0.00267243 -0.0351966 0)
(-0.00039763 -0.0121689 0)
(-0.000403477 0.0136312 0)
(-0.00266434 0.0388363 0)
(-0.00748945 0.061707 0)
(-0.0142803 0.0820506 0)
(-0.0226359 0.0997463 0)
(-0.0322633 0.114729 0)
(-0.04287 0.126983 0)
(-0.0541755 0.136541 0)
(-0.0659228 0.143472 0)
(-0.0778805 0.147875 0)
(-0.0898431 0.149875 0)
(-0.101631 0.149616 0)
(-0.11309 0.147251 0)
(-0.124089 0.142943 0)
(-0.13452 0.136856 0)
(-0.144292 0.129153 0)
(-0.153331 0.119997 0)
(-0.16158 0.109544 0)
(-0.16899 0.0979451 0)
(-0.175523 0.0853469 0)
(-0.181148 0.0718897 0)
(-0.18584 0.0577095 0)
(-0.189576 0.0429391 0)
(-0.192337 0.0277091 0)
(-0.194104 0.0121499 0)
(-0.194862 -0.00360671 0)
(-0.194592 -0.0194256 0)
(-0.193281 -0.0351665 0)
(-0.190913 -0.0506822 0)
(-0.187479 -0.0658173 0)
(-0.182971 -0.0804065 0)
(-0.177387 -0.0942741 0)
(-0.170736 -0.107234 0)
(-0.163037 -0.119088 0)
(-0.154322 -0.129632 0)
(-0.144643 -0.138651 0)
(-0.134071 -0.145928 0)
(-0.122704 -0.151248 0)
(-0.110667 -0.154397 0)
(-0.0981136 -0.155178 0)
(-0.0852331 -0.153412 0)
(-0.0722462 -0.148947 0)
(-0.0594064 -0.141669 0)
(-0.0469975 -0.131509 0)
(-0.0353306 -0.118452 0)
(-0.0247388 -0.10254 0)
(-0.0155615 -0.0838851 0)
(-0.00812838 -0.0626625 0)
(-0.00287344 -0.0391154 0)
(-0.000429282 -0.0135677 0)
(-0.0004285 0.0150192 0)
(-0.00282142 0.0426796 0)
(-0.00791718 0.0676727 0)
(-0.0150713 0.0898027 0)
(-0.0238484 0.108955 0)
(-0.0339291 0.125075 0)
(-0.0449966 0.138169 0)
(-0.056749 0.148288 0)
(-0.0689128 0.155529 0)
(-0.081244 0.160019 0)
(-0.0935293 0.161911 0)
(-0.105585 0.161374 0)
(-0.117257 0.15859 0)
(-0.128416 0.153744 0)
(-0.138959 0.147021 0)
(-0.148802 0.138605 0)
(-0.157881 0.128673 0)
(-0.166145 0.117395 0)
(-0.173555 0.104932 0)
(-0.180082 0.0914384 0)
(-0.185703 0.077061 0)
(-0.190398 0.0619398 0)
(-0.194153 0.0462098 0)
(-0.196952 0.0300031 0)
(-0.19878 0.0134504 0)
(-0.199621 -0.00331643 0)
(-0.199457 -0.0201622 0)
(-0.198272 -0.0369463 0)
(-0.196046 -0.0535204 0)
(-0.192762 -0.0697263 0)
(-0.188406 -0.0853944 0)
(-0.182966 -0.100343 0)
(-0.176439 -0.114375 0)
(-0.168831 -0.127282 0)
(-0.160164 -0.138841 0)
(-0.150475 -0.14882 0)
(-0.139826 -0.156977 0)
(-0.128303 -0.163069 0)
(-0.116025 -0.166852 0)
(-0.103143 -0.168096 0)
(-0.0898471 -0.166585 0)
(-0.076364 -0.162133 0)
(-0.0629603 -0.154591 0)
(-0.0499389 -0.143859 0)
(-0.0376364 -0.129895 0)
(-0.026417 -0.112722 0)
(-0.0166556 -0.09244 0)
(-0.00871956 -0.0692219 0)
(-0.00309034 -0.0433185 0)
(-0.000463792 -0.0150726 0)
(-0.000455322 0.0164894 0)
(-0.00298837 0.0467415 0)
(-0.00836911 0.0739624 0)
(-0.0159019 0.0979529 0)
(-0.0251128 0.118605 0)
(-0.0356526 0.13588 0)
(-0.047177 0.149804 0)
(-0.0593614 0.160458 0)
(-0.0719142 0.167967 0)
(-0.0845792 0.172491 0)
(-0.0971354 0.174216 0)
(-0.109397 0.173343 0)
(-0.12121 0.170082 0)
(-0.132452 0.164645 0)
(-0.143025 0.157241 0)
(-0.152856 0.148075 0)
(-0.161891 0.137339 0)
(-0.170088 0.125217 0)
(-0.177422 0.111882 0)
(-0.183872 0.0974943 0)
(-0.189427 0.0822061 0)
(-0.194074 0.0661602 0)
(-0.197806 0.0494928 0)
(-0.200613 0.0323357 0)
(-0.202483 0.0148182 0)
(-0.203403 -0.00292958 0)
(-0.203355 -0.0207746 0)
(-0.202319 -0.0385777 0)
(-0.200271 -0.0561915 0)
(-0.197189 -0.0734572 0)
(-0.193046 -0.0902028 0)
(-0.187823 -0.106241 0)
(-0.181502 -0.121368 0)
(-0.174076 -0.135363 0)
(-0.165551 -0.147987 0)
(-0.155951 -0.158989 0)
(-0.14532 -0.1681 0)
(-0.133734 -0.175048 0)
(-0.121299 -0.179557 0)
(-0.108162 -0.181357 0)
(-0.0945083 -0.180192 0)
(-0.0805719 -0.175835 0)
(-0.0666303 -0.168095 0)
(-0.0530056 -0.156834 0)
(-0.0400613 -0.141977 0)
(-0.0281958 -0.123522 0)
(-0.0178235 -0.101551 0)
(-0.0093547 -0.0762337 0)
(-0.00332496 -0.0478265 0)
(-0.000501532 -0.0166922 0)
(-0.000484319 0.0180476 0)
(-0.0031672 0.051035 0)
(-0.00885001 0.0805922 0)
(-0.0167796 0.106516 0)
(-0.0264383 0.128706 0)
(-0.0374426 0.147143 0)
(-0.0494179 0.161878 0)
(-0.062014 0.173026 0)
(-0.0749207 0.180747 0)
(-0.0878693 0.18524 0)
(-0.100632 0.186728 0)
(-0.113023 0.185448 0)
(-0.124892 0.181645 0)
(-0.136123 0.175558 0)
(-0.146628 0.167426 0)
(-0.156348 0.15747 0)
(-0.165238 0.145905 0)
(-0.173274 0.132926 0)
(-0.180441 0.118716 0)
(-0.186732 0.103443 0)
(-0.192146 0.0872623 0)
(-0.196683 0.0703191 0)
(-0.200342 0.0527485 0)
(-0.20312 0.0346803 0)
(-0.20501 0.0162405 0)
(-0.206001 -0.00244477 0)
(-0.206076 -0.0212466 0)
(-0.205212 -0.04003 0)
(-0.203382 -0.0586506 0)
(-0.200554 -0.0769513 0)
(-0.196694 -0.0947601 0)
(-0.191769 -0.111887 0)
(-0.185749 -0.128121 0)
(-0.178608 -0.143232 0)
(-0.170337 -0.156966 0)
(-0.160938 -0.169051 0)
(-0.150441 -0.179194 0)
(-0.138902 -0.18709 0)
(-0.126414 -0.192425 0)
(-0.113112 -0.194887 0)
(-0.0991787 -0.194175 0)
(-0.0848473 -0.190012 0)
(-0.0704062 -0.182158 0)
(-0.0561966 -0.17043 0)
(-0.04261 -0.154709 0)
(-0.0300822 -0.134961 0)
(-0.0190721 -0.111248 0)
(-0.0100386 -0.0837271 0)
(-0.00357946 -0.0526621 0)
(-0.000542941 -0.0184363 0)
(-0.000515973 0.0197003 0)
(-0.00336047 0.0555758 0)
(-0.00936598 0.0875815 0)
(-0.0177141 0.115509 0)
(-0.0278365 0.139268 0)
(-0.0393105 0.158863 0)
(-0.051727 0.174376 0)
(-0.0647083 0.185961 0)
(-0.0779241 0.193822 0)
(-0.0910938 0.198203 0)
(-0.103985 0.19937 0)
(-0.116413 0.197602 0)
(-0.128233 0.193181 0)
(-0.139341 0.186381 0)
(-0.149663 0.177466 0)
(-0.159152 0.166684 0)
(-0.167782 0.154265 0)
(-0.175545 0.14042 0)
(-0.18244 0.12534 0)
(-0.188476 0.109199 0)
(-0.193664 0.0921562 0)
(-0.198016 0.0743552 0)
(-0.201542 0.0559292 0)
(-0.204247 0.0370038 0)
(-0.206129 0.0176996 0)
(-0.207179 -0.00186361 0)
(-0.207382 -0.0215636 0)
(-0.206713 -0.0412718 0)
(-0.205141 -0.0608497 0)
(-0.202625 -0.0801447 0)
(-0.199123 -0.0989871 0)
(-0.194587 -0.117186 0)
(-0.188972 -0.134529 0)
(-0.182234 -0.150774 0)
(-0.174342 -0.165657 0)
(-0.16528 -0.178884 0)
(-0.155051 -0.190136 0)
(-0.143693 -0.199075 0)
(-0.131278 -0.205348 0)
(-0.117926 -0.208593 0)
(-0.103809 -0.208458 0)
(-0.0891596 -0.204608 0)
(-0.0742731 -0.196747 0)
(-0.0595084 -0.184632 0)
(-0.0452866 -0.168096 0)
(-0.032084 -0.147061 0)
(-0.020409 -0.121559 0)
(-0.0107768 -0.0917338 0)
(-0.00385641 -0.0578508 0)
(-0.000588553 -0.0203157 0)
(-0.000550921 0.0214558 0)
(-0.00357152 0.0603829 0)
(-0.00992484 0.0949534 0)
(-0.0187172 0.124952 0)
(-0.0293217 0.150303 0)
(-0.04127 0.171037 0)
(-0.054114 0.187277 0)
(-0.0674456 0.199223 0)
(-0.0809138 0.207132 0)
(-0.0942268 0.211301 0)
(-0.10715 0.212046 0)
(-0.119502 0.209696 0)
(-0.131149 0.204572 0)
(-0.142002 0.196987 0)
(-0.152003 0.187236 0)
(-0.161124 0.175589 0)
(-0.16936 0.162297 0)
(-0.176719 0.147582 0)
(-0.183221 0.131646 0)
(-0.188891 0.114666 0)
(-0.193755 0.0968027 0)
(-0.19784 0.0781972 0)
(-0.201164 0.0589787 0)
(-0.203743 0.0392661 0)
(-0.205581 0.0191725 0)
(-0.206674 -0.00119139 0)
(-0.207007 -0.0217125 0)
(-0.206554 -0.0422716 0)
(-0.20528 -0.0627386 0)
(-0.203138 -0.0829688 0)
(-0.200074 -0.102798 0)
(-0.196026 -0.122038 0)
(-0.190932 -0.140474 0)
(-0.184728 -0.157861 0)
(-0.177361 -0.17392 0)
(-0.168787 -0.188342 0)
(-0.158985 -0.200781 0)
(-0.147965 -0.210863 0)
(-0.135775 -0.218193 0)
(-0.122513 -0.222357 0)
(-0.108335 -0.222942 0)
(-0.0934681 -0.219549 0)
(-0.0782096 -0.211811 0)
(-0.0629348 -0.199418 0)
(-0.0480947 -0.182138 0)
(-0.0342095 -0.159841 0)
(-0.0218434 -0.132516 0)
(-0.011576 -0.100288 0)
(-0.00415895 -0.0634209 0)
(-0.000639029 -0.0223429 0)
(-0.000589996 0.0233243 0)
(-0.00380467 0.0654798 0)
(-0.0105366 0.102736 0)
(-0.0198044 0.13487 0)
(-0.030912 0.161822 0)
(-0.0433381 0.183659 0)
(-0.0565901 0.200552 0)
(-0.0702265 0.212761 0)
(-0.0838754 0.220603 0)
(-0.0972354 0.224438 0)
(-0.110072 0.224644 0)
(-0.122213 0.221601 0)
(-0.133539 0.21568 0)
(-0.14398 0.207233 0)
(-0.1535 0.196587 0)
(-0.162094 0.18404 0)
(-0.16978 0.169859 0)
(-0.176589 0.15428 0)
(-0.18256 0.137511 0)
(-0.187739 0.119733 0)
(-0.192169 0.101104 0)
(-0.195889 0.0817634 0)
(-0.198934 0.0618318 0)
(-0.201326 0.0414199 0)
(-0.203078 0.0206303 0)
(-0.204192 -0.00043758 0)
(-0.204654 -0.0216828 0)
(-0.204437 -0.0429982 0)
(-0.203503 -0.0642657 0)
(-0.201797 -0.0853511 0)
(-0.199255 -0.106099 0)
(-0.195801 -0.126328 0)
(-0.191355 -0.145826 0)
(-0.185831 -0.164345 0)
(-0.179149 -0.181598 0)
(-0.171238 -0.197259 0)
(-0.162046 -0.210957 0)
(-0.15155 -0.222285 0)
(-0.139766 -0.2308 0)
(-0.126763 -0.236033 0)
(-0.112678 -0.237503 0)
(-0.0977202 -0.234735 0)
(-0.0821868 -0.227281 0)
(-0.0664657 -0.214749 0)
(-0.0510371 -0.196827 0)
(-0.0364685 -0.173315 0)
(-0.0233864 -0.144151 0)
(-0.0124446 -0.109428 0)
(-0.00449101 -0.0694043 0)
(-0.000695205 -0.0245322 0)
(-0.000634303 0.0253185 0)
(-0.00406559 0.0708955 0)
(-0.0112144 0.110963 0)
(-0.0209953 0.14529 0)
(-0.0326302 0.173839 0)
(-0.0455355 0.196719 0)
(-0.0591679 0.214166 0)
(-0.0730499 0.226508 0)
(-0.0867888 0.234141 0)
(-0.100076 0.237497 0)
(-0.112683 0.237023 0)
(-0.12445 0.233162 0)
(-0.135279 0.226338 0)
(-0.145125 0.216947 0)
(-0.153979 0.205349 0)
(-0.161864 0.191869 0)
(-0.168824 0.17679 0)
(-0.174915 0.160361 0)
(-0.180202 0.142795 0)
(-0.18475 0.124274 0)
(-0.188622 0.104952 0)
(-0.191873 0.0849616 0)
(-0.19455 0.0644146 0)
(-0.196687 0.0434102 0)
(-0.198306 0.0220381 0)
(-0.199412 0.000383684 0)
(-0.199997 -0.0214671 0)
(-0.200033 -0.0434222 0)
(-0.199478 -0.0653787 0)
(-0.198272 -0.0872166 0)
(-0.19634 -0.108793 0)
(-0.193592 -0.129937 0)
(-0.189929 -0.150443 0)
(-0.185244 -0.170065 0)
(-0.179426 -0.188512 0)
(-0.172374 -0.205444 0)
(-0.164 -0.220469 0)
(-0.154242 -0.233143 0)
(-0.143078 -0.242978 0)
(-0.130541 -0.249444 0)
(-0.116735 -0.251986 0)
(-0.101847 -0.250041 0)
(-0.0861661 -0.243067 0)
(-0.0700862 -0.23057 0)
(-0.0541159 -0.212142 0)
(-0.0388722 -0.187494 0)
(-0.0250513 -0.156496 0)
(-0.013393 -0.119195 0)
(-0.00485757 -0.0758375 0)
(-0.000758153 -0.0269 0)
(-0.000685313 0.0274546 0)
(-0.00436165 0.0766662 0)
(-0.0119747 0.119677 0)
(-0.0223144 0.156246 0)
(-0.0345042 0.186365 0)
(-0.0478864 0.210201 0)
(-0.0618607 0.228068 0)
(-0.0759108 0.240382 0)
(-0.0896248 0.247629 0)
(-0.102692 0.250331 0)
(-0.114893 0.249016 0)
(-0.126091 0.244196 0)
(-0.136217 0.236354 0)
(-0.145255 0.225931 0)
(-0.15323 0.213325 0)
(-0.160199 0.198884 0)
(-0.166235 0.182909 0)
(-0.171424 0.165657 0)
(-0.175858 0.147345 0)
(-0.179623 0.128152 0)
(-0.182802 0.108226 0)
(-0.185467 0.0876904 0)
(-0.187681 0.0666451 0)
(-0.189487 0.0451752 0)
(-0.190918 0.0233551 0)
(-0.191984 0.00125325 0)
(-0.192681 -0.021062 0)
(-0.192983 -0.0435168 0)
(-0.192844 -0.0660265 0)
(-0.192201 -0.088489 0)
(-0.190967 -0.110778 0)
(-0.189042 -0.132738 0)
(-0.186305 -0.154174 0)
(-0.182627 -0.174847 0)
(-0.177868 -0.194466 0)
(-0.171892 -0.212684 0)
(-0.16457 -0.229089 0)
(-0.155797 -0.243207 0)
(-0.145503 -0.2545 0)
(-0.133677 -0.262376 0)
(-0.120378 -0.266197 0)
(-0.105762 -0.265305 0)
(-0.0900955 -0.259044 0)
(-0.0737748 -0.246802 0)
(-0.0573316 -0.228048 0)
(-0.0414337 -0.202383 0)
(-0.0268549 -0.169583 0)
(-0.0144343 -0.129635 0)
(-0.00526508 -0.0827626 0)
(-0.000829279 -0.0294659 0)
(-0.000744996 0.0297529 0)
(-0.0047026 0.0828375 0)
(-0.0128394 0.128929 0)
(-0.0237932 0.167777 0)
(-0.036568 0.199413 0)
(-0.050419 0.224081 0)
(-0.0646809 0.242191 0)
(-0.0787973 0.254272 0)
(-0.0923403 0.260921 0)
(-0.105003 0.262764 0)
(-0.116587 0.260421 0)
(-0.126985 0.254484 0)
(-0.136164 0.2455 0)
(-0.144148 0.233958 0)
(-0.151004 0.220291 0)
(-0.156823 0.204871 0)
(-0.161717 0.188014 0)
(-0.165803 0.169983 0)
(-0.169199 0.150992 0)
(-0.172016 0.131217 0)
(-0.174359 0.110796 0)
(-0.176316 0.0898398 0)
(-0.177964 0.0684339 0)
(-0.179359 0.0466468 0)
(-0.180541 0.0245347 0)
(-0.181529 0.00214686 0)
(-0.182323 -0.0204686 0)
(-0.182898 -0.0432588 0)
(-0.18321 -0.0661606 0)
(-0.183188 -0.0890932 0)
(-0.18274 -0.111952 0)
(-0.181753 -0.134599 0)
(-0.180089 -0.156857 0)
(-0.177596 -0.178501 0)
(-0.174104 -0.199246 0)
(-0.16944 -0.218741 0)
(-0.163431 -0.236563 0)
(-0.155921 -0.252209 0)
(-0.146788 -0.265097 0)
(-0.13596 -0.274569 0)
(-0.123444 -0.279901 0)
(-0.109348 -0.280324 0)
(-0.0939056 -0.275055 0)
(-0.0775005 -0.263336 0)
(-0.0606819 -0.24449 0)
(-0.0441682 -0.217975 0)
(-0.0288181 -0.183444 0)
(-0.0155856 -0.140801 0)
(-0.00572196 -0.0902291 0)
(-0.000910449 -0.0322534 0)
(-0.000816024 0.0322397 0)
(-0.00510129 0.0894669 0)
(-0.0138362 0.138783 0)
(-0.0254709 0.17993 0)
(-0.038863 0.212994 0)
(-0.0531641 0.23832 0)
(-0.0676368 0.256447 0)
(-0.081685 0.268041 0)
(-0.0948708 0.273834 0)
(-0.106902 0.274576 0)
(-0.117611 0.270996 0)
(-0.126933 0.263771 0)
(-0.134882 0.253515 0)
(-0.141533 0.240768 0)
(-0.146997 0.225998 0)
(-0.151412 0.209595 0)
(-0.154926 0.191887 0)
(-0.157692 0.173137 0)
(-0.159855 0.153557 0)
(-0.161553 0.133311 0)
(-0.16291 0.112525 0)
(-0.164031 0.0912944 0)
(-0.165007 0.0696869 0)
(-0.165905 0.047752 0)
(-0.166776 0.0255255 0)
(-0.167644 0.00303532 0)
(-0.168514 -0.019693 0)
(-0.169366 -0.0426302 0)
(-0.170154 -0.065737 0)
(-0.170807 -0.0889578 0)
(-0.171228 -0.112212 0)
(-0.171292 -0.135388 0)
(-0.170848 -0.15833 0)
(-0.16972 -0.180831 0)
(-0.167712 -0.202621 0)
(-0.164611 -0.223356 0)
(-0.160199 -0.242606 0)
(-0.154265 -0.259848 0)
(-0.146621 -0.274459 0)
(-0.13713 -0.285718 0)
(-0.125728 -0.292809 0)
(-0.112457 -0.294844 0)
(-0.0975021 -0.290893 0)
(-0.0812184 -0.280028 0)
(-0.0641601 -0.261389 0)
(-0.047093 -0.234251 0)
(-0.0309669 -0.198111 0)
(-0.016869 -0.15275 0)
(-0.00623942 -0.0982959 0)
(-0.00100419 -0.0352908 0)
(-0.000902058 0.0349491 0)
(-0.0055749 0.0966276 0)
(-0.0150017 0.149318 0)
(-0.0273969 0.192756 0)
(-0.0414375 0.22711 0)
(-0.0561532 0.252862 0)
(-0.0707277 0.270713 0)
(-0.0845286 0.281505 0)
(-0.097119 0.286136 0)
(-0.108236 0.285501 0)
(-0.117758 0.280449 0)
(-0.125679 0.271753 0)
(-0.132073 0.260097 0)
(-0.137074 0.24607 0)
(-0.140847 0.230167 0)
(-0.143579 0.212798 0)
(-0.145461 0.194292 0)
(-0.146679 0.17491 0)
(-0.14741 0.154852 0)
(-0.147814 0.13427 0)
(-0.148033 0.113273 0)
(-0.148191 0.0919362 0)
(-0.148389 0.0703075 0)
(-0.148706 0.0484153 0)
(-0.1492 0.026273 0)
(-0.149902 0.00388512 0)
(-0.150824 -0.0187468 0)
(-0.151948 -0.041619 0)
(-0.153232 -0.0647189 0)
(-0.154606 -0.0880183 0)
(-0.155968 -0.111466 0)
(-0.157189 -0.134978 0)
(-0.158105 -0.158428 0)
(-0.158521 -0.181635 0)
(-0.158216 -0.204353 0)
(-0.15694 -0.226252 0)
(-0.154428 -0.246907 0)
(-0.150409 -0.265784 0)
(-0.144627 -0.282229 0)
(-0.136862 -0.29546 0)
(-0.126964 -0.304572 0)
(-0.114892 -0.308549 0)
(-0.100757 -0.306294 0)
(-0.0848626 -0.296681 0)
(-0.0677515 -0.278625 0)
(-0.0502269 -0.251174 0)
(-0.0333342 -0.21361 0)
(-0.0183135 -0.165551 0)
(-0.00683256 -0.107034 0)
(-0.00111397 -0.0386136 0)
(-0.0010082 0.0379256 0)
(-0.00614659 0.104413 0)
(-0.016383 0.16063 0)
(-0.0296323 0.206314 0)
(-0.0443471 0.241755 0)
(-0.0594142 0.267618 0)
(-0.0739346 0.284823 0)
(-0.0872489 0.29443 0)
(-0.0989387 0.297538 0)
(-0.10879 0.295212 0)
(-0.116752 0.288435 0)
(-0.122891 0.278082 0)
(-0.127358 0.264905 0)
(-0.130355 0.249538 0)
(-0.132112 0.2325 0)
(-0.132867 0.214207 0)
(-0.132854 0.194985 0)
(-0.132295 0.175084 0)
(-0.131394 0.15469 0)
(-0.130333 0.133933 0)
(-0.129271 0.112902 0)
(-0.128344 0.0916497 0)
(-0.127664 0.0702013 0)
(-0.127318 0.0485619 0)
(-0.12737 0.0267212 0)
(-0.127861 0.00465946 0)
(-0.128805 -0.0176472 0)
(-0.130191 -0.0402214 0)
(-0.131982 -0.0630787 0)
(-0.134108 -0.0862209 0)
(-0.136472 -0.109628 0)
(-0.13894 -0.13325 0)
(-0.141342 -0.156996 0)
(-0.143471 -0.180717 0)
(-0.145082 -0.2042 0)
(-0.145894 -0.227141 0)
(-0.145597 -0.249133 0)
(-0.143859 -0.269645 0)
(-0.140346 -0.288003 0)
(-0.134749 -0.303377 0)
(-0.126814 -0.314776 0)
(-0.116393 -0.32105 0)
(-0.103492 -0.320922 0)
(-0.088336 -0.313035 0)
(-0.0714271 -0.296035 0)
(-0.0535888 -0.268676 0)
(-0.0359609 -0.229961 0)
(-0.0199576 -0.17928 0)
(-0.00752204 -0.116531 0)
(-0.00124469 -0.0422665 0)
(-0.00114173 0.0412279 0)
(-0.00684804 0.112943 0)
(-0.0180424 0.172834 0)
(-0.0322528 0.220665 0)
(-0.0476522 0.256898 0)
(-0.0629631 0.282457 0)
(-0.0772059 0.298547 0)
(-0.0897125 0.306506 0)
(-0.10011 0.307673 0)
(-0.108264 0.30331 0)
(-0.114216 0.294545 0)
(-0.118133 0.282354 0)
(-0.120255 0.267557 0)
(-0.120865 0.25082 0)
(-0.120261 0.232676 0)
(-0.118735 0.213537 0)
(-0.116566 0.193718 0)
(-0.114007 0.173448 0)
(-0.111285 0.152888 0)
(-0.108602 0.132146 0)
(-0.106127 0.111284 0)
(-0.104007 0.0903283 0)
(-0.10236 0.0692809 0)
(-0.101279 0.0481217 0)
(-0.100832 0.0268162 0)
(-0.101067 0.00531995 0)
(-0.102002 -0.0164162 0)
(-0.103632 -0.0384419 0)
(-0.105927 -0.0608011 0)
(-0.108824 -0.0835268 0)
(-0.11223 -0.106633 0)
(-0.116014 -0.130106 0)
(-0.120006 -0.153895 0)
(-0.123994 -0.177893 0)
(-0.127718 -0.201926 0)
(-0.130871 -0.225733 0)
(-0.133102 -0.248938 0)
(-0.134022 -0.27103 0)
(-0.13322 -0.291334 0)
(-0.130284 -0.308987 0)
(-0.124842 -0.322924 0)
(-0.11661 -0.331868 0)
(-0.105459 -0.334349 0)
(-0.0914934 -0.328747 0)
(-0.0751335 -0.313384 0)
(-0.0571934 -0.286648 0)
(-0.0388973 -0.247173 0)
(-0.0218522 -0.194026 0)
(-0.00833653 -0.126895 0)
(-0.00140338 -0.0463072 0)
(-0.00131327 0.0449346 0)
(-0.00772331 0.122372 0)
(-0.0200615 0.186074 0)
(-0.0353497 0.235864 0)
(-0.0514123 0.272472 0)
(-0.066789 0.297179 0)
(-0.0804333 0.31157 0)
(-0.0917009 0.317329 0)
(-0.100305 0.316083 0)
(-0.106229 0.309311 0)
(-0.109642 0.298297 0)
(-0.110833 0.284114 0)
(-0.110151 0.267632 0)
(-0.107967 0.24954 0)
(-0.104649 0.230367 0)
(-0.100546 0.210508 0)
(-0.095972 0.190254 0)
(-0.0912093 0.169802 0)
(-0.0865034 0.149284 0)
(-0.0820651 0.128774 0)
(-0.0780726 0.108307 0)
(-0.0746742 0.0878818 0)
(-0.0719906 0.0674724 0)
(-0.0701171 0.0470345 0)
(-0.0691251 0.0265094 0)
(-0.069063 0.00582885 0)
(-0.0699564 -0.0150809 0)
(-0.0718071 -0.0362951 0)
(-0.0745911 -0.0578859 0)
(-0.0782565 -0.079917 0)
(-0.0827193 -0.102437 0)
(-0.087859 -0.125472 0)
(-0.0935133 -0.149013 0)
(-0.0994719 -0.173003 0)
(-0.105472 -0.19732 0)
(-0.111191 -0.221752 0)
(-0.116247 -0.245976 0)
(-0.120203 -0.269521 0)
(-0.122569 -0.291735 0)
(-0.122831 -0.311748 0)
(-0.120482 -0.328443 0)
(-0.115077 -0.340427 0)
(-0.106311 -0.346034 0)
(-0.0941156 -0.343361 0)
(-0.0787751 -0.330346 0)
(-0.061044 -0.304921 0)
(-0.0422034 -0.265229 0)
(-0.0240658 -0.209887 0)
(-0.00931665 -0.138264 0)
(-0.00160045 -0.0508117 0)
(-0.00153887 0.0491526 0)
(-0.00883491 0.1329 0)
(-0.0225483 0.200513 0)
(-0.0390303 0.25195 0)
(-0.0556742 0.288344 0)
(-0.0708284 0.311484 0)
(-0.0834135 0.323454 0)
(-0.0928639 0.326369 0)
(-0.0990366 0.322191 0)
(-0.102084 0.312637 0)
(-0.102343 0.29914 0)
(-0.100249 0.282855 0)
(-0.0962714 0.264684 0)
(-0.0908782 0.245314 0)
(-0.0845064 0.225251 0)
(-0.0775505 0.204856 0)
(-0.0703576 0.184379 0)
(-0.063227 0.163978 0)
(-0.0564126 0.143743 0)
(-0.0501275 0.123715 0)
(-0.0445485 0.103892 0)
(-0.0398205 0.0842462 0)
(-0.0360604 0.0647239 0)
(-0.0333606 0.0452565 0)
(-0.0317916 0.0257626 0)
(-0.0314029 0.00615191 0)
(-0.0322237 -0.0136715 0)
(-0.0342628 -0.0338063 0)
(-0.0375061 -0.0543506 0)
(-0.0419144 -0.0753972 0)
(-0.0474188 -0.0970289 0)
(-0.0539152 -0.11931 0)
(-0.0612576 -0.142279 0)
(-0.0692503 -0.165931 0)
(-0.0776388 -0.190204 0)
(-0.0861012 -0.214952 0)
(-0.0942408 -0.23992 0)
(-0.101582 -0.264701 0)
(-0.107572 -0.288697 0)
(-0.111594 -0.311065 0)
(-0.113001 -0.330668 0)
(-0.111162 -0.34603 0)
(-0.105552 -0.355302 0)
(-0.0958693 -0.356279 0)
(-0.0821848 -0.346465 0)
(-0.0651163 -0.323229 0)
(-0.0459467 -0.284071 0)
(-0.0266896 -0.226972 0)
(-0.010521 -0.150812 0)
(-0.00185182 -0.0558825 0)
(-0.00184371 0.05403 0)
(-0.0102735 0.144786 0)
(-0.0256452 0.216338 0)
(-0.043413 0.268915 0)
(-0.060446 0.304275 0)
(-0.0749182 0.324921 0)
(-0.0857865 0.333595 0)
(-0.0926496 0.332938 0)
(-0.095589 0.325289 0)
(-0.0949893 0.312605 0)
(-0.0913955 0.29645 0)
(-0.0854132 0.278033 0)
(-0.0776433 0.258254 0)
(-0.0686445 0.237769 0)
(-0.0589142 0.217035 0)
(-0.0488828 0.196357 0)
(-0.0389142 0.175928 0)
(-0.0293118 0.155855 0)
(-0.0203253 0.136183 0)
(-0.0121586 0.11691 0)
(-0.00497715 0.0980003 0)
(0.00108589 0.079394 0)
(0.00592395 0.0610131 0)
(0.00945283 0.0427665 0)
(0.0116075 0.0245524 0)
(0.01234 0.0062618 0)
(0.0116187 -0.0122201 0)
(0.00942833 -0.0310116 0)
(0.00577159 -0.050233 0)
(0.000672206 -0.0700029 0)
(-0.00582078 -0.0904348 0)
(-0.0136269 -0.111631 0)
(-0.0226263 -0.133675 0)
(-0.0326501 -0.156618 0)
(-0.0434685 -0.180464 0)
(-0.0547778 -0.205145 0)
(-0.0661873 -0.230489 0)
(-0.0772066 -0.256181 0)
(-0.0872387 -0.281711 0)
(-0.0955815 -0.306307 0)
(-0.101447 -0.328861 0)
(-0.104007 -0.34786 0)
(-0.102476 -0.361313 0)
(-0.0962457 -0.366719 0)
(-0.0850742 -0.361105 0)
(-0.0693286 -0.341166 0)
(-0.0501938 -0.303565 0)
(-0.0298449 -0.24539 0)
(-0.0120359 -0.164767 0)
(-0.0021828 -0.0616616 0)
(-0.00226894 0.0597771 0)
(-0.0121738 0.15837 0)
(-0.0295379 0.233744 0)
(-0.0486103 0.28666 0)
(-0.0656473 0.319849 0)
(-0.0787171 0.33682 0)
(-0.0869377 0.341166 0)
(-0.0902012 0.33615 0)
(-0.0889183 0.324511 0)
(-0.0837771 0.308427 0)
(-0.0755703 0.28955 0)
(-0.0650878 0.269091 0)
(-0.0530567 0.247907 0)
(-0.0401139 0.226579 0)
(-0.026798 0.205485 0)
(-0.0135538 0.184854 0)
(-0.000742153 0.164807 0)
(0.0113479 0.145388 0)
(0.0224868 0.12659 0)
(0.0324934 0.108367 0)
(0.0412251 0.0906485 0)
(0.0485694 0.0733459 0)
(0.0544376 0.0563579 0)
(0.0587596 0.0395739 0)
(0.0614798 0.0228764 0)
(0.0625551 0.00614183 0)
(0.0619533 -0.0107586 0)
(0.0596531 -0.0279579 0)
(0.0556456 -0.0455931 0)
(0.0499363 -0.0638033 0)
(0.0425503 -0.082728 0)
(0.0335379 -0.102503 0)
(0.0229832 -0.123253 0)
(0.0110151 -0.145085 0)
(-0.00217837 -0.168072 0)
(-0.016334 -0.192228 0)
(-0.0310935 -0.217483 0)
(-0.0459829 -0.243639 0)
(-0.0603929 -0.270309 0)
(-0.0735658 -0.29684 0)
(-0.0845959 -0.322224 0)
(-0.0924578 -0.344979 0)
(-0.0960769 -0.363041 0)
(-0.0944661 -0.373663 0)
(-0.0869509 -0.373381 0)
(-0.0734854 -0.358111 0)
(-0.0549885 -0.323447 0)
(-0.0336895 -0.265231 0)
(-0.0139912 -0.180419 0)
(-0.00263515 -0.0683516 0)
(-0.00288451 0.0667016 0)
(-0.0147396 0.174085 0)
(-0.0344604 0.252895 0)
(-0.0546852 0.304908 0)
(-0.071012 0.334368 0)
(-0.0815688 0.346195 0)
(-0.0858452 0.345047 0)
(-0.0842075 0.334886 0)
(-0.0775218 0.318837 0)
(-0.066849 0.299234 0)
(-0.053254 0.277744 0)
(-0.0377055 0.255507 0)
(-0.0210341 0.233272 0)
(-0.00392404 0.211505 0)
(0.0130773 0.190471 0)
(0.0295408 0.170299 0)
(0.0451358 0.151026 0)
(0.05961 0.132627 0)
(0.0727731 0.115039 0)
(0.0844815 0.0981729 0)
(0.0946271 0.0819256 0)
(0.103128 0.0661828 0)
(0.109919 0.0508244 0)
(0.114951 0.0357258 0)
(0.118182 0.0207583 0)
(0.119577 0.0057897 0)
(0.119105 -0.00931672 0)
(0.11674 -0.0247025 0)
(0.112461 -0.0405147 0)
(0.106254 -0.0569061 0)
(0.0981177 -0.0740346 0)
(0.0880665 -0.092062 0)
(0.0761406 -0.11115 0)
(0.0624167 -0.131454 0)
(0.0470231 -0.153111 0)
(0.0301592 -0.176223 0)
(0.0121197 -0.200831 0)
(-0.00667619 -0.226871 0)
(-0.0256529 -0.254113 0)
(-0.0440459 -0.282084 0)
(-0.0608783 -0.309944 0)
(-0.0749582 -0.336349 0)
(-0.0849199 -0.35927 0)
(-0.0893415 -0.375812 0)
(-0.0869825 -0.382071 0)
(-0.0771724 -0.373116 0)
(-0.0602991 -0.343226 0)
(-0.0384177 -0.28652 0)
(-0.0165852 -0.198142 0)
(-0.00328049 -0.0762508 0)
(-0.00381326 0.075269 0)
(-0.0182819 0.192482 0)
(-0.0406805 0.273844 0)
(-0.0615461 0.323048 0)
(-0.075902 0.346693 0)
(-0.0822723 0.351615 0)
(-0.0808451 0.343753 0)
(-0.0726939 0.327779 0)
(-0.0592695 0.307116 0)
(-0.0420514 0.284131 0)
(-0.0223675 0.260387 0)
(-0.0013267 0.236858 0)
(0.0201879 0.214117 0)
(0.0414967 0.192463 0)
(0.0620907 0.172018 0)
(0.0815965 0.152795 0)
(0.0997458 0.134738 0)
(0.116349 0.117752 0)
(0.131274 0.10172 0)
(0.14443 0.0865149 0)
(0.155755 0.0720045 0)
(0.165205 0.0580558 0)
(0.172746 0.044536 0)
(0.178353 0.0313124 0)
(0.182002 0.0182523 0)
(0.183667 0.00522082 0)
(0.183323 -0.0079197 0)
(0.180939 -0.0213121 0)
(0.176483 -0.0351059 0)
(0.169924 -0.049459 0)
(0.161229 -0.064539 0)
(0.150376 -0.0805239 0)
(0.137355 -0.0976012 0)
(0.122181 -0.115965 0)
(0.104906 -0.13581 0)
(0.0856431 -0.157318 0)
(0.064592 -0.18064 0)
(0.0420719 -0.205855 0)
(0.0185679 -0.232922 0)
(-0.00521883 -0.261591 0)
(-0.0283169 -0.29128 0)
(-0.0494409 -0.320897 0)
(-0.0669808 -0.348607 0)
(-0.0790663 -0.371546 0)
(-0.083776 -0.385512 0)
(-0.0795638 -0.384755 0)
(-0.0658993 -0.362017 0)
(-0.0442364 -0.309112 0)
(-0.0201213 -0.218399 0)
(-0.00424507 -0.0858144 0)
(-0.00527451 0.0862079 0)
(-0.0232683 0.214213 0)
(-0.0484246 0.296337 0)
(-0.0687098 0.339875 0)
(-0.0789596 0.355006 0)
(-0.078702 0.351063 0)
(-0.0692844 0.335388 0)
(-0.0527432 0.313245 0)
(-0.0312043 0.288147 0)
(-0.00655018 0.2623 0)
(0.019698 0.236998 0)
(0.0463797 0.212939 0)
(0.0726459 0.190442 0)
(0.0978968 0.169599 0)
(0.121722 0.150371 0)
(0.143852 0.132645 0)
(0.164114 0.116275 0)
(0.182408 0.101101 0)
(0.198678 0.08696 0)
(0.212897 0.0736947 0)
(0.225058 0.0611542 0)
(0.23516 0.0491945 0)
(0.243206 0.0376781 0)
(0.249198 0.026472 0)
(0.25313 0.0154461 0)
(0.254991 0.00447046 0)
(0.254758 -0.00658661 0)
(0.252402 -0.0178616 0)
(0.247881 -0.0294985 0)
(0.241144 -0.0416511 0)
(0.232134 -0.0544865 0)
(0.220788 -0.068187 0)
(0.207045 -0.0829527 0)
(0.190852 -0.099002 0)
(0.172177 -0.11657 0)
(0.151027 -0.135905 0)
(0.127478 -0.157253 0)
(0.101704 -0.180835 0)
(0.0740364 -0.206805 0)
(0.0450257 -0.235173 0)
(0.0155274 -0.265685 0)
(-0.0132059 -0.297633 0)
(-0.0394401 -0.329573 0)
(-0.0609297 -0.35893 0)
(-0.0750296 -0.381496 0)
(-0.0790756 -0.390901 0)
(-0.0711126 -0.378275 0)
(-0.0512709 -0.332486 0)
(-0.0250516 -0.241712 0)
(-0.00575393 -0.0977611 0)
(-0.0076544 0.100683 0)
(-0.030355 0.23992 0)
(-0.0576314 0.319433 0)
(-0.0747827 0.353155 0)
(-0.0774705 0.356503 0)
(-0.0672013 0.341804 0)
(-0.0470323 0.317672 0)
(-0.020154 0.28961 0)
(0.0106619 0.260865 0)
(0.0432631 0.233193 0)
(0.0760968 0.207436 0)
(0.108101 0.1839 0)
(0.138585 0.162596 0)
(0.167123 0.143386 0)
(0.193471 0.126065 0)
(0.217509 0.110406 0)
(0.239195 0.0961852 0)
(0.258534 0.0831924 0)
(0.27556 0.0712351 0)
(0.290318 0.0601387 0)
(0.302859 0.049745 0)
(0.313229 0.0399099 0)
(0.321466 0.0305002 0)
(0.327598 0.0213907 0)
(0.331641 0.0124614 0)
(0.333595 0.00359417 0)
(0.333447 -0.00532977 0)
(0.331165 -0.0144334 0)
(0.326702 -0.023847 0)
(0.319994 -0.0337116 0)
(0.310958 -0.0441828 0)
(0.299497 -0.0554347 0)
(0.285502 -0.0676645 0)
(0.268852 -0.0810963 0)
(0.249431 -0.0959849 0)
(0.227131 -0.112618 0)
(0.201881 -0.131312 0)
(0.173678 -0.152405 0)
(0.142638 -0.176228 0)
(0.109066 -0.203056 0)
(0.0735665 -0.233006 0)
(0.0371777 -0.265864 0)
(0.00154037 -0.300786 0)
(-0.0309364 -0.335825 0)
(-0.0570037 -0.367222 0)
(-0.0727593 -0.38848 0)
(-0.0742782 -0.389363 0)
(-0.059284 -0.355325 0)
(-0.0319916 -0.268524 0)
(-0.00819914 -0.113242 0)
(-0.0115741 0.120523 0)
(-0.0402531 0.269849 0)
(-0.0672413 0.340745 0)
(-0.0763672 0.358994 0)
(-0.0662428 0.347103 0)
(-0.0416696 0.320412 0)
(-0.00785717 0.288177 0)
(0.0309109 0.255446 0)
(0.0714898 0.224672 0)
(0.111771 0.196835 0)
(0.150443 0.172147 0)
(0.186754 0.150448 0)
(0.220317 0.131424 0)
(0.250978 0.11472 0)
(0.278722 0.0999918 0)
(0.303615 0.0869286 0)
(0.325762 0.075257 0)
(0.345285 0.0647417 0)
(0.362309 0.0551805 0)
(0.376949 0.0463995 0)
(0.38931 0.0382475 0)
(0.399481 0.0305914 0)
(0.407531 0.0233118 0)
(0.413514 0.0162992 0)
(0.417462 0.00945041 0)
(0.419389 0.00266543 0)
(0.419287 -0.00415584 0)
(0.417128 -0.0111167 0)
(0.412861 -0.018327 0)
(0.406412 -0.0259069 0)
(0.397682 -0.0339908 0)
(0.386547 -0.0427324 0)
(0.372858 -0.0523102 0)
(0.356439 -0.0629337 0)
(0.337094 -0.0748514 0)
(0.314608 -0.0883579 0)
(0.288763 -0.103802 0)
(0.259359 -0.12159 0)
(0.226256 -0.142185 0)
(0.189437 -0.166083 0)
(0.149115 -0.19376 0)
(0.105894 -0.22554 0)
(0.061008 -0.261345 0)
(0.0166348 -0.300211 0)
(-0.0237727 -0.339449 0)
(-0.0552835 -0.373291 0)
(-0.0716706 -0.390993 0)
(-0.0669124 -0.374742 0)
(-0.0415363 -0.298749 0)
(-0.0121936 -0.134045 0)
(-0.0177485 0.14855 0)
(-0.0528821 0.30281 0)
(-0.0732995 0.355066 0)
(-0.0658498 0.351045 0)
(-0.0357681 0.321364 0)
(0.00765748 0.283172 0)
(0.0572145 0.244934 0)
(0.108135 0.210188 0)
(0.157552 0.179982 0)
(0.203924 0.154245 0)
(0.246547 0.132471 0)
(0.285207 0.114049 0)
(0.319959 0.0983957 0)
(0.350993 0.0850025 0)
(0.378554 0.0734467 0)
(0.4029 0.0633824 0)
(0.424283 0.0545286 0)
(0.442929 0.046657 0)
(0.459041 0.0395807 0)
(0.472792 0.033145 0)
(0.484329 0.0272199 0)
(0.493772 0.0216944 0)
(0.501215 0.0164711 0)
(0.506727 0.0114627 0)
(0.510355 0.0065882 0)
(0.512121 0.00176996 0)
(0.512025 -0.00306913 0)
(0.510041 -0.00800849 0)
(0.50612 -0.0131329 0)
(0.500184 -0.0185356 0)
(0.492126 -0.0243227 0)
(0.481808 -0.0306171 0)
(0.469057 -0.0375649 0)
(0.45366 -0.0453423 0)
(0.435363 -0.0541652 0)
(0.413866 -0.0643002 0)
(0.388828 -0.0760791 0)
(0.359869 -0.0899154 0)
(0.326592 -0.106322 0)
(0.288619 -0.125924 0)
(0.245676 -0.149458 0)
(0.197731 -0.177725 0)
(0.145252 -0.21144 0)
(0.0896123 -0.250872 0)
(0.0336957 -0.295039 0)
(-0.0173563 -0.340117 0)
(-0.0554203 -0.376583 0)
(-0.0697303 -0.384945 0)
(-0.0532976 -0.330658 0)
(-0.0183758 -0.162888 0)
(-0.0258806 0.189372 0)
(-0.0643844 0.333672 0)
(-0.0643981 0.351754 0)
(-0.0272763 0.319467 0)
(0.0304606 0.272792 0)
(0.0955016 0.227022 0)
(0.160221 0.187481 0)
(0.220819 0.155021 0)
(0.275751 0.128865 0)
(0.324688 0.107854 0)
(0.367882 0.0908882 0)
(0.405821 0.0770607 0)
(0.439056 0.0656607 0)
(0.468119 0.0561448 0)
(0.49349 0.0481001 0)
(0.515586 0.0412119 0)
(0.534762 0.0352383 0)
(0.551319 0.0299917 0)
(0.565504 0.0253239 0)
(0.577524 0.0211161 0)
(0.587545 0.0172715 0)
(0.595702 0.0137089 0)
(0.602099 0.010359 0)
(0.606812 0.00716033 0)
(0.609893 0.00405691 0)
(0.611369 0.000995549 0)
(0.611244 -0.00207624 0)
(0.609499 -0.0052124 0)
(0.606086 -0.00847064 0)
(0.600934 -0.011915 0)
(0.59394 -0.0156187 0)
(0.584965 -0.0196683 0)
(0.573833 -0.0241682 0)
(0.560322 -0.0292473 0)
(0.544153 -0.0350676 0)
(0.524987 -0.041836 0)
(0.502407 -0.0498203 0)
(0.475912 -0.0593716 0)
(0.444905 -0.070954 0)
(0.408698 -0.0851836 0)
(0.366533 -0.102875 0)
(0.317653 -0.125085 0)
(0.261481 -0.153121 0)
(0.197986 -0.188412 0)
(0.128395 -0.232032 0)
(0.0564305 -0.283308 0)
(-0.00983731 -0.336564 0)
(-0.0558663 -0.374863 0)
(-0.0627813 -0.358347 0)
(-0.0261686 -0.204117 0)
(-0.0296293 0.246724 0)
(-0.0583989 0.346547 0)
(-0.0119576 0.311495 0)
(0.0703986 0.251533 0)
(0.159094 0.196214 0)
(0.242193 0.152098 0)
(0.31563 0.118865 0)
(0.37876 0.0942148 0)
(0.432448 0.0758297 0)
(0.478012 0.0619134 0)
(0.516752 0.0511841 0)
(0.549797 0.0427495 0)
(0.57808 0.0359911 0)
(0.602355 0.0304768 0)
(0.623226 0.0259003 0)
(0.641176 0.0220407 0)
(0.656591 0.0187359 0)
(0.669782 0.015864 0)
(0.680996 0.013332 0)
(0.690434 0.0110672 0)
(0.698255 0.00901136 0)
(0.704583 0.00711694 0)
(0.709514 0.00534371 0)
(0.713121 0.00365666 0)
(0.71545 0.00202421 0)
(0.716529 0.00041663 0)
(0.716363 -0.00119526 0)
(0.714937 -0.00284141 0)
(0.712215 -0.00455389 0)
(0.708135 -0.00636849 0)
(0.702609 -0.00832654 0)
(0.695519 -0.0104773 0)
(0.686709 -0.0128813 0)
(0.675979 -0.0156144 0)
(0.663073 -0.018774 0)
(0.647667 -0.0224878 0)
(0.62935 -0.0269264 0)
(0.607597 -0.0323227 0)
(0.581746 -0.0390001 0)
(0.55095 -0.047417 0)
(0.514142 -0.0582336 0)
(0.469997 -0.0724114 0)
(0.416932 -0.0913509 0)
(0.353236 -0.11705 0)
(0.277534 -0.152157 0)
(0.18996 -0.199439 0)
(0.0943122 -0.259599 0)
(0.00284632 -0.325581 0)
(-0.0528309 -0.364955 0)
(-0.0285072 -0.260371 0)
(0.0100401 0.28671 0)
(0.0248623 0.299723 0)
(0.150353 0.214158 0)
(0.281623 0.145882 0)
(0.387786 0.100249 0)
(0.47134 0.070551 0)
(0.537221 0.051291 0)
(0.589414 0.0385743 0)
(0.631223 0.0298981 0)
(0.665178 0.0237552 0)
(0.693116 0.0192485 0)
(0.716359 0.0158343 0)
(0.735869 0.0131737 0)
(0.752358 0.011049 0)
(0.766358 0.0093152 0)
(0.778274 0.00787286 0)
(0.788416 0.00665167 0)
(0.797029 0.00560046 0)
(0.804301 0.00468109 0)
(0.810383 0.00386433 0)
(0.81539 0.00312725 0)
(0.819416 0.00245131 0)
(0.822529 0.00182112 0)
(0.824782 0.0012234 0)
(0.826207 0.000646293 0)
(0.826827 7.87009e-05 0)
(0.826645 -0.00049021 0)
(0.825652 -0.00107155 0)
(0.823823 -0.00167726 0)
(0.821118 -0.00232069 0)
(0.817475 -0.0030174 0)
(0.812812 -0.00378613 0)
(0.807018 -0.00465011 0)
(0.799952 -0.00563895 0)
(0.791428 -0.00679133 0)
(0.781204 -0.00815901 0)
(0.768969 -0.00981304 0)
(0.75431 -0.0118535 0)
(0.736682 -0.0144259 0)
(0.71535 -0.0177481 0)
(0.68931 -0.0221588 0)
(0.657167 -0.0282039 0)
(0.616967 -0.0367924 0)
(0.565963 -0.0494769 0)
(0.500472 -0.0689028 0)
(0.415933 -0.0993375 0)
(0.306696 -0.146963 0)
(0.169408 -0.218966 0)
(0.0356164 -0.308497 0)
(0.0145891 -0.294729 0)
(0.301251 0.14701 0)
(0.400424 0.127488 0)
(0.564643 0.0751789 0)
(0.682464 0.0427889 0)
(0.752591 0.0251228 0)
(0.797597 0.0154523 0)
(0.828866 0.0100763 0)
(0.851606 0.00698492 0)
(0.868782 0.00510837 0)
(0.88219 0.00389659 0)
(0.892926 0.00306678 0)
(0.901682 0.00246899 0)
(0.908924 0.00201998 0)
(0.914971 0.00167111 0)
(0.920056 0.0013924 0)
(0.924347 0.00116445 0)
(0.927972 0.000974138 0)
(0.931029 0.000812246 0)
(0.933593 0.000672083 0)
(0.935722 0.000548638 0)
(0.937462 0.000438052 0)
(0.938848 0.000337259 0)
(0.939907 0.000243744 0)
(0.940658 0.000155369 0)
(0.941115 7.02388e-05 0)
(0.941285 -1.34045e-05 0)
(0.94117 -9.72701e-05 0)
(0.940767 -0.000183118 0)
(0.940067 -0.000272838 0)
(0.939054 -0.000368564 0)
(0.937705 -0.000472803 0)
(0.935989 -0.000588613 0)
(0.933865 -0.000719841 0)
(0.931277 -0.000871471 0)
(0.928154 -0.00105014 0)
(0.924401 -0.00126495 0)
(0.919894 -0.00152873 0)
(0.914466 -0.00186029 0)
(0.907887 -0.00228826 0)
(0.899841 -0.00285849 0)
(0.889867 -0.0036485 0)
(0.87728 -0.00479729 0)
(0.860999 -0.00656845 0)
(0.839242 -0.00948378 0)
(0.809014 -0.0145901 0)
(0.765011 -0.0239422 0)
(0.695657 -0.0414637 0)
(0.577236 -0.074311 0)
(0.408944 -0.128032 0)
(0.304996 -0.148435 0)
)
;

boundaryField
{
    movingWall
    {
        type            fixedValue;
        value           uniform (1 0 0);
    }
    fixedWalls
    {
        type            noSlip;
    }
    frontAndBack
    {
        type            empty;
    }
}


// ************************************************************************* //
