/*--------------------------------*- C++ -*----------------------------------*\
| =========                 |                                                 |
| \\      /  F ield         | OpenFOAM: The Open Source CFD Toolbox           |
|  \\    /   O peration     | Version:  v2012                                 |
|   \\  /    A nd           | Website:  www.openfoam.com                      |
|    \\/     M anipulation  |                                                 |
\*---------------------------------------------------------------------------*/
FoamFile
{
    version     2.0;
    format      ascii;
    class       surfaceScalarField;
    location    "0.4";
    object      phi;
}
// * * * * * * * * * * * * * * * * * * * * * * * * * * * * * * * * * * * * * //

dimensions      [0 3 -1 0 0 0 0];
oriented        oriented;


internalField   nonuniform List<scalar> 
4900
(
1.17852e-09
-1.18765e-09
2.41876e-09
-1.24024e-09
2.51883e-09
-1.00071e-10
1.04046e-09
1.47837e-09
-2.09677e-09
3.13723e-09
-6.80487e-09
4.7081e-09
-1.29135e-08
6.10861e-09
-2.02148e-08
7.30132e-09
-2.84868e-08
8.27202e-09
-3.75055e-08
9.01869e-09
-4.70515e-08
9.54603e-09
-5.69141e-08
9.86261e-09
-6.68934e-08
9.9793e-09
-7.68018e-08
9.90838e-09
-8.64647e-08
9.66292e-09
-9.57212e-08
9.25649e-09
-1.04424e-07
8.7029e-09
-1.1244e-07
8.01615e-09
-1.19651e-07
7.21031e-09
-1.2595e-07
6.29958e-09
-1.31248e-07
5.29827e-09
-1.35469e-07
4.22089e-09
-1.38551e-07
3.08218e-09
-1.40449e-07
1.89722e-09
-1.4113e-07
6.81481e-10
-1.40581e-07
-5.49139e-10
-1.38803e-07
-1.77825e-09
-1.35814e-07
-2.98898e-09
-1.3165e-07
-4.16399e-09
-1.26364e-07
-5.28553e-09
-1.20029e-07
-6.33551e-09
-1.12733e-07
-7.29566e-09
-1.04586e-07
-8.14767e-09
-9.57121e-08
-8.87342e-09
-8.62569e-08
-9.45522e-09
-7.63808e-08
-9.87611e-09
-6.62606e-08
-1.01201e-08
-5.60879e-08
-1.01727e-08
-4.60668e-08
-1.00211e-08
-3.64119e-08
-9.65485e-09
-2.73457e-08
-9.06626e-09
-1.90941e-08
-8.25157e-09
-1.18819e-08
-7.21226e-09
-5.9242e-09
-5.95767e-09
-1.41397e-09
-4.51023e-09
1.5021e-09
-2.91608e-09
2.76757e-09
-1.26548e-09
2.49878e-09
2.68787e-10
1.17533e-09
1.32345e-09
1.17533e-09
1.2501e-09
-2.43775e-09
1.449e-09
-1.43915e-09
-1.16048e-09
2.5094e-09
-7.38606e-09
7.70395e-09
-1.74782e-08
1.32293e-08
-3.13285e-08
1.85584e-08
-4.86115e-08
2.33916e-08
-6.88773e-08
2.75671e-08
-9.16098e-08
3.10045e-08
-1.16263e-07
3.3672e-08
-1.42285e-07
3.5568e-08
-1.69132e-07
3.67099e-08
-1.9628e-07
3.71274e-08
-2.2323e-07
3.68584e-08
-2.49514e-07
3.59461e-08
-2.74694e-07
3.44369e-08
-2.98371e-07
3.238e-08
-3.20181e-07
2.98258e-08
-3.39797e-07
2.68261e-08
-3.56931e-07
2.34336e-08
-3.71334e-07
1.97021e-08
-3.828e-07
1.56861e-08
-3.91159e-07
1.14414e-08
-3.96287e-07
7.02518e-09
-3.98101e-07
2.49588e-09
-3.96564e-07
-2.08639e-09
-3.91682e-07
-6.6599e-09
-3.8351e-07
-1.11613e-08
-3.72148e-07
-1.55258e-08
-3.57746e-07
-1.96873e-08
-3.40503e-07
-2.35789e-08
-3.20665e-07
-2.71333e-08
-2.9853e-07
-3.02835e-08
-2.74439e-07
-3.29637e-08
-2.48784e-07
-3.51104e-08
-2.21997e-07
-3.66631e-08
-1.94551e-07
-3.75662e-08
-1.66954e-07
-3.77699e-08
-1.39743e-07
-3.72326e-08
-1.13475e-07
-3.59227e-08
-8.87192e-08
-3.38217e-08
-6.60425e-08
-3.09283e-08
-4.59903e-08
-2.72645e-08
-2.9062e-08
-2.2886e-08
-1.56733e-08
-1.78989e-08
-6.0986e-09
-1.24908e-08
-3.80703e-10
-6.98338e-09
1.80651e-09
-1.91844e-09
1.33536e-09
1.7946e-09
2.51069e-09
1.54516e-10
-2.59227e-09
-2.40579e-09
1.12115e-09
-9.35561e-09
9.45922e-09
-2.15329e-08
1.98812e-08
-3.92039e-08
3.09003e-08
-6.22222e-08
4.15767e-08
-9.01581e-08
5.13276e-08
-1.224e-07
5.98087e-08
-1.58225e-07
6.68293e-08
-1.96851e-07
7.22982e-08
-2.37473e-07
7.61899e-08
-2.79286e-07
7.8523e-08
-3.21505e-07
7.93463e-08
-3.63375e-07
7.8729e-08
-4.04184e-07
7.67545e-08
-4.43263e-07
7.3516e-08
-4.79996e-07
6.91136e-08
-5.13823e-07
6.36524e-08
-5.44238e-07
5.72412e-08
-5.70796e-07
4.99918e-08
-5.93112e-07
4.20185e-08
-6.10865e-07
3.34386e-08
-6.23795e-07
2.43717e-08
-6.31711e-07
1.49405e-08
-6.34486e-07
5.27087e-09
-6.32064e-07
-4.50827e-09
-6.24459e-07
-1.42646e-08
-6.11758e-07
-2.38627e-08
-5.94119e-07
-3.31643e-08
-5.71778e-07
-4.2029e-08
-5.45042e-07
-5.03149e-08
-5.14295e-07
-5.78801e-08
-4.79994e-07
-6.4584e-08
-4.42669e-07
-7.0289e-08
-4.02916e-07
-7.48631e-08
-3.61397e-07
-7.81822e-08
-3.1883e-07
-8.0133e-08
-2.75984e-07
-8.06166e-08
-2.33664e-07
-7.95528e-08
-1.92701e-07
-7.6885e-08
-1.53936e-07
-7.25867e-08
-1.18194e-07
-6.6671e-08
-8.62551e-08
-5.92031e-08
-5.88208e-08
-5.03203e-08
-3.64573e-08
-4.02625e-08
-1.95263e-08
-2.94218e-08
-8.08812e-09
-1.84215e-08
-1.78084e-09
-8.22572e-09
3.30372e-10
-3.16614e-10
2.84106e-09
-1.37817e-09
-1.2141e-09
-7.52806e-09
7.27104e-09
-1.97182e-08
2.16494e-08
-3.85901e-08
3.87531e-08
-6.42891e-08
5.65993e-08
-9.65668e-08
7.38545e-08
-1.34881e-07
8.96415e-08
-1.78481e-07
1.03409e-07
-2.26484e-07
1.14832e-07
-2.77922e-07
1.23736e-07
-3.31791e-07
1.30059e-07
-3.87078e-07
1.33811e-07
-4.42788e-07
1.35056e-07
-4.97957e-07
1.33898e-07
-5.51669e-07
1.30467e-07
-6.03064e-07
1.24911e-07
-6.51344e-07
1.17393e-07
-6.9578e-07
1.08089e-07
-7.35717e-07
9.7178e-08
-7.70574e-07
8.48493e-08
-7.99852e-07
7.1296e-08
-8.2313e-07
5.67164e-08
-8.40072e-07
4.13141e-08
-8.50429e-07
2.52977e-08
-8.54039e-07
8.88103e-09
-8.50831e-07
-7.7166e-09
-8.40825e-07
-2.42707e-08
-8.24136e-07
-4.05518e-08
-8.00974e-07
-5.63261e-08
-7.71646e-07
-7.13567e-08
-7.36556e-07
-8.54052e-08
-6.96203e-07
-9.82334e-08
-6.5118e-07
-1.09606e-07
-6.02174e-07
-1.19295e-07
-5.49955e-07
-1.27082e-07
-4.95375e-07
-1.32762e-07
-4.39355e-07
-1.36152e-07
-3.82878e-07
-1.37094e-07
-3.2697e-07
-1.35462e-07
-2.72681e-07
-1.31174e-07
-2.21067e-07
-1.242e-07
-1.73158e-07
-1.1458e-07
-1.29921e-07
-1.0244e-07
-9.2216e-08
-8.80249e-08
-6.0742e-08
-7.17365e-08
-3.59631e-08
-5.42007e-08
-1.80269e-08
-3.63577e-08
-6.67061e-09
-1.9582e-08
-1.12821e-09
-5.85901e-09
1.71284e-09
-3.02161e-09
1.80751e-09
-1.31163e-08
1.73657e-08
-3.09959e-08
3.9529e-08
-5.69698e-08
6.47269e-08
-9.09612e-08
9.05907e-08
-1.32557e-07
1.1545e-07
-1.81072e-07
1.38157e-07
-2.35619e-07
1.57956e-07
-2.95164e-07
1.74377e-07
-3.58587e-07
1.87159e-07
-4.24717e-07
1.96189e-07
-4.92371e-07
2.01465e-07
-5.6038e-07
2.03065e-07
-6.27608e-07
2.01126e-07
-6.92971e-07
1.95829e-07
-7.55447e-07
1.87387e-07
-8.14087e-07
1.76034e-07
-8.68023e-07
1.62024e-07
-9.16469e-07
1.45625e-07
-9.58735e-07
1.27114e-07
-9.94219e-07
1.0678e-07
-1.02242e-06
8.49175e-08
-1.04294e-06
6.18309e-08
-1.05547e-06
3.78318e-08
-1.05983e-06
1.32401e-08
-1.05593e-06
-1.16167e-08
-1.0438e-06
-3.64035e-08
-1.02357e-06
-6.07782e-08
-9.95504e-07
-8.43929e-08
-9.59965e-07
-1.06896e-07
-9.17436e-07
-1.27933e-07
-8.68516e-07
-1.47153e-07
-8.13913e-07
-1.6421e-07
-7.54443e-07
-1.78766e-07
-6.91022e-07
-1.90503e-07
-6.2466e-07
-1.99124e-07
-5.56449e-07
-2.04363e-07
-4.87547e-07
-2.05996e-07
-4.19161e-07
-2.03847e-07
-3.52526e-07
-1.97809e-07
-2.88874e-07
-1.87852e-07
-2.29406e-07
-1.74048e-07
-1.7525e-07
-1.56596e-07
-1.27415e-07
-1.3586e-07
-8.67342e-08
-1.12417e-07
-5.38085e-08
-8.71264e-08
-2.8937e-08
-6.12292e-08
-1.20588e-08
-3.64603e-08
-2.70838e-09
-1.52094e-08
-9.9555e-10
-4.64217e-09
6.44968e-09
-1.87589e-08
3.14825e-08
-4.24827e-08
6.32528e-08
-7.57231e-08
9.79673e-08
-1.18116e-07
1.32984e-07
-1.69032e-07
1.66367e-07
-2.27612e-07
1.96737e-07
-2.92813e-07
2.23156e-07
-3.63456e-07
2.4502e-07
-4.38274e-07
2.61977e-07
-5.15951e-07
2.73866e-07
-5.95158e-07
2.80671e-07
-6.74577e-07
2.82484e-07
-7.52929e-07
2.79478e-07
-8.28989e-07
2.71889e-07
-9.01599e-07
2.59997e-07
-9.69683e-07
2.44118e-07
-1.03226e-06
2.24596e-07
-1.08842e-06
2.01794e-07
-1.1374e-06
1.76092e-07
-1.17851e-06
1.47884e-07
-1.21117e-06
1.17577e-07
-1.23492e-06
8.55881e-08
-1.24944e-06
5.23479e-08
-1.2545e-06
1.82963e-08
-1.25e-06
-1.61156e-08
-1.23597e-06
-5.04268e-08
-1.21258e-06
-8.41671e-08
-1.18012e-06
-1.16859e-07
-1.13899e-06
-1.4802e-07
-1.08976e-06
-1.77167e-07
-1.0331e-06
-2.03818e-07
-9.69804e-07
-2.27501e-07
-9.00811e-07
-2.47759e-07
-8.27154e-07
-2.6416e-07
-7.49976e-07
-2.76302e-07
-6.70511e-07
-2.83829e-07
-5.90064e-07
-2.86442e-07
-5.09998e-07
-2.83913e-07
-4.31703e-07
-2.76104e-07
-3.56569e-07
-2.62987e-07
-2.8595e-07
-2.44667e-07
-2.21126e-07
-2.21421e-07
-1.63254e-07
-1.93732e-07
-1.13325e-07
-1.62346e-07
-7.21073e-08
-1.28344e-07
-4.01058e-08
-9.32306e-08
-1.75267e-08
-5.90394e-08
-4.27359e-09
-2.84626e-08
-5.26914e-09
-6.18801e-09
1.26377e-08
-2.42613e-08
4.95557e-08
-5.38085e-08
9.28e-08
-9.43206e-08
1.38479e-07
-1.45111e-07
1.83774e-07
-2.05298e-07
2.26553e-07
-2.73817e-07
2.65257e-07
-3.49453e-07
2.98792e-07
-4.30873e-07
3.2644e-07
-5.16665e-07
3.47769e-07
-6.05376e-07
3.62578e-07
-6.95543e-07
3.70838e-07
-7.8572e-07
3.72661e-07
-8.74501e-07
3.68259e-07
-9.60541e-07
3.57928e-07
-1.04257e-06
3.42024e-07
-1.1194e-06
3.2095e-07
-1.18995e-06
2.95147e-07
-1.25324e-06
2.65083e-07
-1.3084e-06
2.31251e-07
-1.35468e-06
1.94161e-07
-1.39144e-06
1.54343e-07
-1.41819e-06
1.1234e-07
-1.43456e-06
6.87104e-08
-1.44029e-06
2.40283e-08
-1.43528e-06
-2.11199e-08
-1.41958e-06
-6.61345e-08
-1.39334e-06
-1.10404e-07
-1.35689e-06
-1.5331e-07
-1.31068e-06
-1.94225e-07
-1.25533e-06
-2.32523e-07
-1.19157e-06
-2.6758e-07
-1.12028e-06
-2.98788e-07
-1.04248e-06
-3.25555e-07
-9.5932e-07
-3.47324e-07
-8.72042e-07
-3.63579e-07
-7.82004e-07
-3.73866e-07
-6.90644e-07
-3.77803e-07
-5.99456e-07
-3.75101e-07
-5.09973e-07
-3.65588e-07
-4.23728e-07
-3.49231e-07
-3.42225e-07
-3.2617e-07
-2.66895e-07
-2.96751e-07
-1.99059e-07
-2.61568e-07
-1.39882e-07
-2.21523e-07
-9.03344e-08
-1.77891e-07
-5.11628e-08
-1.32402e-07
-2.2877e-08
-8.73252e-08
-5.77007e-09
-4.55695e-08
-1.10392e-08
-7.6471e-09
2.02848e-08
-2.95506e-08
7.14592e-08
-6.48108e-08
1.2806e-07
-1.12508e-07
1.86177e-07
-1.7162e-07
2.42886e-07
-2.4099e-07
2.95923e-07
-3.19328e-07
3.43594e-07
-4.05226e-07
3.8469e-07
-4.97186e-07
4.184e-07
-5.93649e-07
4.44232e-07
-6.93024e-07
4.61953e-07
-7.93723e-07
4.71538e-07
-8.94181e-07
4.73118e-07
-9.92879e-07
4.66958e-07
-1.08837e-06
4.53417e-07
-1.17928e-06
4.32933e-07
-1.26433e-06
4.06006e-07
-1.34237e-06
3.7318e-07
-1.41232e-06
3.35038e-07
-1.47326e-06
2.92192e-07
-1.52438e-06
2.4528e-07
-1.565e-06
1.9496e-07
-1.59457e-06
1.41912e-07
-1.61269e-06
8.68339e-08
-1.61911e-06
3.04411e-08
-1.61369e-06
-2.65338e-08
-1.59648e-06
-8.33424e-08
-1.56767e-06
-1.39223e-07
-1.52757e-06
-1.93402e-07
-1.4767e-06
-2.45099e-07
-1.41569e-06
-2.93534e-07
-1.34534e-06
-3.37932e-07
-1.26659e-06
-3.77533e-07
-1.18054e-06
-4.11603e-07
-1.08842e-06
-4.39449e-07
-9.91565e-07
-4.60432e-07
-8.91446e-07
-4.73985e-07
-7.89611e-07
-4.79637e-07
-6.87683e-07
-4.7703e-07
-5.87322e-07
-4.65948e-07
-4.90205e-07
-4.46348e-07
-3.97984e-07
-4.18391e-07
-3.12252e-07
-3.82482e-07
-2.34506e-07
-3.39314e-07
-1.66107e-07
-2.89923e-07
-1.08251e-07
-2.35747e-07
-6.19525e-08
-1.78701e-07
-2.80389e-08
-1.21239e-07
-7.1854e-09
-6.6423e-08
-1.82246e-08
-9.02524e-09
2.931e-08
-3.46183e-08
9.70523e-08
-7.54464e-08
1.68888e-07
-1.30201e-07
2.40931e-07
-1.97522e-07
3.10207e-07
-2.75968e-07
3.74369e-07
-3.64008e-07
4.31634e-07
-4.60026e-07
4.80709e-07
-5.62349e-07
5.20722e-07
-6.69261e-07
5.51143e-07
-7.79035e-07
5.71727e-07
-8.89956e-07
5.82459e-07
-1.00035e-06
5.8351e-07
-1.10859e-06
5.75199e-07
-1.21314e-06
5.57962e-07
-1.31253e-06
5.32328e-07
-1.40542e-06
4.98896e-07
-1.49057e-06
4.58327e-07
-1.56685e-06
4.11322e-07
-1.63328e-06
3.58622e-07
-1.689e-06
3.00997e-07
-1.73328e-06
2.39246e-07
-1.76556e-06
1.74191e-07
-1.7854e-06
1.06674e-07
-1.79252e-06
3.7563e-08
-1.7868e-06
-3.2257e-08
-1.76826e-06
-1.01881e-07
-1.7371e-06
-1.70388e-07
-1.69366e-06
-2.36843e-07
-1.63845e-06
-3.00303e-07
-1.57216e-06
-3.59824e-07
-1.49563e-06
-4.14468e-07
-1.40984e-06
-4.63318e-07
-1.31596e-06
-5.05485e-07
-1.21528e-06
-5.40129e-07
-1.10924e-06
-5.66476e-07
-9.99382e-07
-5.8384e-07
-8.87375e-07
-5.91644e-07
-7.74953e-07
-5.89451e-07
-6.63909e-07
-5.76992e-07
-5.56059e-07
-5.54198e-07
-4.53212e-07
-5.21239e-07
-3.57133e-07
-4.78561e-07
-2.69509e-07
-4.26938e-07
-1.91917e-07
-3.67515e-07
-1.25798e-07
-3.01865e-07
-7.24457e-08
-2.32053e-07
-3.30095e-08
-1.60675e-07
-8.52672e-09
-9.09057e-08
-2.67513e-08
-1.03354e-08
3.96454e-08
-3.94871e-08
1.26204e-07
-8.57372e-08
2.15138e-07
-1.47412e-07
3.02606e-07
-2.22822e-07
3.85617e-07
-3.10235e-07
4.61783e-07
-4.07868e-07
5.29267e-07
-5.1389e-07
5.86732e-07
-6.26439e-07
6.33271e-07
-7.43637e-07
6.68341e-07
-8.63616e-07
6.91706e-07
-9.84537e-07
7.0338e-07
-1.10461e-06
7.03585e-07
-1.22212e-06
6.9271e-07
-1.33544e-06
6.71277e-07
-1.44302e-06
6.39913e-07
-1.54346e-06
5.99332e-07
-1.63544e-06
5.50312e-07
-1.71781e-06
4.93684e-07
-1.78951e-06
4.30324e-07
-1.84965e-06
3.61142e-07
-1.89749e-06
2.87079e-07
-1.9324e-06
2.09107e-07
-1.95395e-06
1.28221e-07
-1.96183e-06
4.54427e-08
-1.9559e-06
-3.8183e-08
-1.9362e-06
-1.21589e-07
-1.9029e-06
-2.03688e-07
-1.85636e-06
-2.83377e-07
-1.79712e-06
-3.59545e-07
-1.72587e-06
-4.31074e-07
-1.64348e-06
-4.96858e-07
-1.55099e-06
-5.55808e-07
-1.4496e-06
-6.06873e-07
-1.34068e-06
-6.49055e-07
-1.22572e-06
-6.81434e-07
-1.10637e-06
-7.03187e-07
-9.8439e-07
-7.13625e-07
-8.61628e-07
-7.12213e-07
-7.40008e-07
-6.98613e-07
-6.21491e-07
-6.72715e-07
-5.08051e-07
-6.34679e-07
-4.01635e-07
-5.84977e-07
-3.04138e-07
-5.24435e-07
-2.17367e-07
-4.54286e-07
-1.43022e-07
-3.7621e-07
-8.26848e-08
-2.92391e-07
-3.7821e-08
-2.05539e-07
-9.80947e-09
-1.18917e-07
-3.65608e-08
-1.15926e-08
5.1238e-08
-4.41943e-08
1.58806e-07
-9.57389e-08
2.66683e-07
-1.64209e-07
3.71076e-07
-2.47596e-07
4.69004e-07
-3.43877e-07
5.58063e-07
-4.51011e-07
6.36401e-07
-5.66943e-07
7.02664e-07
-6.89613e-07
7.55941e-07
-8.16976e-07
7.95704e-07
-9.47017e-07
8.21747e-07
-1.07777e-06
8.34133e-07
-1.20734e-06
8.33155e-07
-1.33391e-06
8.19284e-07
-1.45578e-06
7.93142e-07
-1.57133e-06
7.55468e-07
-1.6791e-06
7.07094e-07
-1.77771e-06
6.4893e-07
-1.86597e-06
5.81941e-07
-1.94279e-06
5.07143e-07
-2.00724e-06
4.25592e-07
-2.05854e-06
3.3838e-07
-2.09606e-06
2.46629e-07
-2.11933e-06
1.5149e-07
-2.12803e-06
5.41459e-08
-2.12202e-06
-4.41972e-08
-2.1013e-06
-1.42305e-07
-2.06607e-06
-2.38922e-07
-2.01668e-06
-3.32771e-07
-1.95366e-06
-4.22564e-07
-1.87772e-06
-5.07008e-07
-1.78976e-06
-5.84816e-07
-1.69085e-06
-6.54723e-07
-1.58222e-06
-7.15502e-07
-1.46529e-06
-7.65986e-07
-1.34163e-06
-8.05094e-07
-1.21296e-06
-8.31856e-07
-1.08114e-06
-8.4545e-07
-9.48121e-07
-8.45228e-07
-8.15969e-07
-8.30765e-07
-6.86795e-07
-8.01889e-07
-5.62745e-07
-7.58729e-07
-4.45963e-07
-7.01758e-07
-3.38563e-07
-6.31836e-07
-2.42597e-07
-5.50252e-07
-1.60035e-07
-4.58772e-07
-9.27504e-08
-3.59675e-07
-4.25229e-08
-2.55766e-07
-1.10522e-08
-1.50388e-07
-4.76129e-08
-1.28121e-08
6.40501e-08
-4.87821e-08
1.94776e-07
-1.05522e-07
3.23423e-07
-1.8069e-07
4.46244e-07
-2.71963e-07
5.60277e-07
-3.77031e-07
6.63131e-07
-4.93592e-07
7.52962e-07
-6.19359e-07
8.2843e-07
-7.5207e-07
8.88653e-07
-8.89504e-07
9.33138e-07
-1.0295e-06
9.61738e-07
-1.16995e-06
9.74591e-07
-1.30887e-06
9.72073e-07
-1.44435e-06
9.54759e-07
-1.57459e-06
9.23385e-07
-1.69794e-06
8.78813e-07
-1.81285e-06
8.22008e-07
-1.91793e-06
7.54015e-07
-2.01194e-06
6.75944e-07
-2.09375e-06
5.88957e-07
-2.16242e-06
4.94261e-07
-2.21714e-06
3.93098e-07
-2.25726e-06
2.86747e-07
-2.28229e-06
1.76518e-07
-2.29189e-06
6.37531e-08
-2.28591e-06
-5.01758e-08
-2.26435e-06
-1.63867e-07
-2.22738e-06
-2.75891e-07
-2.17536e-06
-3.84796e-07
-2.10881e-06
-4.89113e-07
-2.02845e-06
-5.87367e-07
-1.93518e-06
-6.78083e-07
-1.8301e-06
-7.59811e-07
-1.71446e-06
-8.31138e-07
-1.58973e-06
-8.90716e-07
-1.45754e-06
-9.37287e-07
-1.31968e-06
-9.69718e-07
-1.17809e-06
-9.87033e-07
-1.03486e-06
-9.88456e-07
-8.92181e-07
-9.73447e-07
-7.52317e-07
-9.41753e-07
-6.17599e-07
-8.93447e-07
-4.90381e-07
-8.28977e-07
-3.73008e-07
-7.49209e-07
-2.67791e-07
-6.55469e-07
-1.76978e-07
-5.49585e-07
-1.02743e-07
-4.33911e-07
-4.71716e-08
-3.11337e-07
-1.22739e-08
-1.85286e-07
-5.98869e-08
-1.4008e-08
7.8058e-08
-5.32932e-08
2.34061e-07
-1.15163e-07
3.85293e-07
-1.9696e-07
5.28042e-07
-2.96058e-07
6.59374e-07
-4.09856e-07
7.7693e-07
-5.3579e-07
8.78896e-07
-6.71336e-07
9.63976e-07
-8.14024e-07
1.03134e-06
-9.61453e-07
1.08057e-06
-1.1113e-06
1.11159e-06
-1.26135e-06
1.12464e-06
-1.40949e-06
1.12021e-06
-1.55373e-06
1.09899e-06
-1.69219e-06
1.06185e-06
-1.82317e-06
1.00979e-06
-1.94508e-06
9.43919e-07
-2.05649e-06
8.65424e-07
-2.15612e-06
7.75568e-07
-2.24283e-06
6.75666e-07
-2.31564e-06
5.67077e-07
-2.37375e-06
4.512e-07
-2.41647e-06
3.29469e-07
-2.4433e-06
2.03354e-07
-2.45391e-06
7.43568e-08
-2.4481e-06
-5.59847e-08
-2.42586e-06
-1.86101e-07
-2.38736e-06
-3.14389e-07
-2.33294e-06
-4.3922e-07
-2.26311e-06
-5.58943e-07
-2.17859e-06
-6.71891e-07
-2.08027e-06
-7.76401e-07
-1.96925e-06
-8.70826e-07
-1.84683e-06
-9.53557e-07
-1.7145e-06
-1.02305e-06
-1.57393e-06
-1.07786e-06
-1.42699e-06
-1.11666e-06
-1.27571e-06
-1.13831e-06
-1.12229e-06
-1.14188e-06
-9.69045e-07
-1.12669e-06
-8.18427e-07
-1.09237e-06
-6.7295e-07
-1.03892e-06
-5.35187e-07
-9.6674e-07
-4.0773e-07
-8.76666e-07
-2.93158e-07
-7.70041e-07
-1.94013e-07
-6.48731e-07
-1.12769e-07
-5.15154e-07
-5.18255e-08
-3.72281e-07
-1.34934e-08
-2.23618e-07
-7.33802e-08
-1.51931e-08
9.32511e-08
-5.7768e-08
2.76636e-07
-1.24735e-07
4.5226e-07
-2.13129e-07
6.16436e-07
-3.20019e-07
7.66264e-07
-4.42517e-07
8.99428e-07
-5.7779e-07
1.01417e-06
-7.23074e-07
1.10926e-06
-8.75685e-07
1.18395e-06
-1.03304e-06
1.23792e-06
-1.19266e-06
1.27121e-06
-1.3522e-06
1.28418e-06
-1.50943e-06
1.27744e-06
-1.66228e-06
1.25184e-06
-1.80882e-06
1.20839e-06
-1.94727e-06
1.14825e-06
-2.07603e-06
1.07267e-06
-2.19361e-06
9.83012e-07
-2.29873e-06
8.80687e-07
-2.39024e-06
7.67168e-07
-2.46713e-06
6.43972e-07
-2.52858e-06
5.12654e-07
-2.57392e-06
3.74806e-07
-2.60262e-06
2.32053e-07
-2.61432e-06
8.60578e-08
-2.60883e-06
-6.14794e-08
-2.5861e-06
-2.08822e-07
-2.5463e-06
-3.54197e-07
-2.48972e-06
-4.95797e-07
-2.41688e-06
-6.31785e-07
-2.32846e-06
-7.60305e-07
-2.22537e-06
-8.79496e-07
-2.10869e-06
-9.87507e-07
-1.97972e-06
-1.08252e-06
-1.83999e-06
-1.16278e-06
-1.69121e-06
-1.22664e-06
-1.5353e-06
-1.27257e-06
-1.37439e-06
-1.29922e-06
-1.21079e-06
-1.30548e-06
-1.04695e-06
-1.29052e-06
-8.85494e-07
-1.25383e-06
-7.29139e-07
-1.19528e-06
-5.80688e-07
-1.11519e-06
-4.42993e-07
-1.01436e-06
-3.18917e-07
-8.94117e-07
-2.11302e-07
-7.56346e-07
-1.22939e-07
-6.03517e-07
-5.65421e-08
-4.38678e-07
-1.47282e-08
-2.65432e-07
-8.81084e-08
-1.63789e-08
1.0963e-07
-6.22439e-08
3.22501e-07
-1.34309e-07
5.24325e-07
-2.293e-07
7.11427e-07
-3.43981e-07
8.80945e-07
-4.75172e-07
1.03062e-06
-6.19769e-07
1.15877e-06
-7.7476e-07
1.26425e-06
-9.37247e-07
1.34644e-06
-1.10445e-06
1.40513e-06
-1.27375e-06
1.4405e-06
-1.44265e-06
1.45308e-06
-1.60883e-06
1.44362e-06
-1.77013e-06
1.41315e-06
-1.92457e-06
1.36283e-06
-2.07033e-06
1.294e-06
-2.20574e-06
1.20809e-06
-2.32935e-06
1.10661e-06
-2.43981e-06
9.91154e-07
-2.53599e-06
8.63346e-07
-2.61688e-06
7.24865e-07
-2.68165e-06
5.77422e-07
-2.72961e-06
4.22764e-07
-2.76023e-06
2.62671e-07
-2.77313e-06
9.89622e-08
-2.76811e-06
-6.65049e-08
-2.7451e-06
-2.31831e-07
-2.70422e-06
-3.95075e-07
-2.64576e-06
-5.54252e-07
-2.57021e-06
-7.07344e-07
-2.47821e-06
-8.523e-07
-2.37065e-06
-9.87058e-07
-2.2486e-06
-1.10955e-06
-2.11337e-06
-1.21775e-06
-1.96648e-06
-1.30968e-06
-1.80967e-06
-1.38344e-06
-1.64494e-06
-1.4373e-06
-1.47449e-06
-1.46968e-06
-1.30072e-06
-1.47925e-06
-1.12625e-06
-1.46499e-06
-9.5387e-07
-1.42621e-06
-7.86499e-07
-1.36265e-06
-6.27189e-07
-1.2745e-06
-4.79062e-07
-1.16249e-06
-3.45282e-07
-1.0279e-06
-2.29007e-07
-8.7262e-07
-1.33358e-07
-6.99166e-07
-6.13768e-08
-5.1066e-07
-1.59949e-08
-3.10814e-07
-1.04103e-07
-1.75756e-08
1.27206e-07
-6.67548e-08
3.7168e-07
-1.43948e-07
6.01518e-07
-2.45569e-07
8.13048e-07
-3.68069e-07
1.00345e-06
-5.0797e-07
1.17052e-06
-6.6189e-07
1.31268e-06
-8.26564e-07
1.42893e-06
-9.98871e-07
1.51875e-06
-1.17585e-06
1.5821e-06
-1.3547e-06
1.61936e-06
-1.53281e-06
1.63119e-06
-1.70777e-06
1.61858e-06
-1.87733e-06
1.58271e-06
-2.03945e-06
1.52495e-06
-2.19228e-06
1.44683e-06
-2.33414e-06
1.34996e-06
-2.46355e-06
1.23602e-06
-2.57919e-06
1.10679e-06
-2.67989e-06
9.6405e-07
-2.76467e-06
8.09645e-07
-2.83269e-06
6.45441e-07
-2.88326e-06
4.73335e-07
-2.91585e-06
2.95258e-07
-2.93006e-06
1.13177e-07
-2.92567e-06
-7.08964e-08
-2.90259e-06
-2.54908e-07
-2.86091e-06
-4.36754e-07
-2.80089e-06
-6.14279e-07
-2.72295e-06
-7.85281e-07
-2.62773e-06
-9.4752e-07
-2.51606e-06
-1.09872e-06
-2.389e-06
-1.23661e-06
-2.24784e-06
-1.35892e-06
-2.09408e-06
-1.46343e-06
-1.92951e-06
-1.54801e-06
-1.75614e-06
-1.61066e-06
-1.57627e-06
-1.64955e-06
-1.39239e-06
-1.66313e-06
-1.20727e-06
-1.65011e-06
-1.02387e-06
-1.60961e-06
-8.45341e-07
-1.54118e-06
-6.74977e-07
-1.44486e-06
-5.16191e-07
-1.32127e-06
-3.72462e-07
-1.17163e-06
-2.47286e-07
-9.97796e-07
-1.4413e-07
-8.02322e-07
-6.63824e-08
-5.88407e-07
-1.73093e-08
-3.59887e-07
-1.21413e-07
-1.87924e-08
1.45998e-07
-7.1332e-08
4.2422e-07
-1.53714e-07
6.839e-07
-2.62027e-07
9.2136e-07
-3.924e-07
1.13382e-06
-5.41046e-07
1.31917e-06
-7.04296e-07
1.47593e-06
-8.78627e-07
1.60326e-06
-1.06069e-06
1.70081e-06
-1.24733e-06
1.76874e-06
-1.43558e-06
1.80761e-06
-1.62272e-06
1.81833e-06
-1.80622e-06
1.80208e-06
-1.98378e-06
1.76027e-06
-2.15331e-06
1.69448e-06
-2.31293e-06
1.60645e-06
-2.46096e-06
1.49799e-06
-2.59591e-06
1.37097e-06
-2.71647e-06
1.22735e-06
-2.8215e-06
1.06908e-06
-2.91002e-06
8.98161e-07
-2.98119e-06
7.16615e-07
-3.03434e-06
5.26486e-07
-3.06893e-06
3.29847e-07
-3.08456e-06
1.28807e-07
-3.08098e-06
-7.44814e-08
-3.05807e-06
-2.77816e-07
-3.01589e-06
-4.78937e-07
-2.95464e-06
-6.75527e-07
-2.87471e-06
-8.65207e-07
-2.77669e-06
-1.04554e-06
-2.66135e-06
-1.21406e-06
-2.52971e-06
-1.36826e-06
-2.38301e-06
-1.50562e-06
-2.22277e-06
-1.62368e-06
-2.05075e-06
-1.72003e-06
-1.86901e-06
-1.7924e-06
-1.67989e-06
-1.83867e-06
-1.48601e-06
-1.85701e-06
-1.29026e-06
-1.84586e-06
-1.09578e-06
-1.80409e-06
-9.05944e-07
-1.73102e-06
-7.24319e-07
-1.62649e-06
-5.54618e-07
-1.49097e-06
-4.00656e-07
-1.32559e-06
-2.66287e-07
-1.13216e-06
-1.55351e-07
-9.13258e-07
-7.16091e-08
-6.72149e-07
-1.86859e-08
-4.1281e-07
-1.40098e-07
-2.00377e-08
1.66036e-07
-7.6004e-08
4.80186e-07
-1.63661e-07
7.71557e-07
-2.78754e-07
1.03645e-06
-4.17077e-07
1.27214e-06
-5.74519e-07
1.47661e-06
-7.47112e-07
1.64853e-06
-9.31064e-07
1.78721e-06
-1.12279e-06
1.89254e-06
-1.31894e-06
1.96489e-06
-1.51641e-06
2.00507e-06
-1.71231e-06
2.01424e-06
-1.90406e-06
1.99382e-06
-2.08929e-06
1.94549e-06
-2.26587e-06
1.87107e-06
-2.43192e-06
1.7725e-06
-2.58575e-06
1.65182e-06
-2.7259e-06
1.51112e-06
-2.85107e-06
1.35252e-06
-2.96016e-06
1.17816e-06
-3.0522e-06
9.902e-07
-3.12638e-06
7.908e-07
-3.18204e-06
5.82148e-07
-3.21865e-06
3.6645e-07
-3.23578e-06
1.45945e-07
-3.23318e-06
-7.70817e-08
-3.21071e-06
-3.00294e-07
-3.16835e-06
-5.21289e-07
-3.10629e-06
-7.37595e-07
-3.02483e-06
-9.46665e-07
-2.92449e-06
-1.14588e-06
-2.806e-06
-1.33255e-06
-2.6703e-06
-1.50396e-06
-2.51858e-06
-1.65734e-06
-2.35232e-06
-1.78994e-06
-2.17328e-06
-1.89907e-06
-1.98352e-06
-1.98215e-06
-1.78543e-06
-2.03676e-06
-1.58172e-06
-2.06072e-06
-1.3754e-06
-2.05218e-06
-1.16981e-06
-2.00968e-06
-9.68549e-07
-1.93228e-06
-7.75454e-07
-1.81959e-06
-5.94563e-07
-1.67186e-06
-4.30049e-07
-1.4901e-06
-2.86152e-07
-1.27606e-06
-1.67116e-07
-1.03229e-06
-7.7105e-08
-7.62159e-07
-2.01389e-08
-4.69776e-07
-1.60237e-07
-2.13196e-08
1.87355e-07
-8.07981e-08
5.39664e-07
-1.73841e-07
8.646e-07
-2.9583e-07
1.15844e-06
-4.42199e-07
1.41851e-06
-6.08497e-07
1.64291e-06
-7.90442e-07
1.83047e-06
-9.83963e-07
1.98073e-06
-1.18524e-06
2.09381e-06
-1.39071e-06
2.17036e-06
-1.59711e-06
2.21147e-06
-1.80145e-06
2.21859e-06
-2.00106e-06
2.19343e-06
-2.19353e-06
2.13795e-06
-2.3767e-06
2.05424e-06
-2.5487e-06
1.9445e-06
-2.70787e-06
1.81099e-06
-2.85277e-06
1.65602e-06
-2.98215e-06
1.4819e-06
-3.09494e-06
1.29095e-06
-3.19021e-06
1.08547e-06
-3.2672e-06
8.67786e-07
-3.32525e-06
6.402e-07
-3.36384e-06
4.05043e-07
-3.38257e-06
1.64671e-07
-3.38113e-06
-7.8517e-08
-3.35936e-06
-3.22063e-07
-3.31721e-06
-5.63438e-07
-3.25478e-06
-8.00028e-07
-3.17232e-06
-1.02913e-06
-3.07025e-06
-1.24794e-06
-2.94923e-06
-1.45358e-06
-2.8101e-06
-1.64309e-06
-2.654e-06
-1.81344e-06
-2.48232e-06
-1.96161e-06
-2.2968e-06
-2.08459e-06
-2.09949e-06
-2.17946e-06
-1.89281e-06
-2.24344e-06
-1.67953e-06
-2.274e-06
-1.4628e-06
-2.2689e-06
-1.24613e-06
-2.22635e-06
-1.03335e-06
-2.14506e-06
-8.2859e-07
-2.02435e-06
-6.36226e-07
-1.86423e-06
-4.60815e-07
-1.66552e-06
-3.07017e-07
-1.42986e-06
-1.79513e-07
-1.1598e-06
-8.29168e-08
-8.58756e-07
-2.1682e-08
-5.31011e-07
-1.81919e-07
-2.2646e-08
2.10001e-07
-8.57415e-08
6.0276e-07
-1.84306e-07
9.63165e-07
-3.13328e-07
1.28746e-06
-4.67857e-07
1.57304e-06
-6.43077e-07
1.81813e-06
-8.34373e-07
2.02177e-06
-1.03738e-06
2.18374e-06
-1.24803e-06
2.30446e-06
-1.46256e-06
2.38489e-06
-1.67754e-06
2.42646e-06
-1.8899e-06
2.43095e-06
-2.09688e-06
2.40041e-06
-2.29603e-06
2.3371e-06
-2.48521e-06
2.24342e-06
-2.66256e-06
2.12185e-06
-2.82647e-06
1.9749e-06
-2.97555e-06
1.8051e-06
-3.10861e-06
1.61496e-06
-3.22463e-06
1.40697e-06
-3.32276e-06
1.1836e-06
-3.40226e-06
9.47288e-07
-3.46252e-06
7.00463e-07
-3.50304e-06
4.45562e-07
-3.52341e-06
1.85039e-07
-3.52332e-06
-7.86097e-08
-3.50256e-06
-3.42826e-07
-3.46102e-06
-6.0497e-07
-3.39875e-06
-8.62306e-07
-3.31589e-06
-1.11199e-06
-3.21278e-06
-1.35105e-06
-3.08996e-06
-1.5764e-06
-2.94818e-06
-1.78487e-06
-2.78846e-06
-1.97316e-06
-2.61212e-06
-2.13795e-06
-2.42082e-06
-2.2759e-06
-2.21657e-06
-2.3837e-06
-2.00181e-06
-2.45821e-06
-1.77936e-06
-2.49645e-06
-1.55247e-06
-2.49579e-06
-1.32483e-06
-2.454e-06
-1.10049e-06
-2.3694e-06
-8.83902e-07
-2.24094e-06
-6.79785e-07
-2.06834e-06
-4.93116e-07
-1.85219e-06
-3.29009e-07
-1.59397e-06
-1.92631e-07
-1.29618e-06
-8.90901e-08
-9.62297e-07
-2.33288e-08
-5.96772e-07
-2.05248e-07
-2.40251e-08
2.34026e-07
-9.08623e-08
6.69597e-07
-1.9511e-07
1.06741e-06
-3.31326e-07
1.42368e-06
-4.94143e-07
1.73586e-06
-6.78351e-07
2.00234e-06
-8.7898e-07
2.2224e-06
-1.09135e-06
2.39611e-06
-1.31114e-06
2.52425e-06
-1.53439e-06
2.60813e-06
-1.75751e-06
2.64959e-06
-1.97733e-06
2.65077e-06
-2.19103e-06
2.61411e-06
-2.39617e-06
2.54224e-06
-2.59062e-06
2.43788e-06
-2.77257e-06
2.3038e-06
-2.94047e-06
2.1428e-06
-3.09301e-06
1.95764e-06
-3.22908e-06
1.75103e-06
-3.34776e-06
1.52565e-06
-3.44824e-06
1.28409e-06
-3.52987e-06
1.02892e-06
-3.59209e-06
7.6268e-07
-3.63441e-06
4.87886e-07
-3.65645e-06
2.07072e-07
-3.65787e-06
-7.71907e-08
-3.63843e-06
-3.62266e-07
-3.59797e-06
-6.4543e-07
-3.53643e-06
-9.23843e-07
-3.45388e-06
-1.19454e-06
-3.35053e-06
-1.45439e-06
-3.22679e-06
-1.70015e-06
-3.08328e-06
-1.92838e-06
-2.92088e-06
-2.13556e-06
-2.7408e-06
-2.31803e-06
-2.54459e-06
-2.47211e-06
-2.33421e-06
-2.59409e-06
-2.11205e-06
-2.68037e-06
-1.88097e-06
-2.72753e-06
-1.64431e-06
-2.73245e-06
-1.40591e-06
-2.6924e-06
-1.17007e-06
-2.60524e-06
-9.41525e-07
-2.46948e-06
-7.25396e-07
-2.28447e-06
-5.271e-07
-2.05048e-06
-3.52253e-07
-1.76881e-06
-2.06556e-07
-1.44187e-06
-9.56708e-08
-1.07318e-06
-2.5093e-08
-6.6735e-07
-2.30341e-07
-2.54661e-08
2.59492e-07
-9.61916e-08
7.40323e-07
-2.06309e-07
1.17753e-06
-3.49905e-07
1.56728e-06
-5.21151e-07
1.9071e-06
-7.1441e-07
2.19559e-06
-9.24326e-07
2.43231e-06
-1.1459e-06
2.61768e-06
-1.37452e-06
2.75287e-06
-1.60603e-06
2.83964e-06
-1.83671e-06
2.88027e-06
-2.06329e-06
2.87735e-06
-2.28293e-06
2.83375e-06
-2.49318e-06
2.75249e-06
-2.69198e-06
2.63668e-06
-2.87759e-06
2.48941e-06
-3.04855e-06
2.31376e-06
-3.20365e-06
2.11275e-06
-3.34191e-06
1.88929e-06
-3.4625e-06
1.64623e-06
-3.56471e-06
1.3863e-06
-3.64798e-06
1.11219e-06
-3.7118e-06
8.26501e-07
-3.75574e-06
5.31826e-07
-3.77942e-06
2.3075e-07
-3.78251e-06
-7.4106e-08
-3.76472e-06
-3.80057e-07
-3.72582e-06
-6.84321e-07
-3.66568e-06
-9.83983e-07
-3.58425e-06
-1.27598e-06
-3.48158e-06
-1.55705e-06
-3.35795e-06
-1.82378e-06
-3.2138e-06
-2.07253e-06
-3.04986e-06
-2.2995e-06
-2.86716e-06
-2.50073e-06
-2.66714e-06
-2.67213e-06
-2.45163e-06
-2.8096e-06
-2.22296e-06
-2.90904e-06
-1.98398e-06
-2.96651e-06
-1.7381e-06
-2.97832e-06
-1.4893e-06
-2.94121e-06
-1.2421e-06
-2.85244e-06
-1.00156e-06
-2.71003e-06
-7.73193e-07
-2.51284e-06
-5.62908e-07
-2.26077e-06
-3.76869e-07
-1.95485e-06
-2.21373e-07
-1.59737e-06
-1.02706e-07
-1.19185e-06
-2.6989e-08
-7.43067e-07
-2.5733e-07
-2.69797e-08
2.86472e-07
-1.01765e-07
8.15108e-07
-2.17971e-07
1.29374e-06
-3.69158e-07
1.71846e-06
-5.48987e-07
2.08693e-06
-7.5135e-07
2.39796e-06
-9.70472e-07
2.65143e-06
-1.201e-06
2.84821e-06
-1.43805e-06
2.98992e-06
-1.67725e-06
3.07885e-06
-1.91475e-06
3.11777e-06
-2.14722e-06
3.10981e-06
-2.3718e-06
3.05833e-06
-2.58609e-06
2.96679e-06
-2.78811e-06
2.8387e-06
-2.97623e-06
2.67752e-06
-3.14911e-06
2.48664e-06
-3.30569e-06
2.26933e-06
-3.44512e-06
2.02872e-06
-3.5667e-06
1.76781e-06
-3.66987e-06
1.48947e-06
-3.75415e-06
1.19647e-06
-3.81912e-06
8.91471e-07
-3.8644e-06
5.77112e-07
-3.88965e-06
2.56001e-07
-3.89453e-06
-6.92256e-08
-3.87873e-06
-3.95865e-07
-3.84194e-06
-7.21107e-07
-3.78393e-06
-1.042e-06
-3.7045e-06
-1.3554e-06
-3.60359e-06
-1.65797e-06
-3.48125e-06
-1.94612e-06
-3.33775e-06
-2.21603e-06
-3.17361e-06
-2.46364e-06
-2.98967e-06
-2.68466e-06
-2.78716e-06
-2.87464e-06
-2.56778e-06
-3.02898e-06
-2.33373e-06
-3.14309e-06
-2.08782e-06
-3.21241e-06
-1.83348e-06
-3.23266e-06
-1.57481e-06
-3.19988e-06
-1.31654e-06
-3.11071e-06
-1.06405e-06
-2.96252e-06
-8.23285e-07
-2.7536e-06
-6.00671e-07
-2.48338e-06
-4.02977e-07
-2.15255e-06
-2.37171e-07
-1.76317e-06
-1.10245e-07
-1.31877e-06
-2.90322e-08
-8.2428e-07
-2.86362e-07
-2.8579e-08
3.15051e-07
-1.07626e-07
8.94155e-07
-2.30175e-07
1.41628e-06
-3.89193e-07
1.87748e-06
-5.77772e-07
2.27551e-06
-7.89277e-07
2.60946e-06
-1.01748e-06
2.87964e-06
-1.25664e-06
3.08737e-06
-1.50159e-06
3.23487e-06
-1.74775e-06
3.32501e-06
-1.99116e-06
3.36118e-06
-2.22843e-06
3.34708e-06
-2.45674e-06
3.28664e-06
-2.67376e-06
3.18381e-06
-2.87762e-06
3.04256e-06
-3.06684e-06
2.86674e-06
-3.24026e-06
2.66006e-06
-3.397e-06
2.42607e-06
-3.53637e-06
2.16809e-06
-3.65784e-06
1.88929e-06
-3.76101e-06
1.59264e-06
-3.84552e-06
1.28098e-06
-3.91106e-06
9.57011e-07
-3.95732e-06
6.2338e-07
-3.98401e-06
2.82686e-07
-3.99078e-06
-6.24525e-08
-3.9773e-06
-4.09353e-07
-3.94318e-06
-7.55218e-07
-3.88809e-06
-1.09709e-06
-3.81169e-06
-1.4318e-06
-3.71373e-06
-1.75593e-06
-3.59406e-06
-2.06579e-06
-3.45272e-06
-2.35738e-06
-3.28997e-06
-2.62639e-06
-3.10641e-06
-2.86822e-06
-2.90304e-06
-3.07802e-06
-2.68132e-06
-3.2507e-06
-2.44331e-06
-3.38109e-06
-2.19171e-06
-3.46401e-06
-1.92993e-06
-3.49444e-06
-1.66213e-06
-3.46768e-06
-1.39326e-06
-3.37958e-06
-1.12901e-06
-3.22677e-06
-8.7576e-07
-3.00684e-06
-6.40511e-07
-2.71863e-06
-4.30701e-07
-2.36236e-06
-2.54047e-07
-1.93983e-06
-1.18342e-07
-1.45448e-06
-3.12396e-08
-9.11383e-07
-3.17602e-07
-3.02802e-08
3.45331e-07
-1.13829e-07
9.77704e-07
-2.43019e-07
1.54547e-06
-4.10145e-07
2.04461e-06
-6.07653e-07
2.47302e-06
-8.28321e-07
2.83013e-06
-1.06541e-06
3.11673e-06
-1.31278e-06
3.33474e-06
-1.56496e-06
3.48704e-06
-1.81717e-06
3.57722e-06
-2.06534e-06
3.60935e-06
-2.30609e-06
3.58783e-06
-2.53663e-06
3.51718e-06
-2.75478e-06
3.40196e-06
-2.95883e-06
3.2466e-06
-3.14748e-06
3.05539e-06
-3.3198e-06
2.83238e-06
-3.47511e-06
2.58138e-06
-3.61295e-06
2.30593e-06
-3.733e-06
2.00933e-06
-3.83501e-06
1.69466e-06
-3.91881e-06
1.36477e-06
-3.9842e-06
1.0224e-06
-4.03097e-06
6.70154e-07
-4.05888e-06
3.1059e-07
-4.0676e-06
-5.37337e-08
-4.05675e-06
-4.20195e-07
-4.02592e-06
-7.86053e-07
-3.97462e-06
-1.14839e-06
-3.90237e-06
-1.50405e-06
-3.80871e-06
-1.84959e-06
-3.69327e-06
-2.18123e-06
-3.55581e-06
-2.49484e-06
-3.39631e-06
-2.78589e-06
-3.21506e-06
-3.04947e-06
-3.01275e-06
-3.28033e-06
-2.79058e-06
-3.47287e-06
-2.55037e-06
-3.6213e-06
-2.29464e-06
-3.71974e-06
-2.02673e-06
-3.76235e-06
-1.75083e-06
-3.74358e-06
-1.47205e-06
-3.65837e-06
-1.19638e-06
-3.50244e-06
-9.30681e-07
-3.27254e-06
-6.8255e-07
-2.96676e-06
-4.60168e-07
-2.58474e-06
-2.72101e-07
-2.1279e-06
-1.27058e-07
-1.59952e-06
-3.36304e-08
-1.00481e-06
-3.51232e-07
-3.21039e-08
3.77435e-07
-1.2044e-07
1.06604e-06
-2.56626e-07
1.68166e-06
-4.32181e-07
2.22016e-06
-6.38813e-07
2.67965e-06
-8.68636e-07
3.05995e-06
-1.11435e-06
3.36244e-06
-1.36938e-06
3.58977e-06
-1.62793e-06
3.74559e-06
-1.88505e-06
3.83434e-06
-2.13659e-06
3.86089e-06
-2.37918e-06
3.83042e-06
-2.61017e-06
3.74817e-06
-2.82753e-06
3.61932e-06
-3.02978e-06
3.44885e-06
-3.21588e-06
3.24149e-06
-3.38514e-06
3.00165e-06
-3.53717e-06
2.73341e-06
-3.67175e-06
2.44051e-06
-3.7888e-06
2.12639e-06
-3.88831e-06
1.79416e-06
-3.97026e-06
1.44673e-06
-4.03463e-06
1.08677e-06
-4.08131e-06
7.16839e-07
-4.11013e-06
3.39407e-07
-4.12079e-06
-4.30712e-08
-4.1129e-06
-4.28083e-07
-4.08596e-06
-8.12993e-07
-4.03938e-06
-1.19497e-06
-3.97251e-06
-1.57092e-06
-3.88467e-06
-1.93743e-06
-3.77521e-06
-2.29068e-06
-3.64361e-06
-2.62644e-06
-3.48949e-06
-2.94e-06
-3.3128e-06
-3.22617e-06
-3.11384e-06
-3.47928e-06
-2.89348e-06
-3.69323e-06
-2.65322e-06
-3.86157e-06
-2.39532e-06
-3.97764e-06
-2.12295e-06
-4.03471e-06
-1.8403e-06
-4.02624e-06
-1.55257e-06
-3.9461e-06
-1.26606e-06
-3.78895e-06
-9.88084e-07
-3.55051e-06
-7.26904e-07
-3.22794e-06
-4.91519e-07
-2.82012e-06
-2.91452e-07
-2.32796e-06
-1.36461e-07
-1.75451e-06
-3.62273e-08
-1.10504e-06
-3.8746e-07
-3.40768e-08
4.11512e-07
-1.27548e-07
1.15951e-06
-2.71152e-07
1.82526e-06
-4.55509e-07
2.40452e-06
-6.71477e-07
2.89562e-06
-9.10413e-07
3.29889e-06
-1.1644e-06
3.61642e-06
-1.42637e-06
3.85174e-06
-1.69022e-06
4.00945e-06
-1.95083e-06
4.09495e-06
-2.20402e-06
4.11408e-06
-2.44649e-06
4.0729e-06
-2.67577e-06
3.97745e-06
-2.89007e-06
3.83361e-06
-3.08817e-06
3.64696e-06
-3.26937e-06
3.42268e-06
-3.4333e-06
3.16557e-06
-3.57987e-06
2.87998e-06
-3.70917e-06
2.56982e-06
-3.82141e-06
2.23863e-06
-3.91682e-06
1.88957e-06
-3.99561e-06
1.52551e-06
-4.05792e-06
1.14907e-06
-4.10378e-06
7.62701e-07
-4.1331e-06
3.6873e-07
-4.14564e-06
-3.05343e-08
-4.14098e-06
-4.32739e-07
-4.11857e-06
-8.35406e-07
-4.07769e-06
-1.23585e-06
-4.01752e-06
-1.6311e-06
-3.93714e-06
-2.0178e-06
-3.83563e-06
-2.39219e-06
-3.7121e-06
-2.74997e-06
-3.56582e-06
-3.08629e-06
-3.39628e-06
-3.39571e-06
-3.20337e-06
-3.67219e-06
-2.9875e-06
-3.90909e-06
-2.74977e-06
-4.09931e-06
-2.49209e-06
-4.23532e-06
-2.2174e-06
-4.30941e-06
-1.92973e-06
-4.3139e-06
-1.63437e-06
-4.24146e-06
-1.33785e-06
-4.08547e-06
-1.04798e-06
-3.84039e-06
-7.73691e-07
-3.50223e-06
-5.24907e-07
-3.06891e-06
-3.12232e-07
-2.54064e-06
-1.46633e-07
-1.92011e-06
-3.90573e-08
-1.21262e-06
-4.26517e-07
-3.62332e-08
4.47745e-07
-1.35264e-07
1.25854e-06
-2.86796e-07
1.9768e-06
-4.80397e-07
2.59812e-06
-7.05929e-07
3.12115e-06
-9.53887e-07
3.54685e-06
-1.21565e-06
3.87818e-06
-1.48365e-06
4.11973e-06
-1.75146e-06
4.27726e-06
-2.01382e-06
4.3573e-06
-2.26656e-06
4.36682e-06
-2.50655e-06
4.31289e-06
-2.73155e-06
4.20245e-06
-2.94008e-06
4.04214e-06
-3.1313e-06
3.83818e-06
-3.30487e-06
3.59625e-06
-3.46082e-06
3.32152e-06
-3.59943e-06
3.01859e-06
-3.72114e-06
2.69154e-06
-3.82649e-06
2.34397e-06
-3.91598e-06
1.97906e-06
-3.99006e-06
1.5996e-06
-4.04909e-06
1.20811e-06
-4.09326e-06
8.06867e-07
-4.12257e-06
3.98041e-07
-4.13683e-06
-1.62703e-08
-4.13565e-06
-4.33927e-07
-4.11838e-06
-8.52667e-07
-4.08423e-06
-1.27001e-06
-4.03216e-06
-1.68316e-06
-3.96104e-06
-2.08892e-06
-3.86963e-06
-2.48361e-06
-3.75666e-06
-2.86294e-06
-3.62095e-06
-3.22199e-06
-3.46154e-06
-3.55512e-06
-3.27779e-06
-3.85594e-06
-3.06958e-06
-4.11731e-06
-2.83747e-06
-4.33141e-06
-2.58295e-06
-4.48984e-06
-2.30855e-06
-4.58381e-06
-2.0181e-06
-4.60435e-06
-1.71683e-06
-4.54273e-06
-1.41149e-06
-4.39081e-06
-1.11033e-06
-4.14155e-06
-8.23032e-07
-3.78953e-06
-5.60509e-07
-3.33143e-06
-3.34601e-07
-2.76655e-06
-1.57673e-07
-2.09704e-06
-4.21534e-08
-1.32814e-06
-4.6867e-07
-3.86182e-08
4.86363e-07
-1.43731e-07
1.36366e-06
-3.03814e-07
2.13688e-06
-5.07178e-07
2.80149e-06
-7.42521e-07
3.35649e-06
-9.99339e-07
3.80367e-06
-1.26823e-06
4.14707e-06
-1.54108e-06
4.39259e-06
-1.81117e-06
4.54735e-06
-2.07313e-06
4.61927e-06
-2.3229e-06
4.61659e-06
-2.55757e-06
4.54756e-06
-2.77524e-06
4.42012e-06
-2.97484e-06
4.24175e-06
-3.15598e-06
4.01932e-06
-3.31879e-06
3.75905e-06
-3.46373e-06
3.46646e-06
-3.59152e-06
3.14638e-06
-3.70302e-06
2.80304e-06
-3.79911e-06
2.44006e-06
-3.88061e-06
2.06056e-06
-3.94826e-06
1.66725e-06
-4.00263e-06
1.26247e-06
-4.04408e-06
8.48313e-07
-4.07274e-06
4.26702e-07
-4.08849e-06
-5.15653e-10
-4.09095e-06
-4.3147e-07
-4.07945e-06
-8.64171e-07
-4.05305e-06
-1.29641e-06
-4.01057e-06
-1.72563e-06
-3.95061e-06
-2.14888e-06
-3.87162e-06
-2.56261e-06
-3.77192e-06
-2.96264e-06
-3.64987e-06
-3.34404e-06
-3.50395e-06
-3.70104e-06
-3.33293e-06
-4.02696e-06
-3.13604e-06
-4.31419e-06
-2.91324e-06
-4.55421e-06
-2.66538e-06
-4.7377e-06
-2.3945e-06
-4.85468e-06
-2.10406e-06
-4.89479e-06
-1.79914e-06
-4.84765e-06
-1.48659e-06
-4.70336e-06
-1.17508e-06
-4.45306e-06
-8.75054e-07
-4.08955e-06
-5.98533e-07
-3.60795e-06
-3.58754e-07
-3.00632e-06
-1.69704e-07
-2.28609e-06
-4.55569e-08
-1.45229e-06
-5.14227e-07
-4.12905e-08
5.27654e-07
-1.53137e-07
1.4755e-06
-3.22531e-07
2.30627e-06
-5.36275e-07
3.01523e-06
-7.81685e-07
3.6019e-06
-1.0471e-06
4.06908e-06
-1.32225e-06
4.42222e-06
-1.59846e-06
4.6688e-06
-1.86872e-06
4.81761e-06
-2.12766e-06
4.8782e-06
-2.37139e-06
4.86032e-06
-2.59735e-06
4.77352e-06
-2.8041e-06
4.62687e-06
-2.99109e-06
4.42874e-06
-3.15848e-06
4.18671e-06
-3.30692e-06
3.9075e-06
-3.43743e-06
3.59697e-06
-3.55121e-06
3.26017e-06
-3.64957e-06
2.90139e-06
-3.73376e-06
2.52426e-06
-3.80499e-06
2.13179e-06
-3.86427e-06
1.72653e-06
-3.91241e-06
1.31061e-06
-3.94997e-06
8.85873e-07
-3.97722e-06
4.53955e-07
-3.99413e-06
1.63968e-08
-4.00034e-06
-4.25258e-07
-3.99516e-06
-8.69355e-07
-3.97755e-06
-1.31401e-06
-3.94618e-06
-1.75701e-06
-3.89938e-06
-2.19567e-06
-3.83528e-06
-2.6267e-06
-3.7518e-06
-3.04612e-06
-3.64678e-06
-3.44907e-06
-3.51809e-06
-3.82973e-06
-3.36383e-06
-4.18122e-06
-3.18251e-06
-4.49551e-06
-2.9733e-06
-4.76343e-06
-2.73629e-06
-4.97471e-06
-2.47286e-06
-5.11811e-06
-2.18592e-06
-5.18173e-06
-1.88023e-06
-5.15335e-06
-1.5626e-06
-5.02099e-06
-1.24209e-06
-4.77358e-06
-9.29889e-07
-4.40175e-06
-6.39227e-07
-3.89861e-06
-3.8493e-07
-3.26062e-06
-1.82881e-07
-2.48814e-06
-4.93204e-08
-1.58585e-06
-5.63548e-07
-4.4327e-08
5.71981e-07
-1.63724e-07
1.5949e-06
-3.43363e-07
2.48591e-06
-5.68215e-07
3.24008e-06
-8.23946e-07
3.85763e-06
-1.09756e-06
4.34269e-06
-1.37781e-06
4.70247e-06
-1.65545e-06
4.94644e-06
-1.92325e-06
5.08542e-06
-2.17593e-06
5.13088e-06
-2.40992e-06
5.09431e-06
-2.62316e-06
4.98676e-06
-2.81479e-06
4.8185e-06
-2.98491e-06
4.59886e-06
-3.13434e-06
4.33614e-06
-3.26438e-06
4.03754e-06
-3.37664e-06
3.70922e-06
-3.47287e-06
3.35639e-06
-3.55484e-06
2.98337e-06
-3.62428e-06
2.59369e-06
-3.68273e-06
2.19024e-06
-3.73152e-06
1.77532e-06
-3.77172e-06
1.35081e-06
-3.80409e-06
9.18245e-07
-3.82906e-06
4.78926e-07
-3.8467e-06
3.40327e-08
-3.85669e-06
-4.1527e-07
-3.85832e-06
-8.67719e-07
-3.85051e-06
-1.32183e-06
-3.83174e-06
-1.77578e-06
-3.80015e-06
-2.22725e-06
-3.75354e-06
-2.67332e-06
-3.68939e-06
-3.11026e-06
-3.60503e-06
-3.53343e-06
-3.49769e-06
-3.93707e-06
-3.36472e-06
-4.31419e-06
-3.20377e-06
-4.65646e-06
-3.01312e-06
-4.95409e-06
-2.79192e-06
-5.1959e-06
-2.54067e-06
-5.36936e-06
-2.26152e-06
-5.46089e-06
-1.95868e-06
-5.45618e-06
-1.63881e-06
-5.34086e-06
-1.31115e-06
-5.10124e-06
-9.87675e-07
-4.72522e-06
-6.82889e-07
-4.2034e-06
-4.13428e-07
-3.53008e-06
-1.97399e-07
-2.70417e-06
-5.35119e-08
-1.72973e-06
-6.17059e-07
-4.78293e-08
6.1981e-07
-1.75806e-07
1.72288e-06
-3.66842e-07
2.67695e-06
-6.03655e-07
3.47689e-06
-8.69927e-07
4.12391e-06
-1.1511e-06
4.62387e-06
-1.43489e-06
4.98626e-06
-1.71148e-06
5.22303e-06
-1.97354e-06
5.34747e-06
-2.216e-06
5.37334e-06
-2.43581e-06
5.31412e-06
-2.63157e-06
5.18252e-06
-2.8032e-06
4.99012e-06
-2.95159e-06
4.74725e-06
-3.07833e-06
4.46288e-06
-3.18546e-06
4.14467e-06
-3.27525e-06
3.79902e-06
-3.35007e-06
3.43121e-06
-3.41219e-06
3.0455e-06
-3.46379e-06
2.64529e-06
-3.50679e-06
2.23323e-06
-3.54284e-06
1.81137e-06
-3.57327e-06
1.38123e-06
-3.59904e-06
9.44018e-07
-3.62075e-06
5.00635e-07
-3.63857e-06
5.18573e-08
-3.65226e-06
-4.01578e-07
-3.66113e-06
-8.5885e-07
-3.66403e-06
-1.31894e-06
-3.65934e-06
-1.78047e-06
-3.645e-06
-2.2416e-06
-3.6185e-06
-2.69982e-06
-3.57693e-06
-3.15183e-06
-3.51709e-06
-3.59327e-06
-3.43554e-06
-4.01862e-06
-3.32881e-06
-4.42092e-06
-3.19363e-06
-4.79163e-06
-3.02722e-06
-5.12051e-06
-2.82762e-06
-5.3955e-06
-2.59419e-06
-5.60279e-06
-2.32807e-06
-5.72701e-06
-2.03267e-06
-5.75157e-06
-1.71419e-06
-5.65934e-06
-1.38194e-06
-5.43349e-06
-1.04854e-06
-5.05861e-06
-7.29881e-07
-4.52206e-06
-4.4463e-07
-3.81533e-06
-2.13516e-07
-2.93528e-06
-5.82207e-08
-1.88503e-06
-6.7528e-07
-5.19325e-08
6.71743e-07
-1.89792e-07
1.86074e-06
-3.93644e-07
2.8808e-06
-6.43401e-07
3.72665e-06
-9.2035e-07
4.40086e-06
-1.20814e-06
4.91166e-06
-1.49336e-06
5.27148e-06
-1.76569e-06
5.49536e-06
-2.01785e-06
5.59963e-06
-2.24524e-06
5.60073e-06
-2.44554e-06
5.51442e-06
-2.61824e-06
5.35522e-06
-2.76423e-06
5.13611e-06
-2.88537e-06
4.86839e-06
-2.98415e-06
4.56166e-06
-3.06344e-06
4.22395e-06
-3.12623e-06
3.86181e-06
-3.17552e-06
3.48049e-06
-3.21413e-06
3.08411e-06
-3.24467e-06
2.67584e-06
-3.26945e-06
2.25801e-06
-3.29042e-06
1.83234e-06
-3.30917e-06
1.39998e-06
-3.32686e-06
9.61708e-07
-3.34424e-06
5.18022e-07
-3.36163e-06
6.92429e-08
-3.37885e-06
-3.84359e-07
-3.39525e-06
-8.42451e-07
-3.40966e-06
-1.30452e-06
-3.42041e-06
-1.76972e-06
-3.42527e-06
-2.23674e-06
-3.42148e-06
-2.70362e-06
-3.40577e-06
-3.16754e-06
-3.37442e-06
-3.62462e-06
-3.32334e-06
-4.0697e-06
-3.24822e-06
-4.49604e-06
-3.14477e-06
-4.89508e-06
-3.009e-06
-5.25627e-06
-2.83767e-06
-5.56683e-06
-2.62875e-06
-5.81172e-06
-2.38202e-06
-5.97373e-06
-2.09976e-06
-6.03383e-06
-1.78737e-06
-5.97174e-06
-1.45393e-06
-5.76693e-06
-1.1126e-06
-5.39995e-06
-7.80639e-07
-4.85402e-06
-4.79023e-07
-4.11695e-06
-2.31565e-07
-3.18274e-06
-6.35658e-08
-2.05303e-06
-7.38846e-07
-5.68172e-08
7.2856e-07
-2.06221e-07
2.01014e-06
-4.24629e-07
3.09921e-06
-6.88434e-07
3.99046e-06
-9.76018e-07
4.68844e-06
-1.26898e-06
5.20462e-06
-1.55273e-06
5.55523e-06
-1.81664e-06
5.75926e-06
-2.05369e-06
5.83669e-06
-2.26007e-06
5.80711e-06
-2.43449e-06
5.68884e-06
-2.57763e-06
5.49836e-06
-2.69156e-06
5.25005e-06
-2.77928e-06
4.95611e-06
-2.84432e-06
4.62671e-06
-2.89045e-06
4.27008e-06
-2.92145e-06
3.8928e-06
-2.94093e-06
3.49998e-06
-2.95228e-06
3.09546e-06
-2.95851e-06
2.68207e-06
-2.96229e-06
2.26179e-06
-2.96585e-06
1.8359e-06
-2.971e-06
1.40513e-06
-2.9791e-06
9.69812e-07
-2.99106e-06
5.29981e-07
-3.00731e-06
8.54861e-08
-3.02777e-06
-3.639e-07
-3.05185e-06
-8.18364e-07
-3.07844e-06
-1.27794e-06
-3.1058e-06
-1.74235e-06
-3.13164e-06
-2.2109e-06
-3.15301e-06
-2.68225e-06
-3.16634e-06
-3.1542e-06
-3.16747e-06
-3.6235e-06
-3.15167e-06
-4.0855e-06
-3.11381e-06
-4.5339e-06
-3.04852e-06
-4.96037e-06
-2.95052e-06
-5.35426e-06
-2.81507e-06
-5.70229e-06
-2.63845e-06
-5.98833e-06
-2.41877e-06
-6.19342e-06
-2.1567e-06
-6.2959e-06
-1.8564e-06
-6.27203e-06
-1.52634e-06
-6.097e-06
-1.17989e-06
-5.74639e-06
-8.35685e-07
-5.19823e-06
-5.17229e-07
-4.43541e-06
-2.51989e-07
-3.44798e-06
-6.97079e-08
-2.23531e-06
-8.08554e-07
-6.27285e-08
7.91288e-07
-2.25801e-07
2.17321e-06
-4.6089e-07
3.3343e-06
-7.39926e-07
4.26949e-06
-1.03777e-06
4.98628e-06
-1.3337e-06
5.50056e-06
-1.61205e-06
5.83358e-06
-1.86207e-06
6.00929e-06
-2.07746e-06
6.05208e-06
-2.25557e-06
5.98522e-06
-2.39656e-06
5.82982e-06
-2.5026e-06
5.6044e-06
-2.57723e-06
5.32467e-06
-2.62476e-06
5.00364e-06
-2.64986e-06
4.65181e-06
-2.65727e-06
4.27749e-06
-2.65154e-06
3.88708e-06
-2.63694e-06
3.48537e-06
-2.61731e-06
3.07583e-06
-2.59608e-06
2.66084e-06
-2.57619e-06
2.2419e-06
-2.56012e-06
1.81982e-06
-2.54986e-06
1.39486e-06
-2.54692e-06
9.66878e-07
-2.55236e-06
5.35415e-07
-2.5667e-06
9.98346e-08
-2.59001e-06
-3.40595e-07
-2.62178e-06
-7.86594e-07
-2.66095e-06
-1.23876e-06
-2.70586e-06
-1.69744e-06
-2.75418e-06
-2.16258e-06
-2.80289e-06
-2.63354e-06
-2.84821e-06
-3.10888e-06
-2.88562e-06
-3.58608e-06
-2.90987e-06
-4.06125e-06
-2.91504e-06
-4.52873e-06
-2.8947e-06
-4.98071e-06
-2.84222e-06
-5.40675e-06
-2.75115e-06
-5.79336e-06
-2.61586e-06
-6.12363e-06
-2.43231e-06
-6.37696e-06
-2.1991e-06
-6.52911e-06
-1.91854e-06
-6.55259e-06
-1.59789e-06
-6.41765e-06
-1.25032e-06
-6.09395e-06
-8.95621e-07
-5.55294e-06
-5.60049e-07
-4.77098e-06
-2.75385e-07
-3.73264e-06
-7.68681e-08
-2.43383e-06
-8.85422e-07
-7.00042e-08
8.61293e-07
-2.49477e-07
2.35268e-06
-5.03817e-07
3.58864e-06
-7.99244e-07
4.56492e-06
-1.10637e-06
5.29341e-06
-1.40197e-06
5.79615e-06
-1.66945e-06
6.10106e-06
-1.89846e-06
6.2383e-06
-2.08394e-06
6.23756e-06
-2.22497e-06
6.12624e-06
-2.32363e-06
5.92848e-06
-2.38399e-06
5.66476e-06
-2.41129e-06
5.35198e-06
-2.41134e-06
5.00368e-06
-2.39003e-06
4.6305e-06
-2.35307e-06
4.24053e-06
-2.30577e-06
3.83978e-06
-2.25296e-06
3.43256e-06
-2.19891e-06
3.02178e-06
-2.14733e-06
2.60926e-06
-2.10138e-06
2.19596e-06
-2.06371e-06
1.78215e-06
-2.03642e-06
1.36758e-06
-2.02115e-06
9.51605e-07
-2.01903e-06
5.33296e-07
-2.03072e-06
1.11526e-07
-2.05638e-06
-3.14936e-07
-2.09564e-06
-7.47336e-07
-2.14756e-06
-1.18684e-06
-2.21059e-06
-1.63441e-06
-2.28249e-06
-2.09068e-06
-2.36026e-06
-2.55577e-06
-2.44008e-06
-3.02907e-06
-2.5172e-06
-3.50896e-06
-2.58599e-06
-3.99247e-06
-2.63985e-06
-4.47487e-06
-2.67139e-06
-4.94917e-06
-2.6726e-06
-5.40553e-06
-2.63526e-06
-5.8307e-06
-2.55152e-06
-6.20737e-06
-2.41481e-06
-6.51366e-06
-2.22101e-06
-6.72291e-06
-1.96986e-06
-6.80374e-06
-1.6666e-06
-6.72092e-06
-1.32351e-06
-6.43704e-06
-9.61106e-07
-5.91534e-06
-6.08509e-07
-5.12358e-06
-3.02556e-07
-4.0386e-06
-8.53554e-08
-2.65103e-06
-9.70777e-07
-7.91188e-08
9.40411e-07
-2.78517e-07
2.55208e-06
-5.55157e-07
3.86528e-06
-8.6791e-07
4.87767e-06
-1.18232e-06
5.60782e-06
-1.47259e-06
6.08642e-06
-1.72168e-06
6.35015e-06
-1.92034e-06
6.43697e-06
-2.06557e-06
6.38279e-06
-2.1589e-06
6.21957e-06
-2.20491e-06
5.97448e-06
-2.20996e-06
5.66981e-06
-2.18126e-06
5.32328e-06
-2.12623e-06
4.94865e-06
-2.05201e-06
4.55628e-06
-1.96522e-06
4.15375e-06
-1.87185e-06
3.74641e-06
-1.77716e-06
3.33787e-06
-1.68572e-06
2.93033e-06
-1.60141e-06
2.52495e-06
-1.5275e-06
2.12205e-06
-1.46668e-06
1.72133e-06
-1.42111e-06
1.32201e-06
-1.39245e-06
9.2295e-07
-1.38191e-06
5.22756e-07
-1.39023e-06
1.19841e-07
-1.41767e-06
-2.87494e-07
-1.46402e-06
-7.00989e-07
-1.52851e-06
-1.12234e-06
-1.6098e-06
-1.55313e-06
-1.70583e-06
-1.99465e-06
-1.81378e-06
-2.44782e-06
-1.92992e-06
-2.91293e-06
-2.04951e-06
-3.38936e-06
-2.16672e-06
-3.87526e-06
-2.2745e-06
-4.36709e-06
-2.36465e-06
-4.85902e-06
-2.4279e-06
-5.34228e-06
-2.45423e-06
-5.80438e-06
-2.43341e-06
-6.22819e-06
-2.35592e-06
-6.59115e-06
-2.21426e-06
-6.86457e-06
-2.00469e-06
-7.01331e-06
-1.72934e-06
-6.99626e-06
-1.39854e-06
-6.76784e-06
-1.03278e-06
-6.2811e-06
-6.63911e-07
-5.49245e-06
-3.34603e-07
-4.3679e-06
-9.56118e-08
-2.89002e-06
-1.06639e-06
-9.07553e-08
1.03117e-06
-3.14649e-07
2.77598e-06
-6.17093e-07
4.16772e-06
-9.47479e-07
5.20806e-06
-1.26546e-06
5.92581e-06
-1.5429e-06
6.36385e-06
-1.76319e-06
6.57044e-06
-1.91935e-06
6.59312e-06
-2.01148e-06
6.47492e-06
-2.04448e-06
6.25258e-06
-2.02607e-06
5.95608e-06
-1.96531e-06
5.60905e-06
-1.87158e-06
5.22955e-06
-1.75391e-06
4.83098e-06
-1.62061e-06
4.42299e-06
-1.47911e-06
4.01225e-06
-1.33587e-06
3.60317e-06
-1.19642e-06
3.19842e-06
-1.06542e-06
2.79934e-06
-9.46783e-07
2.40631e-06
-8.43712e-07
2.01898e-06
-7.58831e-07
1.63645e-06
-6.94234e-07
1.25741e-06
-6.51548e-07
8.80264e-07
-6.31971e-07
5.03179e-07
-6.36292e-07
1.24162e-07
-6.64892e-07
-2.58895e-07
-7.17717e-07
-6.48164e-07
-7.94235e-07
-1.04582e-06
-8.93364e-07
-1.454e-06
-1.01337e-06
-1.87464e-06
-1.15177e-06
-2.30943e-06
-1.30513e-06
-2.75957e-06
-1.46895e-06
-3.22554e-06
-1.63748e-06
-3.70674e-06
-1.80353e-06
-4.20104e-06
-1.95837e-06
-4.70418e-06
-2.09172e-06
-5.20893e-06
-2.19189e-06
-5.7042e-06
-2.24625e-06
-6.17383e-06
-2.24199e-06
-6.59541e-06
-2.16758e-06
-6.93898e-06
-2.01474e-06
-7.16616e-06
-1.78111e-06
-7.22989e-06
-1.47351e-06
-7.07545e-06
-1.1111e-06
-6.6435e-06
-7.27873e-07
-5.87568e-06
-3.73049e-07
-4.72273e-06
-1.08284e-07
-3.15478e-06
-1.17467e-06
-1.05926e-07
1.13709e-06
-3.60242e-07
3.03029e-06
-6.92281e-07
4.49976e-06
-1.03924e-06
5.55502e-06
-1.35426e-06
6.24082e-06
-1.60767e-06
6.61726e-06
-1.78488e-06
6.74765e-06
-1.88279e-06
6.69103e-06
-1.90608e-06
6.49822e-06
-1.86406e-06
6.21056e-06
-1.76824e-06
5.86025e-06
-1.63067e-06
5.47148e-06
-1.46294e-06
5.06183e-06
-1.27563e-06
4.64367e-06
-1.078e-06
4.22535e-06
-8.77986e-07
3.81224e-06
-6.82271e-07
3.40746e-06
-4.9638e-07
3.01252e-06
-3.24848e-07
2.62781e-06
-1.71368e-07
2.25283e-06
-3.89245e-08
1.88654e-06
7.00847e-08
1.52744e-06
1.53753e-07
1.17374e-06
2.10587e-07
8.23429e-07
2.39458e-07
4.74308e-07
2.3957e-07
1.2405e-07
2.10453e-07
-2.29777e-07
1.51982e-07
-5.89692e-07
6.44205e-08
-9.58264e-07
-5.15038e-08
-1.33807e-06
-1.94497e-07
-1.73165e-06
-3.62556e-07
-2.14137e-06
-5.52795e-07
-2.56933e-06
-7.61228e-07
-3.0171e-06
-9.82522e-07
-3.48544e-06
-1.20973e-06
-3.97383e-06
-1.43406e-06
-4.47985e-06
-1.64462e-06
-4.99837e-06
-1.82843e-06
-5.52039e-06
-1.9706e-06
-6.03167e-06
-2.05495e-06
-6.51105e-06
-2.06536e-06
-6.92857e-06
-1.98786e-06
-7.24365e-06
-1.81394e-06
-7.40381e-06
-1.54473e-06
-7.34465e-06
-1.19595e-06
-6.99229e-06
-8.02326e-07
-6.2693e-06
-4.20013e-07
-5.10504e-06
-1.24348e-07
-3.45045e-06
-1.29902e-06
-1.2618e-07
1.26327e-06
-4.18577e-07
3.32269e-06
-7.83782e-07
4.86496e-06
-1.14356e-06
5.9148e-06
-1.44451e-06
6.54177e-06
-1.65735e-06
6.83011e-06
-1.77202e-06
6.86232e-06
-1.79165e-06
6.71066e-06
-1.72727e-06
6.43384e-06
-1.59368e-06
6.07697e-06
-1.40671e-06
5.67328e-06
-1.18152e-06
5.24628e-06
-9.31743e-07
4.81205e-06
-6.69132e-07
4.38105e-06
-4.03517e-07
3.95974e-06
-1.42952e-07
3.55167e-06
1.06067e-07
3.15844e-06
3.38355e-07
2.78024e-06
5.49809e-07
2.41635e-06
7.37189e-07
2.06545e-06
8.97945e-07
1.72578e-06
1.03007e-06
1.39532e-06
1.13197e-06
1.07184e-06
1.20239e-06
7.5301e-07
1.24034e-06
4.36354e-07
1.24508e-06
1.19315e-07
1.21606e-06
-2.00759e-07
1.15298e-06
-5.26616e-07
1.05581e-06
-8.61097e-07
9.24864e-07
-1.20712e-06
7.6088e-07
-1.56766e-06
5.65207e-07
-1.9457e-06
3.39976e-07
-2.3441e-06
8.83535e-08
-2.76548e-06
-1.85152e-07
-3.21194e-06
-4.74327e-07
-3.68465e-06
-7.70851e-07
-4.18333e-06
-1.0639e-06
-4.70532e-06
-1.3398e-06
-5.24448e-06
-1.58192e-06
-5.78954e-06
-1.77097e-06
-6.32201e-06
-1.88593e-06
-6.81361e-06
-1.9062e-06
-7.22339e-06
-1.81512e-06
-7.49489e-06
-1.60534e-06
-7.55443e-06
-1.28583e-06
-7.3118e-06
-8.8937e-07
-6.66576e-06
-4.78453e-07
-5.51596e-06
-1.45318e-07
-3.78358e-06
-1.44434e-06
-1.53969e-07
1.41724e-06
-4.94177e-07
3.6629e-06
-8.94691e-07
5.26548e-06
-1.25844e-06
6.27856e-06
-1.527e-06
6.81032e-06
-1.67516e-06
6.97827e-06
-1.70126e-06
6.88843e-06
-1.61779e-06
6.62718e-06
-1.44402e-06
6.26007e-06
-1.20121e-06
5.83416e-06
-9.09682e-07
5.38175e-06
-5.87425e-07
4.92403e-06
-2.49575e-07
4.4742e-06
9.15591e-08
4.03992e-06
4.26217e-07
3.62508e-06
7.46803e-07
3.23109e-06
1.04749e-06
2.85775e-06
1.32386e-06
2.50387e-06
1.57257e-06
2.16764e-06
1.7911e-06
1.84692e-06
1.97756e-06
1.53933e-06
2.13048e-06
1.2424e-06
2.24871e-06
9.53608e-07
2.33134e-06
6.70378e-07
2.3776e-06
3.90095e-07
2.38683e-06
1.10089e-07
2.35845e-06
-1.72386e-07
2.29201e-06
-4.60175e-07
2.18716e-06
-7.56242e-07
2.04373e-06
-1.0637e-06
1.86186e-06
-1.38579e-06
1.64209e-06
-1.72593e-06
1.38559e-06
-2.0876e-06
1.09442e-06
-2.4743e-06
7.71833e-07
-2.88935e-06
4.22783e-07
-3.3356e-06
5.43989e-08
-3.81495e-06
-3.23377e-07
-4.32755e-06
-6.9715e-07
-4.87071e-06
-1.04952e-06
-5.43717e-06
-1.35879e-06
-6.01273e-06
-1.59941e-06
-6.57299e-06
-1.74351e-06
-7.07929e-06
-1.76443e-06
-7.47398e-06
-1.64289e-06
-7.67597e-06
-1.37634e-06
-7.57836e-06
-9.90756e-07
-7.05134e-06
-5.5245e-07
-5.95426e-06
-1.73616e-07
-4.16242e-06
-1.61796e-06
-1.93275e-07
1.61052e-06
-5.93109e-07
4.06273e-06
-1.02696e-06
5.69933e-06
-1.37665e-06
6.62825e-06
-1.58333e-06
7.017e-06
-1.63241e-06
7.02735e-06
-1.53621e-06
6.79222e-06
-1.32012e-06
6.41109e-06
-1.01347e-06
5.95342e-06
-6.44297e-07
5.46499e-06
-2.36956e-07
4.97441e-06
1.88652e-07
4.49842e-06
6.16915e-07
4.04594e-06
1.03595e-06
3.62088e-06
1.43695e-06
3.22408e-06
1.8135e-06
2.85454e-06
2.16101e-06
2.51023e-06
2.47629e-06
2.18859e-06
2.75709e-06
1.88684e-06
3.00189e-06
1.60212e-06
3.20963e-06
1.33159e-06
3.37953e-06
1.0725e-06
3.51101e-06
8.22126e-07
3.60357e-06
5.77822e-07
3.65671e-06
3.36955e-07
3.66992e-06
9.68791e-08
3.64263e-06
-1.45102e-07
3.57424e-06
-3.91783e-07
3.4641e-06
-6.46096e-07
3.31156e-06
-9.11162e-07
3.1161e-06
-1.19033e-06
2.87737e-06
-1.4872e-06
2.59541e-06
-1.80565e-06
2.27092e-06
-2.14981e-06
1.90555e-06
-2.52398e-06
1.5024e-06
-2.93246e-06
1.06667e-06
-3.37921e-06
6.0639e-07
-3.86727e-06
1.33411e-07
-4.39773e-06
-3.35551e-07
-4.96821e-06
-7.77947e-07
-5.57033e-06
-1.16484e-06
-6.18609e-06
-1.46146e-06
-6.78267e-06
-1.62986e-06
-7.30558e-06
-1.63518e-06
-7.67065e-06
-1.457e-06
-7.75654e-06
-1.10648e-06
-7.40186e-06
-6.47397e-07
-6.41335e-06
-2.13204e-07
-4.59661e-06
-1.83116e-06
-2.50655e-07
1.86117e-06
-7.22826e-07
4.5349e-06
-1.17828e-06
6.15479e-06
-1.4798e-06
6.92976e-06
-1.57865e-06
7.11584e-06
-1.48128e-06
6.92999e-06
-1.2211e-06
6.53203e-06
-8.39869e-07
6.02987e-06
-3.77679e-07
5.49123e-06
1.31496e-07
4.95582e-06
6.60877e-07
4.44503e-06
1.19039e-06
3.9689e-06
1.70558e-06
3.53076e-06
2.19633e-06
3.13012e-06
2.65587e-06
2.76455e-06
3.07978e-06
2.43064e-06
3.46533e-06
2.12468e-06
3.81094e-06
1.84298e-06
4.11581e-06
1.58197e-06
4.3796e-06
1.33833e-06
4.60222e-06
1.10898e-06
4.7837e-06
8.91018e-07
4.92407e-06
6.81749e-07
5.02331e-06
4.78586e-07
5.08124e-06
2.79028e-07
5.09752e-06
8.05958e-08
5.07164e-06
-1.19219e-07
5.00286e-06
-3.23012e-07
4.89029e-06
-5.33523e-07
4.73283e-06
-7.53704e-07
4.52928e-06
-9.86781e-07
4.27841e-06
-1.23632e-06
3.97906e-06
-1.5063e-06
3.63039e-06
-1.80114e-06
3.23216e-06
-2.12575e-06
2.78518e-06
-2.48548e-06
2.29194e-06
-2.88598e-06
1.75751e-06
-3.33283e-06
1.19067e-06
-3.8309e-06
6.05477e-07
-4.38302e-06
2.29824e-08
-4.98784e-06
-5.26986e-07
-5.63613e-06
-1.00469e-06
-6.30496e-06
-1.36123e-06
-6.94904e-06
-1.54332e-06
-7.48856e-06
-1.50525e-06
-7.7946e-06
-1.2313e-06
-7.67581e-06
-7.69599e-07
-6.87505e-06
-2.70605e-07
-5.0956e-06
-2.10177e-06
-3.3675e-07
2.19792e-06
-8.90164e-07
5.08832e-06
-1.33436e-06
6.59898e-06
-1.52675e-06
7.12215e-06
-1.44911e-06
7.0382e-06
-1.14377e-06
6.62465e-06
-6.72512e-07
6.06077e-06
-9.508e-08
5.45243e-06
5.39347e-07
4.8568e-06
1.19382e-06
4.30135e-06
1.84225e-06
3.7966e-06
2.46714e-06
3.34401e-06
3.05733e-06
2.94056e-06
3.60616e-06
2.5813e-06
4.10999e-06
2.26072e-06
4.56719e-06
1.97343e-06
4.97741e-06
1.71446e-06
5.34104e-06
1.47935e-06
5.65887e-06
1.26414e-06
5.93185e-06
1.06535e-06
6.16094e-06
8.79885e-07
6.34699e-06
7.04965e-07
6.49067e-06
5.38066e-07
6.59242e-06
3.76841e-07
6.65239e-06
2.19056e-07
6.67046e-06
6.25314e-08
6.64616e-06
-9.49239e-08
6.57872e-06
-2.55573e-07
6.46702e-06
-4.21817e-07
6.30958e-06
-5.96269e-07
6.10463e-06
-7.8183e-07
5.85009e-06
-9.81779e-07
5.54367e-06
-1.19987e-06
5.18298e-06
-1.44046e-06
4.7658e-06
-1.70856e-06
4.29033e-06
-2.01001e-06
3.75583e-06
-2.35148e-06
3.1634e-06
-2.74041e-06
2.51726e-06
-3.18476e-06
1.82649e-06
-3.69224e-06
1.10746e-06
-4.26881e-06
3.8691e-07
-4.91557e-06
-2.94769e-07
-5.62328e-06
-8.81059e-07
-6.36275e-06
-1.30029e-06
-7.06932e-06
-1.47493e-06
-7.61996e-06
-1.34646e-06
-7.80428e-06
-9.23726e-07
-7.29779e-06
-3.56271e-07
-5.66306e-06
-2.45804e-06
-4.67157e-07
2.66508e-06
-1.09302e-06
5.71418e-06
-1.45056e-06
6.95652e-06
-1.43127e-06
7.10286e-06
-1.0815e-06
6.68843e-06
-4.96344e-07
6.0395e-06
2.30367e-07
5.33406e-06
1.0243e-06
4.6585e-06
1.83308e-06
4.04803e-06
2.62265e-06
3.51178e-06
3.37245e-06
3.0468e-06
4.07113e-06
2.64533e-06
4.7133e-06
2.29839e-06
5.2973e-06
1.99731e-06
5.82361e-06
1.7344e-06
6.29397e-06
1.50308e-06
6.71063e-06
1.2978e-06
7.07607e-06
1.11391e-06
7.39269e-06
9.47528e-07
7.66268e-06
7.95357e-07
7.88798e-06
6.54585e-07
8.07018e-06
5.2277e-07
8.2105e-06
3.97744e-07
8.3098e-06
2.77537e-07
8.36855e-06
1.60308e-07
8.3868e-06
4.42792e-08
8.3642e-06
-7.23209e-08
8.29995e-06
-1.9132e-07
8.19279e-06
-3.14665e-07
8.04102e-06
-4.44491e-07
7.84239e-06
-5.83202e-07
7.59418e-06
-7.33566e-07
7.29313e-06
-8.98831e-07
6.93553e-06
-1.08286e-06
6.51726e-06
-1.29029e-06
6.034e-06
-1.52675e-06
5.48157e-06
-1.79905e-06
4.85657e-06
-2.11541e-06
4.1574e-06
-2.48559e-06
3.386e-06
-2.92085e-06
2.55051e-06
-3.43332e-06
1.66923e-06
-4.0343e-06
7.76137e-07
-4.73019e-06
-7.26429e-08
-5.51397e-06
-7.9322e-07
-6.34875e-06
-1.27512e-06
-7.13806e-06
-1.40098e-06
-7.67842e-06
-1.10342e-06
-7.59535e-06
-4.84947e-07
-6.28153e-06
-2.94298e-06
-6.56502e-07
3.32158e-06
-1.2924e-06
6.35008e-06
-1.41006e-06
7.07418e-06
-1.02127e-06
6.71407e-06
-2.82521e-07
5.94968e-06
6.48741e-07
5.10824e-06
1.6543e-06
4.32851e-06
2.65792e-06
3.65488e-06
3.61578e-06
3.09017e-06
4.50559e-06
2.62196e-06
5.31827e-06
2.23412e-06
6.05226e-06
1.91135e-06
6.71e-06
1.64065e-06
7.29584e-06
1.41146e-06
7.81484e-06
1.2154e-06
8.27207e-06
1.04585e-06
8.67231e-06
8.97558e-07
9.01985e-06
7.6637e-07
9.31845e-06
6.48929e-07
9.57131e-06
5.42497e-07
9.78109e-06
4.44804e-07
9.94993e-06
3.53929e-07
1.00795e-05
2.68203e-07
1.01709e-05
1.86139e-07
1.02248e-05
1.06366e-07
1.02415e-05
2.75758e-08
1.02207e-05
-5.15272e-08
1.01617e-05
-1.32277e-07
1.00631e-05
-2.16099e-07
9.92319e-06
-3.04566e-07
9.73946e-06
-3.99471e-07
9.5088e-06
-5.0291e-07
9.22736e-06
-6.1739e-07
8.89047e-06
-7.45965e-07
8.49259e-06
-8.92416e-07
8.02733e-06
-1.06148e-06
7.48745e-06
-1.25918e-06
6.86521e-06
-1.49316e-06
6.15284e-06
-1.77322e-06
5.34383e-06
-2.11183e-06
4.43507e-06
-2.52456e-06
3.43085e-06
-3.03008e-06
2.34939e-06
-3.64872e-06
1.233e-06
-4.39758e-06
1.61743e-07
-5.27749e-06
-7.3336e-07
-6.24296e-06
-1.27073e-06
-7.14105e-06
-1.26163e-06
-7.60445e-06
-6.6822e-07
-6.87494e-06
-3.6112e-06
-8.8803e-07
4.20961e-06
-1.33348e-06
6.79554e-06
-9.35243e-07
6.67594e-06
2.92385e-08
5.74959e-06
1.26092e-06
4.71801e-06
2.55959e-06
3.80956e-06
3.81286e-06
3.07523e-06
4.96783e-06
2.49991e-06
6.00609e-06
2.05191e-06
6.92702e-06
1.70103e-06
7.73803e-06
1.4231e-06
8.44953e-06
1.19985e-06
9.07233e-06
1.01785e-06
9.61653e-06
8.67258e-07
1.00911e-05
7.40834e-07
1.05037e-05
6.33196e-07
1.0861e-05
5.40285e-07
1.11684e-05
4.58996e-07
1.14304e-05
3.86911e-07
1.16508e-05
3.22109e-07
1.18326e-05
2.63037e-07
1.19781e-05
2.08407e-07
1.20892e-05
1.57118e-07
1.21671e-05
1.08208e-07
1.22127e-05
6.07974e-08
1.22262e-05
1.40571e-08
1.22075e-05
-3.28309e-08
1.21559e-05
-8.07068e-08
1.20703e-05
-1.30469e-07
1.19488e-05
-1.83118e-07
1.17892e-05
-2.39801e-07
1.15881e-05
-3.01878e-07
1.13418e-05
-3.71002e-07
1.1045e-05
-4.49225e-07
1.06917e-05
-5.39147e-07
1.02744e-05
-6.44125e-07
9.78377e-06
-7.68563e-07
9.20894e-06
-9.18325e-07
8.53705e-06
-1.10134e-06
7.75365e-06
-1.32843e-06
6.84359e-06
-1.6145e-06
5.79351e-06
-1.98e-06
4.59718e-06
-2.4524e-06
3.26623e-06
-3.06663e-06
1.84946e-06
-3.86072e-06
4.62713e-07
-4.85621e-06
-6.76078e-07
-6.00226e-06
-1.23212e-06
-7.04841e-06
-8.81357e-07
-7.2257e-06
-4.49256e-06
-1.01533e-06
5.22494e-06
-7.47875e-07
6.52808e-06
5.83975e-07
5.34409e-06
2.29991e-06
4.03366e-06
4.01952e-06
2.99839e-06
5.58467e-06
2.2444e-06
6.94881e-06
1.7111e-06
8.11554e-06
1.33319e-06
9.10702e-06
1.06042e-06
9.94934e-06
8.58715e-07
1.06667e-05
7.05751e-07
1.12796e-05
5.86913e-07
1.1805e-05
4.92502e-07
1.22563e-05
4.15958e-07
1.26444e-05
3.52739e-07
1.29779e-05
2.99628e-07
1.32639e-05
2.5429e-07
1.35079e-05
2.14991e-07
1.37144e-05
1.80418e-07
1.3887e-05
1.49549e-07
1.40285e-05
1.21571e-07
1.4141e-05
9.58212e-08
1.42264e-05
7.17437e-08
1.42858e-05
4.88547e-08
1.43198e-05
2.6719e-08
1.4329e-05
4.92792e-09
1.43131e-05
-1.69194e-08
1.42716e-05
-3.92341e-08
1.42036e-05
-6.24568e-08
1.41075e-05
-8.70796e-08
1.39814e-05
-1.13672e-07
1.38225e-05
-1.42916e-07
1.36271e-05
-1.75648e-07
1.33908e-05
-2.12926e-07
1.31078e-05
-2.56113e-07
1.27706e-05
-3.07007e-07
1.23701e-05
-3.68032e-07
1.18943e-05
-4.4253e-07
1.13282e-05
-5.35215e-07
1.06527e-05
-6.52908e-07
9.84389e-06
-8.05716e-07
8.87286e-06
-1.00897e-06
7.70676e-06
-1.28629e-06
6.31444e-06
-1.67431e-06
4.68185e-06
-2.22813e-06
2.84726e-06
-3.02162e-06
9.71014e-07
-4.12601e-06
-5.42737e-07
-5.53466e-06
-9.63004e-07
-6.80543e-06
-5.45556e-06
-2.34978e-07
5.45992e-06
1.80398e-06
4.48912e-06
4.40145e-06
2.74661e-06
6.72175e-06
1.71336e-06
8.60683e-06
1.11332e-06
1.00972e-05
7.53983e-07
1.12737e-05
5.34627e-07
1.22108e-05
3.96118e-07
1.29668e-05
3.04439e-07
1.35847e-05
2.40745e-07
1.4096e-05
1.94537e-07
1.45231e-05
1.59755e-07
1.48829e-05
1.32751e-07
1.51876e-05
1.11231e-07
1.54466e-05
9.36952e-08
1.56671e-05
7.91213e-08
1.58546e-05
6.67911e-08
1.60134e-05
5.61839e-08
1.6147e-05
4.69118e-08
1.62578e-05
3.86784e-08
1.63481e-05
3.12511e-08
1.64195e-05
2.44423e-08
1.64732e-05
1.80959e-08
1.65099e-05
1.20777e-08
1.65304e-05
6.26762e-09
1.65348e-05
5.5366e-10
1.6523e-05
-5.17412e-09
1.64948e-05
-1.10278e-08
1.64495e-05
-1.7128e-08
1.6386e-05
-2.36101e-08
1.6303e-05
-3.06313e-08
1.61984e-05
-3.83815e-08
1.60699e-05
-4.7096e-08
1.5914e-05
-5.70752e-08
1.57266e-05
-6.87117e-08
1.55022e-05
-8.2532e-08
1.52334e-05
-9.92599e-08
1.49108e-05
-1.1992e-07
1.45216e-05
-1.46009e-07
1.40485e-05
-1.79801e-07
1.34677e-05
-2.24891e-07
1.27459e-05
-2.87252e-07
1.18369e-05
-3.77295e-07
1.06766e-05
-5.13949e-07
9.18067e-06
-7.32228e-07
7.25446e-06
-1.09542e-06
4.84335e-06
-1.7149e-06
2.10375e-06
-2.79506e-06
-1.0574e-07
-4.59594e-06
-5.5613e-06
5.45992e-06
9.94904e-06
1.26957e-05
1.4409e-05
1.55223e-05
1.62763e-05
1.68109e-05
1.72071e-05
1.75115e-05
1.77522e-05
1.79468e-05
1.81065e-05
1.82393e-05
1.83505e-05
1.84442e-05
1.85233e-05
1.85901e-05
1.86463e-05
1.86932e-05
1.87319e-05
1.87632e-05
1.87876e-05
1.88057e-05
1.88178e-05
1.8824e-05
1.88246e-05
1.88194e-05
1.88084e-05
1.87913e-05
1.87677e-05
1.8737e-05
1.86986e-05
1.86515e-05
1.85945e-05
1.85258e-05
1.84432e-05
1.8344e-05
1.8224e-05
1.8078e-05
1.78982e-05
1.76733e-05
1.73861e-05
1.70088e-05
1.64948e-05
1.57626e-05
1.46672e-05
1.29523e-05
1.01572e-05
5.5613e-06
)
;

boundaryField
{
    movingWall
    {
        type            calculated;
        value           uniform 0;
    }
    fixedWalls
    {
        type            calculated;
        value           uniform 0;
    }
    frontAndBack
    {
        type            empty;
        value           nonuniform List<scalar> 0();
    }
}


// ************************************************************************* //
