/*--------------------------------*- C++ -*----------------------------------*\
| =========                 |                                                 |
| \\      /  F ield         | OpenFOAM: The Open Source CFD Toolbox           |
|  \\    /   O peration     | Version:  v2012                                 |
|   \\  /    A nd           | Website:  www.openfoam.com                      |
|    \\/     M anipulation  |                                                 |
\*---------------------------------------------------------------------------*/
FoamFile
{
    version     2.0;
    format      ascii;
    class       volVectorField;
    location    "0.4";
    object      U;
}
// * * * * * * * * * * * * * * * * * * * * * * * * * * * * * * * * * * * * * //

dimensions      [0 1 -1 0 0 0 0];


internalField   nonuniform List<vector> 
2500
(
(3.26597e-05 -3.28293e-05 0)
(9.87585e-05 -4.07321e-05 0)
(0.00013732 -2.09861e-05 0)
(0.000106249 7.85393e-06 0)
(-8.73318e-06 3.77377e-05 0)
(-0.000206069 6.53597e-05 0)
(-0.000478418 8.94078e-05 0)
(-0.000815957 0.000109469 0)
(-0.00120774 0.000125519 0)
(-0.0016425 0.000137697 0)
(-0.00210906 0.000146208 0)
(-0.00259665 0.000151283 0)
(-0.00309494 0.000153164 0)
(-0.00359425 0.000152091 0)
(-0.00408551 0.000148304 0)
(-0.00456031 0.000142037 0)
(-0.00501095 0.000133518 0)
(-0.00543042 0.000122971 0)
(-0.00581241 0.000110616 0)
(-0.00615132 9.66717e-05 0)
(-0.00644225 8.1354e-05 0)
(-0.00668105 6.48804e-05 0)
(-0.00686426 4.74707e-05 0)
(-0.00698919 2.93491e-05 0)
(-0.00705393 1.07457e-05 0)
(-0.00705731 -8.10195e-06 0)
(-0.006999 -2.69482e-05 0)
(-0.00687949 -4.55384e-05 0)
(-0.00670013 -6.36092e-05 0)
(-0.00646314 -8.08886e-05 0)
(-0.00617165 -9.70973e-05 0)
(-0.0058297 -0.000111951 0)
(-0.00544223 -0.00012516 0)
(-0.00501511 -0.000136437 0)
(-0.0045551 -0.000145496 0)
(-0.00406984 -0.000152058 0)
(-0.00356779 -0.000155853 0)
(-0.00305817 -0.000156629 0)
(-0.00255091 -0.000154147 0)
(-0.0020565 -0.000148197 0)
(-0.00158593 -0.000138594 0)
(-0.00115046 -0.000125191 0)
(-0.000761451 -0.000107892 0)
(-0.000430031 -8.66977e-05 0)
(-0.000166605 -6.17881e-05 0)
(1.9965e-05 -3.37529e-05 0)
(0.000123743 -4.07438e-06 0)
(0.000144914 2.37935e-05 0)
(9.9827e-05 4.1778e-05 0)
(3.21277e-05 3.20602e-05 0)
(4.10736e-05 -9.92572e-05 0)
(9.39037e-05 -9.30466e-05 0)
(4.54689e-05 1.44707e-05 0)
(-0.000168789 0.000161857 0)
(-0.000575841 0.000318383 0)
(-0.00117703 0.000468036 0)
(-0.00195999 0.00060249 0)
(-0.00290447 0.000717681 0)
(-0.00398579 0.000811867 0)
(-0.00517704 0.000884588 0)
(-0.00645053 0.000936118 0)
(-0.00777873 0.000967168 0)
(-0.00913482 0.000978716 0)
(-0.0104932 0.000971904 0)
(-0.0118295 0.000947974 0)
(-0.0131212 0.000908231 0)
(-0.0143473 0.000854016 0)
(-0.0154887 0.000786693 0)
(-0.0165281 0.000707643 0)
(-0.0174501 0.000618261 0)
(-0.0182413 0.00051996 0)
(-0.0188904 0.000414169 0)
(-0.0193878 0.000302349 0)
(-0.0197262 0.000185988 0)
(-0.0199005 6.66145e-05 0)
(-0.0199076 -5.42002e-05 0)
(-0.0197468 -0.00017484 0)
(-0.0194195 -0.000293641 0)
(-0.0189296 -0.000408898 0)
(-0.0182833 -0.000518864 0)
(-0.0174895 -0.000621766 0)
(-0.0165591 -0.000715813 0)
(-0.0155059 -0.000799216 0)
(-0.0143458 -0.000870205 0)
(-0.0130971 -0.000927061 0)
(-0.0117806 -0.000968136 0)
(-0.0104188 -0.000991892 0)
(-0.00903634 -0.000996933 0)
(-0.00765949 -0.00098205 0)
(-0.0063157 -0.000946273 0)
(-0.00503327 -0.000888941 0)
(-0.00384078 -0.000809797 0)
(-0.00276629 -0.000709151 0)
(-0.00183631 -0.000588157 0)
(-0.00107427 -0.000449318 0)
(-0.000498238 -0.000297477 0)
(-0.000117597 -0.000141653 0)
(7.24855e-05 1.65413e-06 0)
(0.000102961 0.000101869 0)
(4.21618e-05 9.98383e-05 0)
(2.24904e-05 -0.000139335 0)
(-1.00591e-05 -4.58137e-05 0)
(-0.000234145 0.000239614 0)
(-0.000706103 0.000609349 0)
(-0.00145176 0.00100296 0)
(-0.00247265 0.00138409 0)
(-0.00375298 0.0017312 0)
(-0.00526564 0.00203217 0)
(-0.00697654 0.00228066 0)
(-0.00884757 0.00247393 0)
(-0.0108387 0.00261149 0)
(-0.0129093 0.00269436 0)
(-0.0150196 0.0027245 0)
(-0.0171309 0.00270453 0)
(-0.0192064 0.0026375 0)
(-0.0212114 0.00252675 0)
(-0.023114 0.00237582 0)
(-0.0248846 0.0021884 0)
(-0.0264965 0.00196826 0)
(-0.027926 0.00171927 0)
(-0.0291522 0.00144537 0)
(-0.0301575 0.00115058 0)
(-0.0309273 0.000839006 0)
(-0.0314504 0.000514859 0)
(-0.0317188 0.000182448 0)
(-0.0317279 -0.000153804 0)
(-0.0314766 -0.000489354 0)
(-0.0309674 -0.000819547 0)
(-0.0302065 -0.00113962 0)
(-0.0292037 -0.00144473 0)
(-0.0279724 -0.00172998 0)
(-0.0265302 -0.00199044 0)
(-0.0248979 -0.00222123 0)
(-0.0231003 -0.00241755 0)
(-0.0211656 -0.00257477 0)
(-0.0191254 -0.00268854 0)
(-0.0170141 -0.00275482 0)
(-0.014869 -0.00277008 0)
(-0.0127298 -0.00273136 0)
(-0.0106375 -0.0026365 0)
(-0.00863405 -0.00248433 0)
(-0.00676149 -0.002275 0)
(-0.00506035 -0.00201043 0)
(-0.00356821 -0.00169505 0)
(-0.00231749 -0.001337 0)
(-0.00133239 -0.000950186 0)
(-0.00062484 -0.000557636 0)
(-0.000188774 -0.000196618 0)
(7.10383e-06 7.28315e-05 0)
(2.53648e-05 0.000146516 0)
(-4.90889e-06 -0.00011233 0)
(-0.000153914 0.000164521 0)
(-0.000600245 0.000710413 0)
(-0.00137367 0.00138026 0)
(-0.00248888 0.00208594 0)
(-0.00394327 0.00277007 0)
(-0.00571616 0.00339601 0)
(-0.00777421 0.00394148 0)
(-0.0100758 0.00439374 0)
(-0.012574 0.00474639 0)
(-0.0152192 0.00499732 0)
(-0.0179605 0.00514737 0)
(-0.0207476 0.00519942 0)
(-0.0235312 0.00515773 0)
(-0.0262643 0.00502758 0)
(-0.0289022 0.00481493 0)
(-0.0314035 0.00452623 0)
(-0.03373 0.00416829 0)
(-0.035847 0.00374819 0)
(-0.0377235 0.00327323 0)
(-0.0393326 0.0027509 0)
(-0.0406511 0.00218886 0)
(-0.0416603 0.00159498 0)
(-0.0423453 0.000977293 0)
(-0.0426959 0.000344056 0)
(-0.0427063 -0.000296272 0)
(-0.0423751 -0.000935021 0)
(-0.0417057 -0.00156332 0)
(-0.0407062 -0.00217212 0)
(-0.0393896 -0.00275225 0)
(-0.0377735 -0.00329445 0)
(-0.0358807 -0.00378945 0)
(-0.0337384 -0.00422812 0)
(-0.0313786 -0.0046015 0)
(-0.0288379 -0.00490105 0)
(-0.026157 -0.00511873 0)
(-0.0233802 -0.00524727 0)
(-0.0205554 -0.00528035 0)
(-0.0177329 -0.0052129 0)
(-0.0149649 -0.00504146 0)
(-0.0123044 -0.00476457 0)
(-0.00980397 -0.00438342 0)
(-0.00751394 -0.00390262 0)
(-0.00548067 -0.00333148 0)
(-0.00374389 -0.00268584 0)
(-0.00233369 -0.001991 0)
(-0.00126625 -0.00128608 0)
(-0.000538804 -0.000630037 0)
(-0.000129791 -0.000110761 0)
(-5.90675e-07 0.000130294 0)
(-3.37001e-05 -3.34527e-06 0)
(-0.000310123 0.000567936 0)
(-0.00100055 0.0014586 0)
(-0.00209856 0.00249815 0)
(-0.00360112 0.00357626 0)
(-0.00549757 0.00461698 0)
(-0.00776024 0.0055692 0)
(-0.0103488 0.00640012 0)
(-0.0132146 0.0070898 0)
(-0.0163031 0.00762741 0)
(-0.0195565 0.0080086 0)
(-0.0229157 0.00823363 0)
(-0.0263216 0.00830609 0)
(-0.0297163 0.00823197 0)
(-0.0330442 0.00801895 0)
(-0.0362524 0.00767601 0)
(-0.0392916 0.00721301 0)
(-0.0421163 0.0066405 0)
(-0.044685 0.00596956 0)
(-0.0469608 0.00521169 0)
(-0.0489114 0.00437872 0)
(-0.0505091 0.00348283 0)
(-0.0517314 0.00253652 0)
(-0.0525607 0.0015526 0)
(-0.0529848 0.000544214 0)
(-0.0529966 -0.00047518 0)
(-0.0525947 -0.0014918 0)
(-0.0517833 -0.00249156 0)
(-0.0505721 -0.00346015 0)
(-0.0489767 -0.00438304 0)
(-0.0470183 -0.00524565 0)
(-0.044724 -0.00603343 0)
(-0.0421265 -0.00673204 0)
(-0.0392639 -0.00732754 0)
(-0.0361796 -0.00780665 0)
(-0.032922 -0.00815699 0)
(-0.0295437 -0.00836746 0)
(-0.0261012 -0.00842856 0)
(-0.0226538 -0.00833289 0)
(-0.019263 -0.00807566 0)
(-0.0159906 -0.00765539 0)
(-0.0128981 -0.00707479 0)
(-0.0100442 -0.00634193 0)
(-0.00748287 -0.00547193 0)
(-0.00526095 -0.00448927 0)
(-0.00341523 -0.0034312 0)
(-0.00196845 -0.00235262 0)
(-0.000925167 -0.00133202 0)
(-0.000280047 -0.000480196 0)
(-2.81846e-05 3.54903e-05 0)
(-6.11732e-05 0.000188489 0)
(-0.000465895 0.0011731 0)
(-0.00140696 0.00249793 0)
(-0.00283843 0.00397748 0)
(-0.00473591 0.00548514 0)
(-0.00707773 0.00692986 0)
(-0.00982708 0.00824788 0)
(-0.0129355 0.00939651 0)
(-0.0163469 0.0103487 0)
(-0.0199996 0.0110891 0)
(-0.0238285 0.0116108 0)
(-0.0277671 0.0119132 0)
(-0.0317489 0.0120007 0)
(-0.0357088 0.0118809 0)
(-0.0395839 0.0115642 0)
(-0.0433145 0.0110629 0)
(-0.0468447 0.0103906 0)
(-0.0501228 0.00956211 0)
(-0.0531018 0.00859313 0)
(-0.0557396 0.00749996 0)
(-0.0579995 0.00629949 0)
(-0.0598499 0.00500913 0)
(-0.0612653 0.00364678 0)
(-0.0622256 0.00223079 0)
(-0.0627168 0.000780016 0)
(-0.0627312 -0.000686264 0)
(-0.0622669 -0.00214832 0)
(-0.0613289 -0.00358601 0)
(-0.0599281 -0.0049789 0)
(-0.0580823 -0.00630629 0)
(-0.0558157 -0.00754742 0)
(-0.053159 -0.00868166 0)
(-0.0501494 -0.00968868 0)
(-0.0468301 -0.0105488 0)
(-0.0432503 -0.0112435 0)
(-0.0394646 -0.0117552 0)
(-0.0355327 -0.0120687 0)
(-0.0315183 -0.0121709 0)
(-0.0274884 -0.0120519 0)
(-0.023512 -0.0117055 0)
(-0.0196592 -0.0111302 0)
(-0.0159989 -0.0103306 0)
(-0.0125976 -0.00931855 0)
(-0.00951667 -0.0081153 0)
(-0.0068106 -0.00675405 0)
(-0.00452415 -0.00528357 0)
(-0.00268881 -0.00377302 0)
(-0.00131942 -0.00231739 0)
(-0.000430596 -0.00104496 0)
(-5.46064e-05 -0.000139217 0)
(-8.65434e-05 0.000459904 0)
(-0.00061582 0.00197889 0)
(-0.00180548 0.00383053 0)
(-0.00357036 0.00582186 0)
(-0.00586324 0.00781529 0)
(-0.00864947 0.00970835 0)
(-0.0118814 0.0114269 0)
(-0.0155013 0.0129199 0)
(-0.0194449 0.0141537 0)
(-0.0236431 0.0151088 0)
(-0.0280239 0.0157759 0)
(-0.032514 0.0161538 0)
(-0.0370404 0.0162476 0)
(-0.0415315 0.0160667 0)
(-0.0459183 0.0156244 0)
(-0.0501353 0.0149365 0)
(-0.0541209 0.014021 0)
(-0.0578183 0.0128973 0)
(-0.0611758 0.0115861 0)
(-0.0641471 0.0101091 0)
(-0.0666916 0.00848884 0)
(-0.0687748 0.00674852 0)
(-0.0703682 0.0049121 0)
(-0.0714499 0.00300413 0)
(-0.0720044 0.00104983 0)
(-0.072023 -0.000925005 0)
(-0.0715039 -0.00289399 0)
(-0.0704523 -0.00483026 0)
(-0.0688802 -0.0067065 0)
(-0.0668072 -0.00849516 0)
(-0.0642598 -0.0101686 0)
(-0.0612717 -0.0116994 0)
(-0.0578837 -0.0130607 0)
(-0.0541432 -0.0142264 0)
(-0.0501043 -0.0151718 0)
(-0.045827 -0.0158743 0)
(-0.0413768 -0.0163135 0)
(-0.0368235 -0.0164727 0)
(-0.032241 -0.016339 0)
(-0.0277051 -0.0159047 0)
(-0.0232929 -0.0151684 0)
(-0.0190808 -0.0141363 0)
(-0.0151428 -0.0128241 0)
(-0.011548 -0.0112588 0)
(-0.00835931 -0.00948193 0)
(-0.00563078 -0.00755267 0)
(-0.00340445 -0.00555243 0)
(-0.00170746 -0.00358948 0)
(-0.000575886 -0.00180478 0)
(-7.90115e-05 -0.000390896 0)
(-0.000109823 0.000806543 0)
(-0.000758285 0.0029798 0)
(-0.00219041 0.00545225 0)
(-0.00428378 0.00802846 0)
(-0.00696823 0.0105641 0)
(-0.0101951 0.0129486 0)
(-0.0139046 0.0151 0)
(-0.0180288 0.0169603 0)
(-0.0224944 0.0184909 0)
(-0.0272247 0.0196685 0)
(-0.0321405 0.0204821 0)
(-0.0371621 0.0209301 0)
(-0.0422102 0.0210186 0)
(-0.0472077 0.0207592 0)
(-0.0520799 0.0201684 0)
(-0.0567564 0.0192658 0)
(-0.0611707 0.0180739 0)
(-0.0652618 0.0166173 0)
(-0.0689739 0.0149222 0)
(-0.0722572 0.013016 0)
(-0.0750679 0.0109273 0)
(-0.0773689 0.00868585 0)
(-0.0791296 0.00632201 0)
(-0.0803261 0.0038671 0)
(-0.0809419 0.00135325 0)
(-0.0809673 -0.00118667 0)
(-0.0804004 -0.00371908 0)
(-0.0792465 -0.00620976 0)
(-0.0775186 -0.00862401 0)
(-0.0752374 -0.0109268 0)
(-0.0724313 -0.0130831 0)
(-0.0691363 -0.015058 0)
(-0.0653962 -0.0168175 0)
(-0.0612619 -0.0183285 0)
(-0.0567915 -0.01956 0)
(-0.0520496 -0.0204832 0)
(-0.0471065 -0.0210727 0)
(-0.0420379 -0.0213072 0)
(-0.0369233 -0.0211709 0)
(-0.0318452 -0.020654 0)
(-0.0268875 -0.0197549 0)
(-0.0221337 -0.0184811 0)
(-0.0176656 -0.0168517 0)
(-0.0135607 -0.014899 0)
(-0.00989101 -0.0126718 0)
(-0.00672127 -0.0102382 0)
(-0.00410534 -0.00768994 0)
(-0.00208378 -0.00514556 0)
(-0.000714307 -0.00275501 0)
(-0.000101388 -0.000715459 0)
(-0.000131315 0.00122407 0)
(-0.0008935 0.00416875 0)
(-0.00256062 0.0073562 0)
(-0.00497546 0.0105914 0)
(-0.00804556 0.0137264 0)
(-0.0117077 0.0166454 0)
(-0.0158895 0.0192608 0)
(-0.0205116 0.0215099 0)
(-0.0254914 0.0233499 0)
(-0.0307438 0.0247553 0)
(-0.0361824 0.0257137 0)
(-0.041721 0.026224 0)
(-0.0472745 0.0262935 0)
(-0.0527601 0.0259368 0)
(-0.0580985 0.0251734 0)
(-0.0632146 0.0240277 0)
(-0.0680378 0.0225268 0)
(-0.0725035 0.0207008 0)
(-0.0765524 0.0185818 0)
(-0.0801317 0.0162034 0)
(-0.0831952 0.0136008 0)
(-0.0857034 0.0108103 0)
(-0.0876238 0.00786942 0)
(-0.0889312 0.00481654 0)
(-0.0896078 0.00169115 0)
(-0.0896433 -0.00146637 0)
(-0.0890354 -0.00461479 0)
(-0.0877894 -0.0077121 0)
(-0.0859189 -0.0107157 0)
(-0.0834454 -0.0135827 0)
(-0.0803986 -0.0162699 0)
(-0.0768165 -0.0187348 0)
(-0.0727451 -0.0209354 0)
(-0.0682381 -0.0228314 0)
(-0.0633571 -0.0243845 0)
(-0.0581703 -0.0255597 0)
(-0.0527528 -0.0263256 0)
(-0.0471851 -0.0266564 0)
(-0.0415523 -0.0265321 0)
(-0.0359431 -0.025941 0)
(-0.0304481 -0.0248803 0)
(-0.0251583 -0.0233586 0)
(-0.0201636 -0.0213974 0)
(-0.0155505 -0.0190335 0)
(-0.0114012 -0.0163219 0)
(-0.0077919 -0.0133381 0)
(-0.0047892 -0.0101821 0)
(-0.00244768 -0.00698048 0)
(-0.000846205 -0.00388961 0)
(-0.000122052 -0.00110887 0)
(-0.000151393 0.00170869 0)
(-0.00102247 0.00553873 0)
(-0.00291733 0.00953479 0)
(-0.00564633 0.0135037 0)
(-0.00909561 0.0172961 0)
(-0.0131875 0.0207932 0)
(-0.0178362 0.0239039 0)
(-0.0229507 0.0265622 0)
(-0.0284384 0.0287233 0)
(-0.0342055 0.0303598 0)
(-0.0401582 0.0314597 0)
(-0.0462033 0.0320225 0)
(-0.0522501 0.032058 0)
(-0.0582107 0.0315836 0)
(-0.0640011 0.0306231 0)
(-0.069542 0.0292054 0)
(-0.0747595 0.0273631 0)
(-0.0795855 0.0251321 0)
(-0.083958 0.0225506 0)
(-0.0878217 0.019659 0)
(-0.0911282 0.0164992 0)
(-0.0938361 0.0131146 0)
(-0.0959114 0.00954993 0)
(-0.0973277 0.00585119 0)
(-0.098066 0.00206549 0)
(-0.0981156 -0.00175897 0)
(-0.0974734 -0.00557294 0)
(-0.0961448 -0.00932628 0)
(-0.0941434 -0.0129681 0)
(-0.0914913 -0.0164472 0)
(-0.0882193 -0.0197121 0)
(-0.0843664 -0.0227117 0)
(-0.0799804 -0.0253961 0)
(-0.0751175 -0.0277168 0)
(-0.0698418 -0.0296281 0)
(-0.064225 -0.0310878 0)
(-0.0583462 -0.0320582 0)
(-0.0522904 -0.0325081 0)
(-0.0461483 -0.0324132 0)
(-0.0400145 -0.0317586 0)
(-0.0339865 -0.03054 0)
(-0.028163 -0.0287659 0)
(-0.0226426 -0.0264597 0)
(-0.0175215 -0.0236614 0)
(-0.0128929 -0.020431 0)
(-0.00884516 -0.01685 0)
(-0.00545829 -0.013025 0)
(-0.0028011 -0.00908891 0)
(-0.000972833 -0.0052029 0)
(-0.000141415 -0.00156774 0)
(-0.000170421 0.00225736 0)
(-0.00114651 0.00708366 0)
(-0.0032629 0.011981 0)
(-0.00629953 0.0167587 0)
(-0.0101221 0.0212673 0)
(-0.0146383 0.0253867 0)
(-0.0197493 0.0290242 0)
(-0.0253517 0.0321122 0)
(-0.0313425 0.0346049 0)
(-0.0376187 0.0364752 0)
(-0.0440787 0.0377117 0)
(-0.0506227 0.0383162 0)
(-0.057154 0.0383012 0)
(-0.0635796 0.037688 0)
(-0.0698113 0.036505 0)
(-0.0757661 0.0347864 0)
(-0.0813667 0.0325705 0)
(-0.0865422 0.0298995 0)
(-0.0912284 0.0268182 0)
(-0.0953677 0.0233738 0)
(-0.0989102 0.0196154 0)
(-0.101813 0.0155937 0)
(-0.10404 0.0113611 0)
(-0.105565 0.00697128 0)
(-0.106367 0.00247916 0)
(-0.106435 -0.00205894 0)
(-0.105766 -0.00658554 0)
(-0.104363 -0.0110421 0)
(-0.102242 -0.0153692 0)
(-0.0994241 -0.0195069 0)
(-0.0959403 -0.023395 0)
(-0.0918307 -0.0269737 0)
(-0.0871445 -0.0301844 0)
(-0.0819394 -0.0329703 0)
(-0.0762818 -0.0352773 0)
(-0.0702464 -0.0370555 0)
(-0.0639159 -0.0382605 0)
(-0.0573797 -0.0388545 0)
(-0.0507336 -0.0388084 0)
(-0.0440784 -0.0381032 0)
(-0.0375186 -0.0367321 0)
(-0.0311611 -0.0347028 0)
(-0.0251137 -0.032039 0)
(-0.019483 -0.0287833 0)
(-0.0143737 -0.024999 0)
(-0.00988726 -0.0207725 0)
(-0.0061174 -0.0162157 0)
(-0.00314727 -0.0114667 0)
(-0.00109583 -0.00669051 0)
(-0.000159895 -0.00208957 0)
(-0.000188726 0.0028678 0)
(-0.00126698 0.00879873 0)
(-0.00360018 0.0146891 0)
(-0.0069393 0.0203507 0)
(-0.0111303 0.0256348 0)
(-0.0160668 0.0304213 0)
(-0.0216361 0.0346174 0)
(-0.0277228 0.0381555 0)
(-0.0342128 0.0409904 0)
(-0.0409939 0.0430963 0)
(-0.0479562 0.0444638 0)
(-0.054993 0.045098 0)
(-0.0620018 0.0450151 0)
(-0.0688847 0.0442411 0)
(-0.0755493 0.0428098 0)
(-0.081909 0.040761 0)
(-0.0878838 0.0381394 0)
(-0.0934003 0.034994 0)
(-0.0983923 0.0313763 0)
(-0.102801 0.027341 0)
(-0.106574 0.0229443 0)
(-0.109667 0.0182447 0)
(-0.112045 0.0133022 0)
(-0.113679 0.00817819 0)
(-0.114548 0.00293586 0)
(-0.11464 -0.00236035 0)
(-0.11395 -0.00764456 0)
(-0.112484 -0.0128497 0)
(-0.110253 -0.0179075 0)
(-0.107281 -0.0227492 0)
(-0.103598 -0.0273055 0)
(-0.0992454 -0.0315076 0)
(-0.0942717 -0.0352876 0)
(-0.0887366 -0.0385797 0)
(-0.0827082 -0.0413212 0)
(-0.0762638 -0.0434539 0)
(-0.0694891 -0.0449253 0)
(-0.0624778 -0.0456907 0)
(-0.0553309 -0.0457148 0)
(-0.0481552 -0.0449739 0)
(-0.0410628 -0.0434575 0)
(-0.034169 -0.041171 0)
(-0.0275912 -0.0381379 0)
(-0.0214472 -0.0344015 0)
(-0.015854 -0.0300276 0)
(-0.0109264 -0.0251062 0)
(-0.00677263 -0.0197533 0)
(-0.00349006 -0.0141115 0)
(-0.00121694 -0.00834982 0)
(-0.000177887 -0.00267281 0)
(-0.000206596 0.00353849 0)
(-0.00138519 0.0106806 0)
(-0.00393206 0.017655 0)
(-0.00757022 0.0242754 0)
(-0.0121264 0.0303946 0)
(-0.0174801 0.0358935 0)
(-0.0235052 0.0406803 0)
(-0.0300734 0.0446889 0)
(-0.0370598 0.0478761 0)
(-0.0443422 0.0502187 0)
(-0.0518026 0.051711 0)
(-0.0593272 0.052362 0)
(-0.0668076 0.052193 0)
(-0.074141 0.0512356 0)
(-0.0812309 0.0495295 0)
(-0.0879878 0.0471211 0)
(-0.0943289 0.044062 0)
(-0.100179 0.0404081 0)
(-0.10547 0.0362186 0)
(-0.110141 0.0315553 0)
(-0.114141 0.0264823 0)
(-0.117423 0.0210656 0)
(-0.119951 0.0153731 0)
(-0.121695 0.00947412 0)
(-0.122634 0.00343993 0)
(-0.122755 -0.00265676 0)
(-0.122053 -0.00874165 0)
(-0.120532 -0.014739 0)
(-0.118203 -0.0205717 0)
(-0.115089 -0.0261618 0)
(-0.11122 -0.0314309 0)
(-0.106637 -0.0363005 0)
(-0.101389 -0.0406933 0)
(-0.0955354 -0.044534 0)
(-0.0891467 -0.0477503 0)
(-0.082302 -0.0502749 0)
(-0.0750898 -0.0520467 0)
(-0.0676079 -0.053013 0)
(-0.0599622 -0.0531313 0)
(-0.0522659 -0.0523715 0)
(-0.0446384 -0.0507187 0)
(-0.0372042 -0.0481746 0)
(-0.0300909 -0.0447609 0)
(-0.023428 -0.0405206 0)
(-0.0173453 -0.0355207 0)
(-0.0119719 -0.0298538 0)
(-0.00743065 -0.0236393 0)
(-0.00383353 -0.0170237 0)
(-0.00133792 -0.0101802 0)
(-0.00019575 -0.00331689 0)
(-0.000224275 0.00426858 0)
(-0.00150236 0.0127272 0)
(-0.00426139 0.0208761 0)
(-0.00819688 0.0285304 0)
(-0.0131166 0.0355445 0)
(-0.018886 0.0418011 0)
(-0.0253652 0.0472108 0)
(-0.0324133 0.0517101 0)
(-0.0398936 0.0552593 0)
(-0.0476744 0.0578392 0)
(-0.055629 0.059449 0)
(-0.0636365 0.0601031 0)
(-0.0715825 0.059829 0)
(-0.0793595 0.0586646 0)
(-0.0868674 0.0566567 0)
(-0.0940136 0.0538591 0)
(-0.100713 0.0503306 0)
(-0.106889 0.046135 0)
(-0.112472 0.0413389 0)
(-0.117401 0.0360119 0)
(-0.121622 0.030226 0)
(-0.12509 0.0240549 0)
(-0.127767 0.0175744 0)
(-0.129624 0.0108618 0)
(-0.130637 0.00399627 0)
(-0.130794 -0.00294121 0)
(-0.130088 -0.00986793 0)
(-0.128521 -0.0166995 0)
(-0.126107 -0.0233499 0)
(-0.122864 -0.0297321 0)
(-0.118823 -0.0357579 0)
(-0.114022 -0.0413394 0)
(-0.108513 -0.0463892 0)
(-0.102354 -0.0508217 0)
(-0.0956168 -0.0545548 0)
(-0.0883811 -0.057511 0)
(-0.0807385 -0.0596195 0)
(-0.0727905 -0.0608186 0)
(-0.0646479 -0.0610572 0)
(-0.0564301 -0.0602979 0)
(-0.0482645 -0.0585194 0)
(-0.0402847 -0.0557188 0)
(-0.0326292 -0.0519143 0)
(-0.0254397 -0.0471473 0)
(-0.0188598 -0.0414848 0)
(-0.0130333 -0.0350208 0)
(-0.00809826 -0.0278777 0)
(-0.00418172 -0.0202059 0)
(-0.00146044 -0.012183 0)
(-0.000213811 -0.00402215 0)
(-0.000241975 0.00505782 0)
(-0.00161958 0.0149381 0)
(-0.00459077 0.0243517 0)
(-0.00882363 0.0331149 0)
(-0.0141069 0.0410836 0)
(-0.0202919 0.0481433 0)
(-0.0272247 0.0542077 0)
(-0.0347515 0.0592174 0)
(-0.0427239 0.0631374 0)
(-0.0510001 0.0659542 0)
(-0.0594446 0.0676732 0)
(-0.0679295 0.0683157 0)
(-0.0763346 0.0679163 0)
(-0.0845476 0.0665207 0)
(-0.092465 0.0641836 0)
(-0.0999914 0.0609668 0)
(-0.10704 0.0569374 0)
(-0.113533 0.052167 0)
(-0.1194 0.0467305 0)
(-0.12458 0.0407056 0)
(-0.129018 0.0341719 0)
(-0.132669 0.0272111 0)
(-0.135495 0.0199068 0)
(-0.137465 0.0123441 0)
(-0.138557 0.00461007 0)
(-0.138755 -0.0032062 0)
(-0.138054 -0.0110138 0)
(-0.136454 -0.0187198 0)
(-0.133966 -0.0262293 0)
(-0.130609 -0.033446 0)
(-0.12641 -0.0402723 0)
(-0.121409 -0.04661 0)
(-0.115654 -0.0523614 0)
(-0.109205 -0.0574304 0)
(-0.102131 -0.0617238 0)
(-0.0945153 -0.0651533 0)
(-0.0864509 -0.0676375 0)
(-0.0780425 -0.0691039 0)
(-0.0694055 -0.069492 0)
(-0.060666 -0.0687552 0)
(-0.0519589 -0.0668644 0)
(-0.0434277 -0.0638102 0)
(-0.0352221 -0.059606 0)
(-0.0274968 -0.0542902 0)
(-0.0204096 -0.0479285 0)
(-0.0141201 -0.0406154 0)
(-0.00878215 -0.0324756 0)
(-0.00453858 -0.0236635 0)
(-0.0015861 -0.0143617 0)
(-0.000232367 -0.00478977 0)
(-0.000259879 0.00590651 0)
(-0.00173782 0.0173138 0)
(-0.00492263 0.0280826 0)
(-0.00945453 0.0380296 0)
(-0.0151029 0.0470127 0)
(-0.0217046 0.0549203 0)
(-0.0290916 0.0616706 0)
(-0.0370965 0.0672094 0)
(-0.0455591 0.071508 0)
(-0.0543272 0.07456 0)
(-0.0632567 0.0763786 0)
(-0.0722124 0.0769932 0)
(-0.0810682 0.0764472 0)
(-0.0897078 0.0747951 0)
(-0.0980242 0.0721007 0)
(-0.10592 0.0684345 0)
(-0.113307 0.0638725 0)
(-0.120106 0.0584952 0)
(-0.126248 0.0523856 0)
(-0.13167 0.0456298 0)
(-0.136318 0.0383153 0)
(-0.140148 0.0305317 0)
(-0.14312 0.0223702 0)
(-0.145205 0.0139237 0)
(-0.146379 0.00528675 0)
(-0.146626 -0.00344372 0)
(-0.145939 -0.0121688 0)
(-0.144318 -0.0207872 0)
(-0.141771 -0.0291954 0)
(-0.138316 -0.037288 0)
(-0.133978 -0.0449574 0)
(-0.128794 -0.0520956 0)
(-0.122811 -0.0585939 0)
(-0.116088 -0.064345 0)
(-0.108694 -0.0692442 0)
(-0.100712 -0.0731912 0)
(-0.0922371 -0.0760926 0)
(-0.0833761 -0.0778642 0)
(-0.0742494 -0.0784339 0)
(-0.0649889 -0.0777448 0)
(-0.0557377 -0.075758 0)
(-0.0466491 -0.072456 0)
(-0.0378848 -0.0678454 0)
(-0.0296128 -0.0619601 0)
(-0.0220064 -0.054863 0)
(-0.0152414 -0.0466484 0)
(-0.0094888 -0.0374427 0)
(-0.00490786 -0.0274042 0)
(-0.0017164 -0.0167213 0)
(-0.000251691 -0.00562174 0)
(-0.000278149 0.00681545 0)
(-0.00185798 0.0198561 0)
(-0.00525918 0.0320711 0)
(-0.0100933 0.0432771 0)
(-0.0161098 0.0533338 0)
(-0.0231307 0.0621335 0)
(-0.030973 0.0695997 0)
(-0.0394556 0.0756849 0)
(-0.0484062 0.0803682 0)
(-0.0576619 0.0836519 0)
(-0.0670698 0.0855585 0)
(-0.0764875 0.0861273 0)
(-0.0857836 0.0854118 0)
(-0.0948375 0.0834767 0)
(-0.103539 0.0803959 0)
(-0.11179 0.0762497 0)
(-0.119502 0.0711239 0)
(-0.126594 0.0651079 0)
(-0.132997 0.0582939 0)
(-0.13865 0.050776 0)
(-0.143499 0.04265 0)
(-0.147501 0.0340131 0)
(-0.150617 0.0249639 0)
(-0.152816 0.0156028 0)
(-0.154076 0.00603162 0)
(-0.154379 -0.00364533 0)
(-0.153717 -0.0133215 0)
(-0.152088 -0.0228877 0)
(-0.149499 -0.032232 0)
(-0.145963 -0.0412398 0)
(-0.141506 -0.0497942 0)
(-0.136161 -0.0577766 0)
(-0.129972 -0.0650673 0)
(-0.122997 -0.0715474 0)
(-0.115303 -0.0770995 0)
(-0.106972 -0.0816105 0)
(-0.098101 -0.0849738 0)
(-0.0887987 -0.0870919 0)
(-0.0791894 -0.0878795 0)
(-0.0694109 -0.0872672 0)
(-0.0596143 -0.0852045 0)
(-0.0499631 -0.0816635 0)
(-0.040631 -0.0766426 0)
(-0.0318007 -0.070169 0)
(-0.0236612 -0.0623016 0)
(-0.0164061 -0.0531331 0)
(-0.0102244 -0.0427914 0)
(-0.00529314 -0.0314384 0)
(-0.00185275 -0.0192691 0)
(-0.00027204 -0.00652084 0)
(-0.00029693 0.00778585 0)
(-0.00198088 0.0225678 0)
(-0.00560245 0.0363209 0)
(-0.0107434 0.048861 0)
(-0.0171325 0.0600501 0)
(-0.0245758 0.0697851 0)
(-0.0328751 0.0779957 0)
(-0.041835 0.0846426 0)
(-0.0512704 0.0897144 0)
(-0.0610079 0.0932237 0)
(-0.0708855 0.0952043 0)
(-0.080754 0.0957071 0)
(-0.0904765 0.0947972 0)
(-0.0999288 0.0925511 0)
(-0.108999 0.0890537 0)
(-0.117587 0.0843966 0)
(-0.125604 0.0786757 0)
(-0.13297 0.0719903 0)
(-0.139619 0.0644417 0)
(-0.145488 0.0561326 0)
(-0.150527 0.0471669 0)
(-0.154692 0.0376492 0)
(-0.157945 0.0276854 0)
(-0.160258 0.0173826 0)
(-0.161605 0.00684972 0)
(-0.161972 -0.0038022 0)
(-0.161345 -0.0144595 0)
(-0.159724 -0.0250055 0)
(-0.15711 -0.0353202 0)
(-0.153517 -0.0452805 0)
(-0.148964 -0.0547599 0)
(-0.143483 -0.0636294 0)
(-0.137115 -0.0717582 0)
(-0.129913 -0.0790147 0)
(-0.121943 -0.0852687 0)
(-0.113287 -0.090393 0)
(-0.104039 -0.0942663 0)
(-0.0943112 -0.096776 0)
(-0.0842304 -0.0978221 0)
(-0.0739401 -0.0973202 0)
(-0.0635992 -0.0952062 0)
(-0.0533813 -0.0914397 0)
(-0.0434731 -0.0860081 0)
(-0.034072 -0.0789303 0)
(-0.0253843 -0.0702594 0)
(-0.0176223 -0.0600854 0)
(-0.0109948 -0.0485365 0)
(-0.00569786 -0.0357786 0)
(-0.00199654 -0.0220139 0)
(-0.000293657 -0.00749052 0)
(-0.000316361 0.00881934 0)
(-0.00210728 0.0254529 0)
(-0.00595439 0.040837 0)
(-0.0114082 0.0547865 0)
(-0.0181753 0.0671662 0)
(-0.0260451 0.0778779 0)
(-0.0348034 0.0868591 0)
(-0.0442395 0.0940803 0)
(-0.0541555 0.0995412 0)
(-0.0643668 0.103267 0)
(-0.0747026 0.105305 0)
(-0.0850067 0.105718 0)
(-0.0951375 0.104587 0)
(-0.104968 0.101999 0)
(-0.114384 0.0980541 0)
(-0.123285 0.0928544 0)
(-0.131584 0.0865074 0)
(-0.139202 0.0791228 0)
(-0.146074 0.0708113 0)
(-0.15214 0.0616844 0)
(-0.157352 0.0518538 0)
(-0.161668 0.0414315 0)
(-0.165051 0.0305301 0)
(-0.167473 0.019263 0)
(-0.16891 0.00774546 0)
(-0.169345 -0.00390534 0)
(-0.168766 -0.0155693 0)
(-0.167168 -0.0271229 0)
(-0.164551 -0.0384388 0)
(-0.160925 -0.0493856 0)
(-0.156305 -0.0598277 0)
(-0.150718 -0.0696259 0)
(-0.144202 -0.0786376 0)
(-0.136806 -0.0867189 0)
(-0.128592 -0.0937254 0)
(-0.119638 -0.0995148 0)
(-0.11004 -0.10395 0)
(-0.0999076 -0.106901 0)
(-0.0893716 -0.108251 0)
(-0.07858 -0.107899 0)
(-0.0676992 -0.105764 0)
(-0.0569131 -0.10179 0)
(-0.0464214 -0.0959523 0)
(-0.0364373 -0.0882582 0)
(-0.0271853 -0.0787533 0)
(-0.0188981 -0.067523 0)
(-0.0118056 -0.0546953 0)
(-0.00612535 -0.0404397 0)
(-0.00214907 -0.024966 0)
(-0.000316781 -0.00853495 0)
(-0.000336578 0.00991795 0)
(-0.00223798 0.0285159 0)
(-0.00631695 0.0456254 0)
(-0.0120908 0.06106 0)
(-0.0192425 0.0746872 0)
(-0.0275437 0.0864151 0)
(-0.0367627 0.0961903 0)
(-0.0466732 0.103995 0)
(-0.0570636 0.109842 0)
(-0.0677378 0.113771 0)
(-0.0785165 0.115844 0)
(-0.0892367 0.116142 0)
(-0.0997525 0.114758 0)
(-0.109934 0.111797 0)
(-0.119667 0.107371 0)
(-0.128852 0.101597 0)
(-0.137403 0.0945927 0)
(-0.145243 0.0864802 0)
(-0.15231 0.0773796 0)
(-0.158549 0.0674112 0)
(-0.163913 0.0566943 0)
(-0.168362 0.0453478 0)
(-0.171863 0.0334906 0)
(-0.174388 0.0212419 0)
(-0.175915 0.00872227 0)
(-0.176425 -0.00394575 0)
(-0.175905 -0.0166364 0)
(-0.174348 -0.0292204 0)
(-0.171752 -0.0415635 0)
(-0.168121 -0.0535268 0)
(-0.163466 -0.0649662 0)
(-0.15781 -0.0757321 0)
(-0.151184 -0.0856709 0)
(-0.143632 -0.0946252 0)
(-0.135212 -0.102436 0)
(-0.125998 -0.108945 0)
(-0.116082 -0.113997 0)
(-0.105574 -0.117444 0)
(-0.0946054 -0.11915 0)
(-0.0833287 -0.118993 0)
(-0.0719171 -0.116874 0)
(-0.0605646 -0.112718 0)
(-0.0494841 -0.106484 0)
(-0.0389055 -0.098167 0)
(-0.0290729 -0.0878008 0)
(-0.0202407 -0.0754655 0)
(-0.0126624 -0.0612872 0)
(-0.00657885 -0.0454386 0)
(-0.00231166 -0.0281377 0)
(-0.000341651 -0.00965898 0)
(-0.000357724 0.0110841 0)
(-0.00237376 0.0317626 0)
(-0.00669211 0.0506936 0)
(-0.0127945 0.067689 0)
(-0.0203385 0.0826192 0)
(-0.0290762 0.0954001 0)
(-0.0387574 0.105989 0)
(-0.049139 0.114381 0)
(-0.0599949 0.120606 0)
(-0.0711179 0.12472 0)
(-0.0823193 0.126804 0)
(-0.0934303 0.126954 0)
(-0.104301 0.125284 0)
(-0.114801 0.121914 0)
(-0.124815 0.116972 0)
(-0.134246 0.11059 0)
(-0.14301 0.102898 0)
(-0.151036 0.0940306 0)
(-0.158264 0.0841172 0)
(-0.164643 0.0732868 0)
(-0.170131 0.0616665 0)
(-0.174692 0.0493816 0)
(-0.178294 0.0365563 0)
(-0.180913 0.0233149 0)
(-0.182527 0.0097822 0)
(-0.183117 -0.00391466 0)
(-0.182668 -0.0176456 0)
(-0.181172 -0.0312761 0)
(-0.178622 -0.0446666 0)
(-0.175018 -0.0576714 0)
(-0.170367 -0.0701382 0)
(-0.164684 -0.081908 0)
(-0.157993 -0.0928158 0)
(-0.150332 -0.102691 0)
(-0.141753 -0.111359 0)
(-0.132324 -0.118645 0)
(-0.122132 -0.124374 0)
(-0.111286 -0.128377 0)
(-0.0999166 -0.130496 0)
(-0.0881784 -0.130587 0)
(-0.0762512 -0.128528 0)
(-0.0643386 -0.124224 0)
(-0.0526673 -0.117612 0)
(-0.0414844 -0.10867 0)
(-0.0310549 -0.0974206 0)
(-0.0216572 -0.083934 0)
(-0.0135703 -0.0683335 0)
(-0.00706161 -0.0507942 0)
(-0.00248565 -0.0315425 0)
(-0.000368513 -0.0108681 0)
(-0.00037996 0.0123206 0)
(-0.00251553 0.0351999 0)
(-0.00708208 0.0560504 0)
(-0.013523 0.0746819 0)
(-0.0214679 0.0909691 0)
(-0.0306476 0.104836 0)
(-0.0407917 0.116253 0)
(-0.0516391 0.125232 0)
(-0.0629487 0.131821 0)
(-0.0745013 0.136095 0)
(-0.0860997 0.138157 0)
(-0.0975694 0.138124 0)
(-0.108758 0.136129 0)
(-0.119533 0.132311 0)
(-0.129783 0.126816 0)
(-0.139413 0.119791 0)
(-0.148344 0.111383 0)
(-0.156509 0.101734 0)
(-0.163855 0.0909868 0)
(-0.170335 0.0792784 0)
(-0.175913 0.0667428 0)
(-0.180557 0.053511 0)
(-0.18424 0.0397122 0)
(-0.186939 0.0254742 0)
(-0.188634 0.0109255 0)
(-0.189307 -0.00380391 0)
(-0.188942 -0.0185806 0)
(-0.187527 -0.0332664 0)
(-0.185053 -0.0477172 0)
(-0.181513 -0.0617818 0)
(-0.176909 -0.0753007 0)
(-0.171247 -0.0881063 0)
(-0.164545 -0.100022 0)
(-0.156832 -0.110865 0)
(-0.148151 -0.120444 0)
(-0.138563 -0.128566 0)
(-0.128148 -0.135035 0)
(-0.117012 -0.139661 0)
(-0.105281 -0.142258 0)
(-0.0931141 -0.142659 0)
(-0.0806941 -0.140714 0)
(-0.0682341 -0.136303 0)
(-0.0559744 -0.129339 0)
(-0.0441802 -0.11978 0)
(-0.0331386 -0.107631 0)
(-0.0231543 -0.0929507 0)
(-0.0145349 -0.0758573 0)
(-0.00757695 -0.0565275 0)
(-0.00267241 -0.0351959 0)
(-0.000397628 -0.0121686 0)
(-0.000403475 0.0136309 0)
(-0.00266432 0.0388355 0)
(-0.00748942 0.0617057 0)
(-0.0142803 0.0820489 0)
(-0.0226358 0.0997441 0)
(-0.0322632 0.114726 0)
(-0.0428698 0.126981 0)
(-0.0541752 0.136538 0)
(-0.0659225 0.143468 0)
(-0.0778801 0.147871 0)
(-0.0898426 0.149872 0)
(-0.101631 0.149612 0)
(-0.11309 0.147248 0)
(-0.124089 0.14294 0)
(-0.134519 0.136852 0)
(-0.144291 0.12915 0)
(-0.15333 0.119994 0)
(-0.161579 0.109541 0)
(-0.168989 0.0979429 0)
(-0.175522 0.085345 0)
(-0.181147 0.0718881 0)
(-0.185839 0.0577083 0)
(-0.189575 0.0429383 0)
(-0.192336 0.0277087 0)
(-0.194103 0.0121499 0)
(-0.194861 -0.00360629 0)
(-0.194591 -0.0194248 0)
(-0.19328 -0.0351653 0)
(-0.190912 -0.0506807 0)
(-0.187478 -0.0658154 0)
(-0.18297 -0.0804043 0)
(-0.177386 -0.0942716 0)
(-0.170736 -0.107231 0)
(-0.163036 -0.119085 0)
(-0.154322 -0.129629 0)
(-0.144642 -0.138648 0)
(-0.134071 -0.145925 0)
(-0.122704 -0.151244 0)
(-0.110666 -0.154394 0)
(-0.0981131 -0.155175 0)
(-0.0852327 -0.153409 0)
(-0.0722459 -0.148944 0)
(-0.0594061 -0.141666 0)
(-0.0469973 -0.131507 0)
(-0.0353305 -0.118449 0)
(-0.0247387 -0.102538 0)
(-0.0155614 -0.0838836 0)
(-0.00812834 -0.0626614 0)
(-0.00287343 -0.0391148 0)
(-0.00042928 -0.0135674 0)
(-0.000428499 0.0150189 0)
(-0.00282141 0.0426788 0)
(-0.00791716 0.0676713 0)
(-0.0150712 0.0898009 0)
(-0.0238483 0.108952 0)
(-0.033929 0.125073 0)
(-0.0449965 0.138166 0)
(-0.0567489 0.148285 0)
(-0.0689126 0.155526 0)
(-0.0812438 0.160016 0)
(-0.0935291 0.161907 0)
(-0.105585 0.161371 0)
(-0.117256 0.158587 0)
(-0.128416 0.15374 0)
(-0.138958 0.147018 0)
(-0.148802 0.138602 0)
(-0.157881 0.12867 0)
(-0.166144 0.117392 0)
(-0.173554 0.10493 0)
(-0.180081 0.0914365 0)
(-0.185702 0.0770595 0)
(-0.190398 0.0619386 0)
(-0.194153 0.046209 0)
(-0.196952 0.0300027 0)
(-0.198779 0.0134504 0)
(-0.19962 -0.00331601 0)
(-0.199457 -0.0201614 0)
(-0.198271 -0.0369451 0)
(-0.196045 -0.0535188 0)
(-0.192762 -0.0697244 0)
(-0.188405 -0.0853922 0)
(-0.182965 -0.10034 0)
(-0.176438 -0.114372 0)
(-0.16883 -0.127279 0)
(-0.160163 -0.138838 0)
(-0.150475 -0.148817 0)
(-0.139825 -0.156974 0)
(-0.128303 -0.163065 0)
(-0.116025 -0.166849 0)
(-0.103143 -0.168093 0)
(-0.0898468 -0.166582 0)
(-0.0763637 -0.16213 0)
(-0.0629601 -0.154588 0)
(-0.0499388 -0.143857 0)
(-0.0376363 -0.129893 0)
(-0.0264169 -0.112721 0)
(-0.0166556 -0.0924385 0)
(-0.00871953 -0.0692207 0)
(-0.00309033 -0.0433178 0)
(-0.00046379 -0.0150723 0)
(-0.000455323 0.0164891 0)
(-0.00298837 0.0467406 0)
(-0.00836911 0.073961 0)
(-0.0159019 0.0979511 0)
(-0.0251128 0.118602 0)
(-0.0356525 0.135877 0)
(-0.047177 0.149801 0)
(-0.0593614 0.160455 0)
(-0.0719142 0.167963 0)
(-0.0845791 0.172488 0)
(-0.0971353 0.174212 0)
(-0.109397 0.173339 0)
(-0.12121 0.170078 0)
(-0.132452 0.164641 0)
(-0.143025 0.157238 0)
(-0.152856 0.148072 0)
(-0.16189 0.137336 0)
(-0.170088 0.125215 0)
(-0.177422 0.11188 0)
(-0.183872 0.0974923 0)
(-0.189426 0.0822045 0)
(-0.194074 0.066159 0)
(-0.197806 0.049492 0)
(-0.200613 0.0323353 0)
(-0.202483 0.0148182 0)
(-0.203403 -0.00292917 0)
(-0.203355 -0.0207738 0)
(-0.202319 -0.0385765 0)
(-0.200271 -0.0561899 0)
(-0.197188 -0.0734553 0)
(-0.193046 -0.0902006 0)
(-0.187822 -0.106239 0)
(-0.181502 -0.121365 0)
(-0.174076 -0.13536 0)
(-0.165551 -0.147984 0)
(-0.155951 -0.158985 0)
(-0.14532 -0.168097 0)
(-0.133734 -0.175045 0)
(-0.121299 -0.179554 0)
(-0.108161 -0.181354 0)
(-0.0945081 -0.180189 0)
(-0.0805717 -0.175832 0)
(-0.0666301 -0.168092 0)
(-0.0530055 -0.156832 0)
(-0.0400612 -0.141975 0)
(-0.0281958 -0.12352 0)
(-0.0178235 -0.10155 0)
(-0.00935468 -0.0762325 0)
(-0.00332495 -0.0478258 0)
(-0.000501531 -0.016692 0)
(-0.00048432 0.0180473 0)
(-0.0031672 0.0510341 0)
(-0.00885002 0.0805909 0)
(-0.0167797 0.106514 0)
(-0.0264384 0.128704 0)
(-0.0374427 0.14714 0)
(-0.049418 0.161875 0)
(-0.0620141 0.173022 0)
(-0.0749208 0.180744 0)
(-0.0878694 0.185237 0)
(-0.100633 0.186725 0)
(-0.113023 0.185445 0)
(-0.124892 0.181641 0)
(-0.136123 0.175555 0)
(-0.146629 0.167422 0)
(-0.156348 0.157467 0)
(-0.165238 0.145902 0)
(-0.173274 0.132923 0)
(-0.180441 0.118713 0)
(-0.186733 0.103441 0)
(-0.192147 0.0872607 0)
(-0.196683 0.0703178 0)
(-0.200342 0.0527477 0)
(-0.20312 0.0346799 0)
(-0.20501 0.0162405 0)
(-0.206001 -0.00244437 0)
(-0.206076 -0.0212458 0)
(-0.205212 -0.0400288 0)
(-0.203382 -0.058649 0)
(-0.200554 -0.0769494 0)
(-0.196694 -0.0947578 0)
(-0.191769 -0.111884 0)
(-0.185749 -0.128118 0)
(-0.178608 -0.143229 0)
(-0.170337 -0.156963 0)
(-0.160938 -0.169048 0)
(-0.150441 -0.179191 0)
(-0.138902 -0.187086 0)
(-0.126414 -0.192422 0)
(-0.113112 -0.194884 0)
(-0.0991786 -0.194172 0)
(-0.0848473 -0.190009 0)
(-0.0704062 -0.182156 0)
(-0.0561966 -0.170427 0)
(-0.04261 -0.154706 0)
(-0.0300822 -0.13496 0)
(-0.019072 -0.111246 0)
(-0.0100386 -0.0837259 0)
(-0.00357946 -0.0526614 0)
(-0.00054294 -0.018436 0)
(-0.000515976 0.0197 0)
(-0.00336048 0.0555749 0)
(-0.00936601 0.0875802 0)
(-0.0177141 0.115507 0)
(-0.0278366 0.139266 0)
(-0.0393106 0.15886 0)
(-0.0517272 0.174373 0)
(-0.0647085 0.185958 0)
(-0.0779244 0.193819 0)
(-0.0910941 0.198199 0)
(-0.103985 0.199366 0)
(-0.116413 0.197598 0)
(-0.128233 0.193177 0)
(-0.139341 0.186377 0)
(-0.149663 0.177463 0)
(-0.159152 0.166681 0)
(-0.167783 0.154262 0)
(-0.175545 0.140417 0)
(-0.18244 0.125337 0)
(-0.188476 0.109197 0)
(-0.193664 0.0921546 0)
(-0.198017 0.074354 0)
(-0.201543 0.0559284 0)
(-0.204248 0.0370034 0)
(-0.206129 0.0176996 0)
(-0.20718 -0.00186323 0)
(-0.207383 -0.0215628 0)
(-0.206714 -0.0412707 0)
(-0.205141 -0.0608481 0)
(-0.202626 -0.0801428 0)
(-0.199123 -0.0989849 0)
(-0.194588 -0.117184 0)
(-0.188972 -0.134526 0)
(-0.182234 -0.150772 0)
(-0.174343 -0.165654 0)
(-0.16528 -0.17888 0)
(-0.155052 -0.190133 0)
(-0.143693 -0.199072 0)
(-0.131278 -0.205344 0)
(-0.117926 -0.20859 0)
(-0.103809 -0.208455 0)
(-0.0891596 -0.204605 0)
(-0.0742731 -0.196744 0)
(-0.0595085 -0.18463 0)
(-0.0452866 -0.168094 0)
(-0.032084 -0.14706 0)
(-0.020409 -0.121557 0)
(-0.0107768 -0.0917326 0)
(-0.00385641 -0.0578501 0)
(-0.000588553 -0.0203155 0)
(-0.000550924 0.0214555 0)
(-0.00357153 0.0603821 0)
(-0.00992489 0.0949521 0)
(-0.0187173 0.124951 0)
(-0.0293218 0.150301 0)
(-0.0412702 0.171034 0)
(-0.0541143 0.187274 0)
(-0.0674459 0.19922 0)
(-0.0809142 0.207129 0)
(-0.0942273 0.211298 0)
(-0.10715 0.212043 0)
(-0.119502 0.209692 0)
(-0.13115 0.204569 0)
(-0.142002 0.196984 0)
(-0.152003 0.187233 0)
(-0.161125 0.175586 0)
(-0.169361 0.162294 0)
(-0.17672 0.14758 0)
(-0.183222 0.131643 0)
(-0.188892 0.114664 0)
(-0.193756 0.0968011 0)
(-0.197841 0.078196 0)
(-0.201165 0.0589779 0)
(-0.203744 0.0392657 0)
(-0.205582 0.0191724 0)
(-0.206674 -0.00119102 0)
(-0.207008 -0.0217117 0)
(-0.206555 -0.0422704 0)
(-0.205281 -0.0627371 0)
(-0.203139 -0.0829669 0)
(-0.200075 -0.102796 0)
(-0.196027 -0.122035 0)
(-0.190932 -0.140471 0)
(-0.184729 -0.157858 0)
(-0.177361 -0.173917 0)
(-0.168787 -0.188339 0)
(-0.158986 -0.200777 0)
(-0.147966 -0.21086 0)
(-0.135775 -0.218189 0)
(-0.122513 -0.222353 0)
(-0.108336 -0.222939 0)
(-0.0934683 -0.219546 0)
(-0.0782097 -0.211808 0)
(-0.0629349 -0.199415 0)
(-0.0480947 -0.182136 0)
(-0.0342095 -0.159839 0)
(-0.0218434 -0.132515 0)
(-0.011576 -0.100287 0)
(-0.00415895 -0.0634202 0)
(-0.00063903 -0.0223427 0)
(-0.000589999 0.023324 0)
(-0.0038047 0.065479 0)
(-0.0105367 0.102735 0)
(-0.0198045 0.134868 0)
(-0.0309122 0.16182 0)
(-0.0433384 0.183656 0)
(-0.0565905 0.20055 0)
(-0.070227 0.212758 0)
(-0.083876 0.2206 0)
(-0.097236 0.224435 0)
(-0.110073 0.22464 0)
(-0.122213 0.221597 0)
(-0.13354 0.215676 0)
(-0.143981 0.20723 0)
(-0.153501 0.196584 0)
(-0.162096 0.184037 0)
(-0.169781 0.169856 0)
(-0.17659 0.154277 0)
(-0.182561 0.137508 0)
(-0.18774 0.119731 0)
(-0.19217 0.101103 0)
(-0.195891 0.0817622 0)
(-0.198935 0.061831 0)
(-0.201327 0.0414194 0)
(-0.20308 0.0206302 0)
(-0.204193 -0.000437228 0)
(-0.204655 -0.021682 0)
(-0.204439 -0.0429971 0)
(-0.203504 -0.0642642 0)
(-0.201798 -0.0853493 0)
(-0.199256 -0.106097 0)
(-0.195802 -0.126326 0)
(-0.191356 -0.145823 0)
(-0.185832 -0.164342 0)
(-0.17915 -0.181595 0)
(-0.171239 -0.197255 0)
(-0.162047 -0.210954 0)
(-0.15155 -0.222282 0)
(-0.139766 -0.230797 0)
(-0.126764 -0.23603 0)
(-0.112678 -0.2375 0)
(-0.0977205 -0.234732 0)
(-0.082187 -0.227279 0)
(-0.0664658 -0.214747 0)
(-0.0510372 -0.196825 0)
(-0.0364686 -0.173313 0)
(-0.0233864 -0.144149 0)
(-0.0124446 -0.109427 0)
(-0.00449102 -0.0694036 0)
(-0.000695206 -0.0245319 0)
(-0.000634307 0.0253183 0)
(-0.00406562 0.0708948 0)
(-0.0112144 0.110962 0)
(-0.0209954 0.145288 0)
(-0.0326305 0.173837 0)
(-0.0455358 0.196717 0)
(-0.0591683 0.214163 0)
(-0.0730505 0.226505 0)
(-0.0867895 0.234138 0)
(-0.100077 0.237494 0)
(-0.112684 0.23702 0)
(-0.12445 0.233159 0)
(-0.13528 0.226335 0)
(-0.145126 0.216944 0)
(-0.15398 0.205346 0)
(-0.161865 0.191866 0)
(-0.168825 0.176787 0)
(-0.174917 0.160359 0)
(-0.180204 0.142793 0)
(-0.184752 0.124272 0)
(-0.188624 0.104951 0)
(-0.191875 0.0849605 0)
(-0.194552 0.0644138 0)
(-0.196689 0.0434098 0)
(-0.198308 0.0220381 0)
(-0.199414 0.000384012 0)
(-0.199999 -0.0214664 0)
(-0.200035 -0.0434212 0)
(-0.19948 -0.0653773 0)
(-0.198274 -0.0872148 0)
(-0.196341 -0.108791 0)
(-0.193594 -0.129935 0)
(-0.189931 -0.150441 0)
(-0.185245 -0.170063 0)
(-0.179427 -0.188509 0)
(-0.172375 -0.205441 0)
(-0.164001 -0.220465 0)
(-0.154243 -0.23314 0)
(-0.143079 -0.242975 0)
(-0.130542 -0.249441 0)
(-0.116736 -0.251983 0)
(-0.101848 -0.250038 0)
(-0.0861664 -0.243064 0)
(-0.0700864 -0.230567 0)
(-0.0541161 -0.212139 0)
(-0.0388723 -0.187492 0)
(-0.0250514 -0.156494 0)
(-0.013393 -0.119194 0)
(-0.00485758 -0.0758368 0)
(-0.000758155 -0.0268998 0)
(-0.000685318 0.0274543 0)
(-0.00436169 0.0766655 0)
(-0.0119748 0.119676 0)
(-0.0223146 0.156244 0)
(-0.0345044 0.186363 0)
(-0.0478868 0.210199 0)
(-0.0618612 0.228065 0)
(-0.0759115 0.240379 0)
(-0.0896255 0.247626 0)
(-0.102693 0.250328 0)
(-0.114894 0.249013 0)
(-0.126093 0.244193 0)
(-0.136219 0.23635 0)
(-0.145256 0.225928 0)
(-0.153232 0.213322 0)
(-0.1602 0.198881 0)
(-0.166236 0.182906 0)
(-0.171426 0.165655 0)
(-0.17586 0.147343 0)
(-0.179625 0.12815 0)
(-0.182804 0.108225 0)
(-0.185469 0.0876892 0)
(-0.187683 0.0666443 0)
(-0.189489 0.0451748 0)
(-0.19092 0.023355 0)
(-0.191986 0.00125355 0)
(-0.192683 -0.0210613 0)
(-0.192985 -0.0435158 0)
(-0.192846 -0.0660252 0)
(-0.192203 -0.0884873 0)
(-0.190969 -0.110776 0)
(-0.189043 -0.132736 0)
(-0.186307 -0.154171 0)
(-0.182628 -0.174844 0)
(-0.17787 -0.194464 0)
(-0.171893 -0.212681 0)
(-0.164571 -0.229086 0)
(-0.155798 -0.243204 0)
(-0.145504 -0.254497 0)
(-0.133678 -0.262373 0)
(-0.120379 -0.266194 0)
(-0.105762 -0.265302 0)
(-0.0900959 -0.259042 0)
(-0.0737751 -0.246799 0)
(-0.0573318 -0.228046 0)
(-0.0414339 -0.202381 0)
(-0.026855 -0.169581 0)
(-0.0144344 -0.129634 0)
(-0.00526509 -0.082762 0)
(-0.000829281 -0.0294657 0)
(-0.000745002 0.0297526 0)
(-0.00470264 0.0828368 0)
(-0.0128395 0.128928 0)
(-0.0237934 0.167776 0)
(-0.0365683 0.199411 0)
(-0.0504194 0.224079 0)
(-0.0646814 0.242189 0)
(-0.078798 0.25427 0)
(-0.0923411 0.260918 0)
(-0.105004 0.262761 0)
(-0.116588 0.260418 0)
(-0.126986 0.254481 0)
(-0.136165 0.245497 0)
(-0.14415 0.233955 0)
(-0.151005 0.220288 0)
(-0.156825 0.204869 0)
(-0.161719 0.188012 0)
(-0.165805 0.16998 0)
(-0.169201 0.15099 0)
(-0.172018 0.131215 0)
(-0.174361 0.110795 0)
(-0.176319 0.0898387 0)
(-0.177966 0.0684331 0)
(-0.179361 0.0466464 0)
(-0.180543 0.0245346 0)
(-0.181532 0.00214713 0)
(-0.182325 -0.0204679 0)
(-0.182901 -0.0432579 0)
(-0.183212 -0.0661593 0)
(-0.18319 -0.0890916 0)
(-0.182742 -0.11195 0)
(-0.181755 -0.134597 0)
(-0.180091 -0.156855 0)
(-0.177597 -0.178499 0)
(-0.174106 -0.199243 0)
(-0.169441 -0.218738 0)
(-0.163432 -0.23656 0)
(-0.155922 -0.252206 0)
(-0.146789 -0.265094 0)
(-0.135961 -0.274566 0)
(-0.123445 -0.279898 0)
(-0.109349 -0.280321 0)
(-0.093906 -0.275052 0)
(-0.0775009 -0.263334 0)
(-0.0606821 -0.244488 0)
(-0.0441684 -0.217973 0)
(-0.0288182 -0.183443 0)
(-0.0155857 -0.1408 0)
(-0.00572198 -0.0902285 0)
(-0.000910452 -0.0322531 0)
(-0.000816031 0.0322395 0)
(-0.00510133 0.0894663 0)
(-0.0138363 0.138782 0)
(-0.0254712 0.179928 0)
(-0.0388633 0.212992 0)
(-0.0531646 0.238318 0)
(-0.0676374 0.256445 0)
(-0.0816858 0.268038 0)
(-0.0948717 0.273831 0)
(-0.106903 0.274574 0)
(-0.117612 0.270993 0)
(-0.126934 0.263768 0)
(-0.134884 0.253512 0)
(-0.141535 0.240766 0)
(-0.146999 0.225995 0)
(-0.151414 0.209593 0)
(-0.154928 0.191885 0)
(-0.157694 0.173135 0)
(-0.159857 0.153555 0)
(-0.161556 0.133309 0)
(-0.162912 0.112524 0)
(-0.164034 0.0912933 0)
(-0.165009 0.0696861 0)
(-0.165908 0.0477516 0)
(-0.166778 0.0255254 0)
(-0.167647 0.00303557 0)
(-0.168517 -0.0196924 0)
(-0.169368 -0.0426293 0)
(-0.170156 -0.0657358 0)
(-0.170809 -0.0889563 0)
(-0.17123 -0.112211 0)
(-0.171294 -0.135386 0)
(-0.17085 -0.158328 0)
(-0.169722 -0.180828 0)
(-0.167714 -0.202618 0)
(-0.164613 -0.223353 0)
(-0.1602 -0.242603 0)
(-0.154266 -0.259845 0)
(-0.146622 -0.274456 0)
(-0.137131 -0.285715 0)
(-0.125729 -0.292806 0)
(-0.112458 -0.294841 0)
(-0.0975026 -0.29089 0)
(-0.0812188 -0.280026 0)
(-0.0641604 -0.261387 0)
(-0.0470932 -0.23425 0)
(-0.030967 -0.19811 0)
(-0.0168691 -0.152749 0)
(-0.00623944 -0.0982953 0)
(-0.00100419 -0.0352906 0)
(-0.000902066 0.0349489 0)
(-0.00557494 0.0966271 0)
(-0.0150018 0.149317 0)
(-0.0273971 0.192755 0)
(-0.0414379 0.227109 0)
(-0.0561537 0.25286 0)
(-0.0707284 0.270711 0)
(-0.0845294 0.281503 0)
(-0.09712 0.286134 0)
(-0.108237 0.285499 0)
(-0.11776 0.280446 0)
(-0.125681 0.27175 0)
(-0.132075 0.260094 0)
(-0.137075 0.246067 0)
(-0.140849 0.230165 0)
(-0.143581 0.212796 0)
(-0.145463 0.19429 0)
(-0.146681 0.174908 0)
(-0.147412 0.15485 0)
(-0.147816 0.134269 0)
(-0.148036 0.113272 0)
(-0.148194 0.0919351 0)
(-0.148392 0.0703068 0)
(-0.148709 0.0484149 0)
(-0.149203 0.0262729 0)
(-0.149905 0.00388534 0)
(-0.150827 -0.0187463 0)
(-0.151951 -0.0416182 0)
(-0.153235 -0.0647178 0)
(-0.154608 -0.0880169 0)
(-0.155971 -0.111464 0)
(-0.157191 -0.134976 0)
(-0.158107 -0.158426 0)
(-0.158524 -0.181633 0)
(-0.158218 -0.204351 0)
(-0.156942 -0.226249 0)
(-0.15443 -0.246904 0)
(-0.150411 -0.265781 0)
(-0.144628 -0.282226 0)
(-0.136863 -0.295458 0)
(-0.126965 -0.30457 0)
(-0.114893 -0.308547 0)
(-0.100757 -0.306292 0)
(-0.0848631 -0.296679 0)
(-0.0677519 -0.278624 0)
(-0.0502272 -0.251172 0)
(-0.0333343 -0.213609 0)
(-0.0183136 -0.16555 0)
(-0.00683259 -0.107033 0)
(-0.00111398 -0.0386134 0)
(-0.00100821 0.0379254 0)
(-0.00614663 0.104413 0)
(-0.0163831 0.160629 0)
(-0.0296326 0.206313 0)
(-0.0443475 0.241754 0)
(-0.0594147 0.267616 0)
(-0.0739353 0.284821 0)
(-0.0872498 0.294428 0)
(-0.0989398 0.297536 0)
(-0.108792 0.29521 0)
(-0.116753 0.288433 0)
(-0.122893 0.278079 0)
(-0.12736 0.264903 0)
(-0.130357 0.249536 0)
(-0.132115 0.232498 0)
(-0.132869 0.214204 0)
(-0.132857 0.194983 0)
(-0.132298 0.175082 0)
(-0.131397 0.154688 0)
(-0.130336 0.133932 0)
(-0.129274 0.112901 0)
(-0.128347 0.0916487 0)
(-0.127667 0.0702006 0)
(-0.127321 0.0485615 0)
(-0.127373 0.0267211 0)
(-0.127864 0.00465965 0)
(-0.128808 -0.0176467 0)
(-0.130194 -0.0402206 0)
(-0.131985 -0.0630776 0)
(-0.134111 -0.0862196 0)
(-0.136475 -0.109627 0)
(-0.138943 -0.133249 0)
(-0.141344 -0.156994 0)
(-0.143473 -0.180715 0)
(-0.145084 -0.204198 0)
(-0.145896 -0.227138 0)
(-0.145599 -0.249131 0)
(-0.14386 -0.269643 0)
(-0.140348 -0.288001 0)
(-0.13475 -0.303375 0)
(-0.126815 -0.314773 0)
(-0.116394 -0.321047 0)
(-0.103492 -0.32092 0)
(-0.0883365 -0.313034 0)
(-0.0714275 -0.296033 0)
(-0.053589 -0.268674 0)
(-0.0359611 -0.22996 0)
(-0.0199577 -0.179279 0)
(-0.00752206 -0.11653 0)
(-0.0012447 -0.0422663 0)
(-0.00114174 0.0412277 0)
(-0.00684809 0.112943 0)
(-0.0180425 0.172834 0)
(-0.032253 0.220664 0)
(-0.0476526 0.256897 0)
(-0.0629636 0.282455 0)
(-0.0772066 0.298546 0)
(-0.0897134 0.306504 0)
(-0.100111 0.307671 0)
(-0.108265 0.303307 0)
(-0.114218 0.294542 0)
(-0.118134 0.282352 0)
(-0.120256 0.267555 0)
(-0.120867 0.250818 0)
(-0.120263 0.232673 0)
(-0.118738 0.213535 0)
(-0.116569 0.193716 0)
(-0.114009 0.173446 0)
(-0.111288 0.152887 0)
(-0.108605 0.132145 0)
(-0.10613 0.111282 0)
(-0.10401 0.0903273 0)
(-0.102363 0.0692802 0)
(-0.101282 0.0481213 0)
(-0.100836 0.026816 0)
(-0.10107 0.00532012 0)
(-0.102005 -0.0164158 0)
(-0.103636 -0.0384412 0)
(-0.10593 -0.0608001 0)
(-0.108827 -0.0835256 0)
(-0.112233 -0.106632 0)
(-0.116017 -0.130105 0)
(-0.120009 -0.153893 0)
(-0.123996 -0.177891 0)
(-0.12772 -0.201924 0)
(-0.130873 -0.225731 0)
(-0.133104 -0.248936 0)
(-0.134024 -0.271028 0)
(-0.133221 -0.291331 0)
(-0.130286 -0.308985 0)
(-0.124843 -0.322922 0)
(-0.116611 -0.331866 0)
(-0.10546 -0.334347 0)
(-0.091494 -0.328745 0)
(-0.0751339 -0.313382 0)
(-0.0571937 -0.286647 0)
(-0.0388975 -0.247172 0)
(-0.0218523 -0.194025 0)
(-0.00833656 -0.126894 0)
(-0.00140338 -0.046307 0)
(-0.00131327 0.0449345 0)
(-0.00772336 0.122372 0)
(-0.0200616 0.186073 0)
(-0.0353499 0.235864 0)
(-0.0514127 0.272471 0)
(-0.0667896 0.297177 0)
(-0.080434 0.311569 0)
(-0.0917018 0.317327 0)
(-0.100306 0.316081 0)
(-0.10623 0.309309 0)
(-0.109644 0.298295 0)
(-0.110835 0.284112 0)
(-0.110153 0.26763 0)
(-0.107969 0.249538 0)
(-0.104652 0.230365 0)
(-0.100548 0.210507 0)
(-0.0959747 0.190252 0)
(-0.0912122 0.1698 0)
(-0.0865064 0.149282 0)
(-0.0820682 0.128773 0)
(-0.0780758 0.108306 0)
(-0.0746775 0.087881 0)
(-0.071994 0.0674718 0)
(-0.0701205 0.0470342 0)
(-0.0691285 0.0265093 0)
(-0.0690664 0.00582899 0)
(-0.0699598 -0.0150805 0)
(-0.0718103 -0.0362945 0)
(-0.0745943 -0.057885 0)
(-0.0782596 -0.0799159 0)
(-0.0827223 -0.102436 0)
(-0.0878619 -0.125471 0)
(-0.093516 -0.149012 0)
(-0.0994744 -0.173001 0)
(-0.105474 -0.197318 0)
(-0.111193 -0.22175 0)
(-0.116249 -0.245974 0)
(-0.120204 -0.269519 0)
(-0.122571 -0.291733 0)
(-0.122833 -0.311746 0)
(-0.120483 -0.328441 0)
(-0.115078 -0.340425 0)
(-0.106312 -0.346033 0)
(-0.0941162 -0.343359 0)
(-0.0787755 -0.330344 0)
(-0.0610443 -0.30492 0)
(-0.0422036 -0.265228 0)
(-0.0240659 -0.209886 0)
(-0.00931669 -0.138263 0)
(-0.00160045 -0.0508115 0)
(-0.00153887 0.0491525 0)
(-0.00883495 0.132899 0)
(-0.0225484 0.200512 0)
(-0.0390305 0.251949 0)
(-0.0556745 0.288343 0)
(-0.0708289 0.311483 0)
(-0.0834142 0.323453 0)
(-0.0928648 0.326367 0)
(-0.0990377 0.32219 0)
(-0.102086 0.312636 0)
(-0.102345 0.299138 0)
(-0.10025 0.282853 0)
(-0.0962733 0.264682 0)
(-0.0908804 0.245312 0)
(-0.0845087 0.225249 0)
(-0.077553 0.204855 0)
(-0.0703603 0.184377 0)
(-0.0632299 0.163976 0)
(-0.0564156 0.143742 0)
(-0.0501307 0.123714 0)
(-0.0445518 0.103891 0)
(-0.0398238 0.0842454 0)
(-0.0360638 0.0647233 0)
(-0.0333641 0.0452561 0)
(-0.0317951 0.0257625 0)
(-0.0314063 0.00615203 0)
(-0.0322271 -0.0136712 0)
(-0.0342661 -0.0338058 0)
(-0.0375094 -0.0543498 0)
(-0.0419176 -0.0753963 0)
(-0.0474218 -0.0970278 0)
(-0.0539181 -0.119309 0)
(-0.0612604 -0.142278 0)
(-0.0692529 -0.16593 0)
(-0.0776412 -0.190202 0)
(-0.0861034 -0.214951 0)
(-0.0942428 -0.239918 0)
(-0.101584 -0.264699 0)
(-0.107573 -0.288695 0)
(-0.111596 -0.311063 0)
(-0.113002 -0.330667 0)
(-0.111163 -0.346028 0)
(-0.105553 -0.355301 0)
(-0.0958699 -0.356278 0)
(-0.0821853 -0.346464 0)
(-0.0651166 -0.323228 0)
(-0.0459468 -0.28407 0)
(-0.0266897 -0.226971 0)
(-0.010521 -0.150812 0)
(-0.00185183 -0.0558824 0)
(-0.00184372 0.0540299 0)
(-0.0102736 0.144786 0)
(-0.0256453 0.216337 0)
(-0.0434132 0.268914 0)
(-0.0604463 0.304274 0)
(-0.0749187 0.32492 0)
(-0.0857871 0.333594 0)
(-0.0926505 0.332936 0)
(-0.09559 0.325287 0)
(-0.0949905 0.312603 0)
(-0.091397 0.296449 0)
(-0.0854149 0.278031 0)
(-0.0776452 0.258253 0)
(-0.0686466 0.237768 0)
(-0.0589166 0.217033 0)
(-0.0488853 0.196355 0)
(-0.0389169 0.175927 0)
(-0.0293146 0.155854 0)
(-0.0203283 0.136182 0)
(-0.0121617 0.116909 0)
(-0.00498039 0.0979994 0)
(0.00108256 0.0793933 0)
(0.00592055 0.0610126 0)
(0.00944939 0.0427662 0)
(0.011604 0.0245523 0)
(0.0123366 0.00626189 0)
(0.0116153 -0.0122198 0)
(0.00942497 -0.0310111 0)
(0.0057683 -0.0502323 0)
(0.000669024 -0.070002 0)
(-0.00582384 -0.0904338 0)
(-0.0136298 -0.11163 0)
(-0.0226291 -0.133674 0)
(-0.0326527 -0.156617 0)
(-0.0434709 -0.180463 0)
(-0.05478 -0.205143 0)
(-0.0661893 -0.230487 0)
(-0.0772084 -0.25618 0)
(-0.0872402 -0.28171 0)
(-0.0955829 -0.306305 0)
(-0.101448 -0.32886 0)
(-0.104008 -0.347859 0)
(-0.102477 -0.361311 0)
(-0.0962463 -0.366718 0)
(-0.0850747 -0.361104 0)
(-0.0693289 -0.341165 0)
(-0.0501939 -0.303564 0)
(-0.029845 -0.245389 0)
(-0.0120359 -0.164767 0)
(-0.0021828 -0.0616615 0)
(-0.00226895 0.059777 0)
(-0.0121739 0.158369 0)
(-0.029538 0.233743 0)
(-0.0486105 0.28666 0)
(-0.0656477 0.319848 0)
(-0.0787176 0.33682 0)
(-0.0869383 0.341166 0)
(-0.090202 0.336148 0)
(-0.0889193 0.32451 0)
(-0.0837783 0.308425 0)
(-0.0755717 0.289548 0)
(-0.0650894 0.26909 0)
(-0.0530586 0.247905 0)
(-0.040116 0.226577 0)
(-0.0268002 0.205484 0)
(-0.0135562 0.184852 0)
(-0.000744765 0.164805 0)
(0.0113451 0.145387 0)
(0.0224838 0.126589 0)
(0.0324904 0.108366 0)
(0.0412219 0.0906478 0)
(0.0485661 0.0733453 0)
(0.0544343 0.0563574 0)
(0.0587562 0.0395737 0)
(0.0614764 0.0228763 0)
(0.0625517 0.00614191 0)
(0.0619499 -0.0107583 0)
(0.0596498 -0.0279575 0)
(0.0556423 -0.0455925 0)
(0.0499332 -0.0638026 0)
(0.0425473 -0.0827271 0)
(0.033535 -0.102502 0)
(0.0229804 -0.123252 0)
(0.0110126 -0.145084 0)
(-0.00218075 -0.16807 0)
(-0.0163362 -0.192226 0)
(-0.0310955 -0.217482 0)
(-0.0459847 -0.243638 0)
(-0.0603945 -0.270307 0)
(-0.0735671 -0.296839 0)
(-0.0845971 -0.322222 0)
(-0.0924588 -0.344978 0)
(-0.0960777 -0.36304 0)
(-0.0944667 -0.373662 0)
(-0.0869513 -0.37338 0)
(-0.0734857 -0.35811 0)
(-0.0549887 -0.323446 0)
(-0.0336896 -0.265231 0)
(-0.0139912 -0.180419 0)
(-0.00263515 -0.0683515 0)
(-0.00288451 0.0667016 0)
(-0.0147396 0.174085 0)
(-0.0344605 0.252895 0)
(-0.0546854 0.304907 0)
(-0.0710123 0.334368 0)
(-0.0815692 0.346194 0)
(-0.0858457 0.345046 0)
(-0.0842082 0.334885 0)
(-0.0775227 0.318836 0)
(-0.0668502 0.299233 0)
(-0.0532553 0.277742 0)
(-0.037707 0.255505 0)
(-0.0210358 0.233271 0)
(-0.00392598 0.211504 0)
(0.0130751 0.19047 0)
(0.0295385 0.170298 0)
(0.0451333 0.151025 0)
(0.0596074 0.132626 0)
(0.0727703 0.115038 0)
(0.0844785 0.0981721 0)
(0.094624 0.0819249 0)
(0.103124 0.0661823 0)
(0.109916 0.0508241 0)
(0.114948 0.0357255 0)
(0.118179 0.0207582 0)
(0.119574 0.00578977 0)
(0.119102 -0.00931651 0)
(0.116737 -0.0247022 0)
(0.112458 -0.0405142 0)
(0.106251 -0.0569054 0)
(0.0981147 -0.0740339 0)
(0.0880637 -0.0920611 0)
(0.0761379 -0.111149 0)
(0.0624142 -0.131453 0)
(0.0470207 -0.153109 0)
(0.030157 -0.176222 0)
(0.0121178 -0.20083 0)
(-0.00667792 -0.226869 0)
(-0.0256544 -0.254112 0)
(-0.0440472 -0.282082 0)
(-0.0608795 -0.309943 0)
(-0.0749592 -0.336348 0)
(-0.0849207 -0.359269 0)
(-0.0893421 -0.375811 0)
(-0.0869829 -0.38207 0)
(-0.0771727 -0.373116 0)
(-0.0602993 -0.343225 0)
(-0.0384178 -0.28652 0)
(-0.0165853 -0.198142 0)
(-0.00328049 -0.0762507 0)
(-0.00381327 0.0752689 0)
(-0.0182819 0.192482 0)
(-0.0406806 0.273843 0)
(-0.0615463 0.323048 0)
(-0.0759023 0.346693 0)
(-0.0822726 0.351615 0)
(-0.0808456 0.343753 0)
(-0.0726946 0.327779 0)
(-0.0592703 0.307115 0)
(-0.0420524 0.28413 0)
(-0.0223687 0.260386 0)
(-0.00132811 0.236857 0)
(0.0201863 0.214116 0)
(0.0414949 0.192462 0)
(0.0620887 0.172017 0)
(0.0815943 0.152794 0)
(0.0997434 0.134737 0)
(0.116347 0.117751 0)
(0.131272 0.101719 0)
(0.144428 0.0865142 0)
(0.155752 0.072004 0)
(0.165202 0.0580554 0)
(0.172743 0.0445357 0)
(0.17835 0.0313122 0)
(0.181999 0.0182522 0)
(0.183664 0.00522087 0)
(0.18332 -0.00791952 0)
(0.180936 -0.0213118 0)
(0.17648 -0.0351055 0)
(0.169921 -0.0494584 0)
(0.161226 -0.0645384 0)
(0.150374 -0.0805232 0)
(0.137353 -0.0976004 0)
(0.122178 -0.115964 0)
(0.104903 -0.135809 0)
(0.0856411 -0.157318 0)
(0.0645901 -0.180639 0)
(0.0420702 -0.205854 0)
(0.0185664 -0.232921 0)
(-0.00522011 -0.26159 0)
(-0.028318 -0.291279 0)
(-0.0494418 -0.320896 0)
(-0.0669815 -0.348607 0)
(-0.0790668 -0.371545 0)
(-0.0837764 -0.385512 0)
(-0.079564 -0.384754 0)
(-0.0658994 -0.362017 0)
(-0.0442365 -0.309112 0)
(-0.0201213 -0.218398 0)
(-0.00424508 -0.0858143 0)
(-0.00527452 0.0862078 0)
(-0.0232683 0.214213 0)
(-0.0484247 0.296337 0)
(-0.0687099 0.339875 0)
(-0.0789598 0.355005 0)
(-0.0787023 0.351063 0)
(-0.0692849 0.335387 0)
(-0.0527438 0.313244 0)
(-0.031205 0.288147 0)
(-0.00655109 0.262299 0)
(0.0196969 0.236997 0)
(0.0463784 0.212938 0)
(0.0726444 0.190441 0)
(0.0978951 0.169598 0)
(0.12172 0.15037 0)
(0.14385 0.132644 0)
(0.164112 0.116275 0)
(0.182406 0.1011 0)
(0.198675 0.0869593 0)
(0.212894 0.0736942 0)
(0.225055 0.0611537 0)
(0.235157 0.0491942 0)
(0.243203 0.0376778 0)
(0.249195 0.0264718 0)
(0.253127 0.015446 0)
(0.254988 0.00447051 0)
(0.254756 -0.00658646 0)
(0.252399 -0.0178614 0)
(0.247878 -0.0294981 0)
(0.241141 -0.0416507 0)
(0.232131 -0.054486 0)
(0.220786 -0.0681864 0)
(0.207043 -0.082952 0)
(0.190849 -0.0990013 0)
(0.172174 -0.11657 0)
(0.151026 -0.135905 0)
(0.127476 -0.157252 0)
(0.101703 -0.180835 0)
(0.0740351 -0.206805 0)
(0.0450245 -0.235172 0)
(0.0155263 -0.265684 0)
(-0.0132067 -0.297632 0)
(-0.0394408 -0.329572 0)
(-0.0609302 -0.35893 0)
(-0.07503 -0.381495 0)
(-0.0790759 -0.3909 0)
(-0.0711128 -0.378274 0)
(-0.051271 -0.332486 0)
(-0.0250516 -0.241711 0)
(-0.00575393 -0.0977611 0)
(-0.0076544 0.100683 0)
(-0.030355 0.23992 0)
(-0.0576314 0.319433 0)
(-0.0747828 0.353155 0)
(-0.0774706 0.356503 0)
(-0.0672016 0.341803 0)
(-0.0470327 0.317672 0)
(-0.0201545 0.28961 0)
(0.0106613 0.260864 0)
(0.0432623 0.233193 0)
(0.0760959 0.207436 0)
(0.1081 0.1839 0)
(0.138584 0.162596 0)
(0.167122 0.143386 0)
(0.193469 0.126064 0)
(0.217507 0.110405 0)
(0.239193 0.0961846 0)
(0.258532 0.0831919 0)
(0.275557 0.0712346 0)
(0.290316 0.0601382 0)
(0.302857 0.0497447 0)
(0.313226 0.0399096 0)
(0.321463 0.0305 0)
(0.327595 0.0213906 0)
(0.331638 0.0124613 0)
(0.333592 0.00359421 0)
(0.333444 -0.00532965 0)
(0.331163 -0.0144332 0)
(0.3267 -0.0238468 0)
(0.319991 -0.0337113 0)
(0.310955 -0.0441824 0)
(0.299495 -0.0554343 0)
(0.285499 -0.067664 0)
(0.26885 -0.0810958 0)
(0.249429 -0.0959844 0)
(0.227129 -0.112617 0)
(0.20188 -0.131311 0)
(0.173677 -0.152404 0)
(0.142636 -0.176227 0)
(0.109065 -0.203055 0)
(0.0735655 -0.233006 0)
(0.0371769 -0.265864 0)
(0.00153976 -0.300786 0)
(-0.0309369 -0.335824 0)
(-0.057004 -0.367222 0)
(-0.0727595 -0.38848 0)
(-0.0742784 -0.389363 0)
(-0.0592841 -0.355324 0)
(-0.0319917 -0.268524 0)
(-0.00819915 -0.113242 0)
(-0.0115741 0.120523 0)
(-0.0402532 0.269849 0)
(-0.0672413 0.340745 0)
(-0.0763673 0.358994 0)
(-0.0662429 0.347103 0)
(-0.0416698 0.320412 0)
(-0.00785746 0.288177 0)
(0.0309105 0.255446 0)
(0.0714892 0.224671 0)
(0.11177 0.196835 0)
(0.150443 0.172147 0)
(0.186753 0.150447 0)
(0.220316 0.131423 0)
(0.250976 0.114719 0)
(0.27872 0.0999913 0)
(0.303613 0.0869281 0)
(0.32576 0.0752566 0)
(0.345283 0.0647413 0)
(0.362307 0.0551802 0)
(0.376947 0.0463992 0)
(0.389308 0.0382472 0)
(0.399478 0.0305912 0)
(0.407529 0.0233116 0)
(0.413511 0.0162991 0)
(0.41746 0.00945038 0)
(0.419386 0.00266546 0)
(0.419285 -0.00415576 0)
(0.417126 -0.0111166 0)
(0.412859 -0.0183268 0)
(0.406409 -0.0259067 0)
(0.397679 -0.0339905 0)
(0.386545 -0.0427321 0)
(0.372856 -0.0523098 0)
(0.356438 -0.0629333 0)
(0.337092 -0.074851 0)
(0.314606 -0.0883575 0)
(0.288761 -0.103801 0)
(0.259358 -0.12159 0)
(0.226255 -0.142185 0)
(0.189436 -0.166083 0)
(0.149114 -0.193759 0)
(0.105893 -0.22554 0)
(0.0610075 -0.261345 0)
(0.0166344 -0.300211 0)
(-0.023773 -0.339448 0)
(-0.0552837 -0.37329 0)
(-0.0716708 -0.390993 0)
(-0.0669125 -0.374741 0)
(-0.0415363 -0.298749 0)
(-0.0121936 -0.134045 0)
(-0.0177485 0.14855 0)
(-0.0528821 0.30281 0)
(-0.0732995 0.355066 0)
(-0.0658499 0.351045 0)
(-0.0357682 0.321364 0)
(0.00765735 0.283172 0)
(0.0572143 0.244934 0)
(0.108135 0.210188 0)
(0.157552 0.179982 0)
(0.203924 0.154244 0)
(0.246546 0.132471 0)
(0.285206 0.114049 0)
(0.319958 0.0983953 0)
(0.350992 0.0850022 0)
(0.378552 0.0734464 0)
(0.402899 0.063382 0)
(0.424282 0.0545283 0)
(0.442928 0.0466567 0)
(0.459039 0.0395805 0)
(0.47279 0.0331448 0)
(0.484327 0.0272197 0)
(0.49377 0.0216942 0)
(0.501213 0.016471 0)
(0.506725 0.0114626 0)
(0.510353 0.00658818 0)
(0.512119 0.00176998 0)
(0.512023 -0.00306907 0)
(0.510039 -0.00800839 0)
(0.506118 -0.0131327 0)
(0.500182 -0.0185355 0)
(0.492124 -0.0243225 0)
(0.481806 -0.0306168 0)
(0.469055 -0.0375646 0)
(0.453659 -0.0453421 0)
(0.435361 -0.054165 0)
(0.413865 -0.0642999 0)
(0.388827 -0.0760788 0)
(0.359868 -0.0899151 0)
(0.326591 -0.106322 0)
(0.288618 -0.125924 0)
(0.245675 -0.149458 0)
(0.197731 -0.177724 0)
(0.145252 -0.21144 0)
(0.089612 -0.250871 0)
(0.0336955 -0.295039 0)
(-0.0173565 -0.340117 0)
(-0.0554205 -0.376583 0)
(-0.0697303 -0.384945 0)
(-0.0532976 -0.330658 0)
(-0.0183758 -0.162888 0)
(-0.0258806 0.189372 0)
(-0.0643844 0.333672 0)
(-0.0643981 0.351754 0)
(-0.0272763 0.319467 0)
(0.0304606 0.272792 0)
(0.0955015 0.227022 0)
(0.160221 0.187481 0)
(0.220819 0.155021 0)
(0.275751 0.128865 0)
(0.324688 0.107854 0)
(0.367882 0.090888 0)
(0.405821 0.0770605 0)
(0.439055 0.0656605 0)
(0.468118 0.0561446 0)
(0.493489 0.0480999 0)
(0.515585 0.0412116 0)
(0.534761 0.0352381 0)
(0.551318 0.0299915 0)
(0.565503 0.0253237 0)
(0.577522 0.021116 0)
(0.587544 0.0172713 0)
(0.595701 0.0137088 0)
(0.602097 0.0103589 0)
(0.60681 0.00716029 0)
(0.609891 0.0040569 0)
(0.611367 0.000995565 0)
(0.611243 -0.00207619 0)
(0.609497 -0.00521233 0)
(0.606085 -0.00847056 0)
(0.600933 -0.0119149 0)
(0.593938 -0.0156186 0)
(0.584964 -0.0196681 0)
(0.573832 -0.024168 0)
(0.56032 -0.0292471 0)
(0.544152 -0.0350674 0)
(0.524986 -0.0418358 0)
(0.502406 -0.0498201 0)
(0.475911 -0.0593714 0)
(0.444904 -0.0709538 0)
(0.408698 -0.0851834 0)
(0.366532 -0.102875 0)
(0.317653 -0.125085 0)
(0.261481 -0.15312 0)
(0.197986 -0.188412 0)
(0.128395 -0.232032 0)
(0.0564304 -0.283308 0)
(-0.00983739 -0.336564 0)
(-0.0558663 -0.374863 0)
(-0.0627813 -0.358347 0)
(-0.0261686 -0.204117 0)
(-0.0296293 0.246724 0)
(-0.0583988 0.346547 0)
(-0.0119576 0.311495 0)
(0.0703986 0.251533 0)
(0.159094 0.196214 0)
(0.242193 0.152098 0)
(0.31563 0.118865 0)
(0.37876 0.0942148 0)
(0.432448 0.0758296 0)
(0.478012 0.0619133 0)
(0.516752 0.051184 0)
(0.549796 0.0427494 0)
(0.578079 0.035991 0)
(0.602354 0.0304767 0)
(0.623225 0.0259001 0)
(0.641175 0.0220406 0)
(0.65659 0.0187357 0)
(0.669781 0.0158639 0)
(0.680995 0.0133319 0)
(0.690433 0.0110671 0)
(0.698253 0.0090113 0)
(0.704581 0.0071169 0)
(0.709513 0.00534367 0)
(0.71312 0.00365664 0)
(0.715449 0.00202421 0)
(0.716528 0.00041664 0)
(0.716362 -0.00119524 0)
(0.714936 -0.00284137 0)
(0.712214 -0.00455384 0)
(0.708134 -0.00636843 0)
(0.702608 -0.00832647 0)
(0.695518 -0.0104773 0)
(0.686708 -0.0128812 0)
(0.675978 -0.0156143 0)
(0.663073 -0.0187739 0)
(0.647667 -0.0224877 0)
(0.629349 -0.0269263 0)
(0.607597 -0.0323226 0)
(0.581745 -0.039 0)
(0.550949 -0.0474169 0)
(0.514142 -0.0582335 0)
(0.469997 -0.0724113 0)
(0.416932 -0.0913509 0)
(0.353236 -0.11705 0)
(0.277534 -0.152157 0)
(0.18996 -0.199439 0)
(0.0943121 -0.259599 0)
(0.0028463 -0.325581 0)
(-0.0528309 -0.364955 0)
(-0.0285072 -0.260371 0)
(0.0100401 0.28671 0)
(0.0248623 0.299723 0)
(0.150353 0.214158 0)
(0.281623 0.145882 0)
(0.387786 0.100249 0)
(0.47134 0.070551 0)
(0.537221 0.051291 0)
(0.589414 0.0385743 0)
(0.631223 0.0298981 0)
(0.665178 0.0237552 0)
(0.693116 0.0192485 0)
(0.716359 0.0158342 0)
(0.735869 0.0131737 0)
(0.752358 0.011049 0)
(0.766358 0.00931515 0)
(0.778273 0.00787282 0)
(0.788416 0.00665163 0)
(0.797028 0.00560043 0)
(0.804301 0.00468106 0)
(0.810382 0.00386431 0)
(0.81539 0.00312723 0)
(0.819415 0.0024513 0)
(0.822529 0.00182111 0)
(0.824781 0.0012234 0)
(0.826207 0.000646291 0)
(0.826826 7.87059e-05 0)
(0.826644 -0.000490199 0)
(0.825651 -0.00107154 0)
(0.823823 -0.00167724 0)
(0.821117 -0.00232067 0)
(0.817474 -0.00301738 0)
(0.812811 -0.0037861 0)
(0.807018 -0.00465008 0)
(0.799952 -0.00563892 0)
(0.791427 -0.0067913 0)
(0.781204 -0.00815898 0)
(0.768968 -0.00981301 0)
(0.75431 -0.0118535 0)
(0.736682 -0.0144258 0)
(0.71535 -0.017748 0)
(0.689309 -0.0221588 0)
(0.657167 -0.0282038 0)
(0.616967 -0.0367923 0)
(0.565963 -0.0494769 0)
(0.500472 -0.0689028 0)
(0.415933 -0.0993375 0)
(0.306696 -0.146963 0)
(0.169408 -0.218966 0)
(0.0356164 -0.308497 0)
(0.0145891 -0.294729 0)
(0.301251 0.14701 0)
(0.400424 0.127488 0)
(0.564643 0.0751789 0)
(0.682464 0.0427889 0)
(0.752591 0.0251228 0)
(0.797597 0.0154523 0)
(0.828866 0.0100763 0)
(0.851606 0.00698491 0)
(0.868782 0.00510836 0)
(0.88219 0.00389659 0)
(0.892926 0.00306677 0)
(0.901682 0.00246898 0)
(0.908923 0.00201998 0)
(0.914971 0.00167111 0)
(0.920056 0.0013924 0)
(0.924347 0.00116445 0)
(0.927972 0.000974132 0)
(0.931029 0.00081224 0)
(0.933593 0.000672078 0)
(0.935722 0.000548634 0)
(0.937462 0.000438049 0)
(0.938848 0.000337257 0)
(0.939907 0.000243743 0)
(0.940658 0.000155368 0)
(0.941115 7.02385e-05 0)
(0.941285 -1.34033e-05 0)
(0.94117 -9.7268e-05 0)
(0.940767 -0.000183115 0)
(0.940067 -0.000272834 0)
(0.939053 -0.00036856 0)
(0.937705 -0.000472799 0)
(0.935989 -0.000588609 0)
(0.933865 -0.000719837 0)
(0.931277 -0.000871466 0)
(0.928154 -0.00105014 0)
(0.924401 -0.00126494 0)
(0.919894 -0.00152873 0)
(0.914465 -0.00186028 0)
(0.907887 -0.00228826 0)
(0.899841 -0.00285849 0)
(0.889867 -0.0036485 0)
(0.87728 -0.00479728 0)
(0.860999 -0.00656845 0)
(0.839242 -0.00948378 0)
(0.809014 -0.0145901 0)
(0.765011 -0.0239422 0)
(0.695657 -0.0414637 0)
(0.577236 -0.074311 0)
(0.408944 -0.128032 0)
(0.304996 -0.148435 0)
)
;

boundaryField
{
    movingWall
    {
        type            fixedValue;
        value           uniform (1 0 0);
    }
    fixedWalls
    {
        type            noSlip;
    }
    frontAndBack
    {
        type            empty;
    }
}


// ************************************************************************* //
