/*--------------------------------*- C++ -*----------------------------------*\
| =========                 |                                                 |
| \\      /  F ield         | OpenFOAM: The Open Source CFD Toolbox           |
|  \\    /   O peration     | Version:  v2012                                 |
|   \\  /    A nd           | Website:  www.openfoam.com                      |
|    \\/     M anipulation  |                                                 |
\*---------------------------------------------------------------------------*/
FoamFile
{
    version     2.0;
    format      ascii;
    class       surfaceScalarField;
    location    "0.15";
    object      phi;
}
// * * * * * * * * * * * * * * * * * * * * * * * * * * * * * * * * * * * * * //

dimensions      [0 3 -1 0 0 0 0];
oriented        oriented;


internalField   nonuniform List<scalar> 
4900
(
1.17404e-09
-1.18568e-09
2.41077e-09
-1.23683e-09
2.5095e-09
-9.87279e-11
1.03354e-09
1.47598e-09
-2.0972e-09
3.13072e-09
-6.79482e-09
4.69759e-09
-1.28893e-08
6.09452e-09
-2.01735e-08
7.28417e-09
-2.84259e-08
8.2524e-09
-3.7423e-08
8.99718e-09
-4.69463e-08
9.5232e-09
-5.67853e-08
9.83902e-09
-6.67408e-08
9.95546e-09
-7.66256e-08
9.88477e-09
-8.62655e-08
9.63998e-09
-9.55001e-08
9.23461e-09
-1.04183e-07
8.68246e-09
-1.1218e-07
7.99747e-09
-1.19374e-07
7.19369e-09
-1.25659e-07
6.28528e-09
-1.30945e-07
5.28649e-09
-1.35157e-07
4.2118e-09
-1.38233e-07
3.07591e-09
-1.40127e-07
1.89386e-09
-1.40809e-07
6.8113e-10
-1.40262e-07
-5.46469e-10
-1.38489e-07
-1.77267e-09
-1.35509e-07
-2.98053e-09
-1.31356e-07
-4.1528e-09
-1.26084e-07
-5.27177e-09
-1.19765e-07
-6.31941e-09
-1.12487e-07
-7.27748e-09
-1.04359e-07
-8.12769e-09
-9.55075e-08
-8.85199e-09
-8.60748e-08
-9.43272e-09
-7.62219e-08
-9.85293e-09
-6.61252e-08
-1.00967e-08
-5.59757e-08
-1.01495e-08
-4.59771e-08
-9.9986e-09
-3.63436e-08
-9.63348e-09
-2.7297e-08
-9.04656e-09
-1.9063e-08
-8.23404e-09
-1.18656e-08
-7.19738e-09
-5.91968e-09
-5.94589e-09
-1.41775e-09
-4.50193e-09
1.49374e-09
-2.91149e-09
2.75831e-09
-1.26458e-09
2.49182e-09
2.66471e-10
1.17247e-09
1.31936e-09
1.17248e-09
1.24528e-09
-2.43106e-09
1.44154e-09
-1.4331e-09
-1.16391e-09
2.50675e-09
-7.37662e-09
7.68872e-09
-1.74461e-08
1.32002e-08
-3.12643e-08
1.85157e-08
-4.85063e-08
2.33366e-08
-6.87235e-08
2.75014e-08
-9.14011e-08
3.093e-08
-1.15995e-07
3.35908e-08
-1.41953e-07
3.5482e-08
-1.68736e-07
3.66212e-08
-1.95818e-07
3.70379e-08
-2.22703e-07
3.67698e-08
-2.48923e-07
3.58599e-08
-2.74043e-07
3.43548e-08
-2.97664e-07
3.23033e-08
-3.19422e-07
2.97557e-08
-3.38992e-07
2.67638e-08
-3.56087e-07
2.338e-08
-3.70458e-07
1.9658e-08
-3.81898e-07
1.56522e-08
-3.90241e-07
1.14182e-08
-3.9536e-07
7.01295e-09
-3.97174e-07
2.49483e-09
-3.95644e-07
-2.0762e-09
-3.90778e-07
-6.6387e-09
-3.82629e-07
-1.11294e-08
-3.71298e-07
-1.54837e-08
-3.56934e-07
-1.96356e-08
-3.39735e-07
-2.35184e-08
-3.19948e-07
-2.7065e-08
-2.97867e-07
-3.02085e-08
-2.73836e-07
-3.28834e-08
-2.48242e-07
-3.5026e-08
-2.21519e-07
-3.65762e-08
-1.94138e-07
-3.74783e-08
-1.66604e-07
-3.76827e-08
-1.39455e-07
-3.71478e-08
-1.13247e-07
-3.58421e-08
-8.85461e-08
-3.37471e-08
-6.59188e-08
-3.08614e-08
-4.59091e-08
-2.7207e-08
-2.90158e-08
-2.28393e-08
-1.56535e-08
-1.78642e-08
-6.09629e-09
-1.24687e-08
-3.87202e-10
-6.97366e-09
1.79869e-09
-1.91942e-09
1.33123e-09
1.78681e-09
2.50372e-09
1.52548e-10
-2.5836e-09
-2.40396e-09
1.12342e-09
-9.33932e-09
9.44214e-09
-2.14891e-08
1.98385e-08
-3.91187e-08
3.08298e-08
-6.20819e-08
4.14789e-08
-8.99503e-08
5.12049e-08
-1.22113e-07
5.96643e-08
-1.5785e-07
6.66671e-08
-1.96382e-07
7.21223e-08
-2.36904e-07
7.60043e-08
-2.78615e-07
7.83319e-08
-3.20731e-07
7.91536e-08
-3.62499e-07
7.85383e-08
-4.03209e-07
7.65693e-08
-4.42194e-07
7.33396e-08
-4.78839e-07
6.89489e-08
-5.12585e-07
6.3502e-08
-5.42929e-07
5.71075e-08
-5.69426e-07
4.98768e-08
-5.91692e-07
4.19241e-08
-6.09406e-07
3.3366e-08
-6.2231e-07
2.43221e-08
-6.30211e-07
1.49146e-08
-6.32986e-07
5.26898e-09
-6.30576e-07
-4.4861e-09
-6.22996e-07
-1.42188e-08
-6.10331e-07
-2.37939e-08
-5.92741e-07
-3.30736e-08
-5.70459e-07
-4.19177e-08
-5.43793e-07
-5.01849e-08
-5.13124e-07
-5.77334e-08
-4.7891e-07
-6.4423e-08
-4.41677e-07
-7.01164e-08
-4.02021e-07
-7.46819e-08
-3.60602e-07
-7.79954e-08
-3.18136e-07
-7.9944e-08
-2.75389e-07
-8.0429e-08
-2.33167e-07
-7.93701e-08
-1.92298e-07
-7.67109e-08
-1.53621e-07
-7.24249e-08
-1.17957e-07
-6.6525e-08
-8.60879e-08
-5.90762e-08
-5.87119e-08
-5.02153e-08
-3.63944e-08
-4.01817e-08
-1.94967e-08
-2.93664e-08
-8.07943e-09
-1.83909e-08
-1.78187e-09
-8.21701e-09
3.28006e-10
-3.23093e-10
2.83172e-09
-1.37598e-09
-1.20759e-09
-7.51272e-09
7.26016e-09
-1.96748e-08
2.16043e-08
-3.85018e-08
3.86655e-08
-6.41387e-08
5.64666e-08
-9.63375e-08
7.36778e-08
-1.34557e-07
8.94245e-08
-1.7805e-07
1.03157e-07
-2.25934e-07
1.14551e-07
-2.77245e-07
1.23433e-07
-3.30981e-07
1.2974e-07
-3.86132e-07
1.33483e-07
-4.41705e-07
1.34727e-07
-4.9674e-07
1.33573e-07
-5.50321e-07
1.30151e-07
-6.01591e-07
1.2461e-07
-6.49755e-07
1.17113e-07
-6.94085e-07
1.07832e-07
-7.33928e-07
9.69504e-08
-7.68705e-07
8.46538e-08
-7.97917e-07
7.11354e-08
-8.21144e-07
5.65932e-08
-8.38052e-07
4.12301e-08
-8.48391e-07
2.5254e-08
-8.52001e-07
8.87835e-09
-8.48808e-07
-7.67831e-09
-8.38835e-07
-2.41921e-08
-8.22195e-07
-4.0434e-08
-7.99097e-07
-5.61711e-08
-7.69848e-07
-7.11669e-08
-7.3485e-07
-8.51834e-08
-6.946e-07
-9.79833e-08
-6.49691e-07
-1.09332e-07
-6.00806e-07
-1.19001e-07
-5.48715e-07
-1.26773e-07
-4.94267e-07
-1.32444e-07
-4.38381e-07
-1.3583e-07
-3.82037e-07
-1.36773e-07
-3.26259e-07
-1.35149e-07
-2.72095e-07
-1.30875e-07
-2.20598e-07
-1.23921e-07
-1.72796e-07
-1.14327e-07
-1.29654e-07
-1.02218e-07
-9.20317e-08
-8.78382e-08
-6.06244e-08
-7.15889e-08
-3.58967e-08
-5.40941e-08
-1.7996e-08
-3.62916e-08
-6.66079e-09
-1.95522e-08
-1.12734e-09
-5.85656e-09
1.70437e-09
-3.01483e-09
1.80725e-09
-1.30856e-08
1.73309e-08
-3.09219e-08
3.94405e-08
-5.6832e-08
6.45756e-08
-9.07394e-08
9.0374e-08
-1.32232e-07
1.1517e-07
-1.80627e-07
1.3782e-07
-2.35038e-07
1.57568e-07
-2.94436e-07
1.73949e-07
-3.57701e-07
1.86699e-07
-4.23668e-07
1.95707e-07
-4.91155e-07
2.00971e-07
-5.58997e-07
2.02568e-07
-6.2606e-07
2.00636e-07
-6.91264e-07
1.95354e-07
-7.53589e-07
1.86935e-07
-8.12088e-07
1.75612e-07
-8.65896e-07
1.6164e-07
-9.14229e-07
1.45284e-07
-9.56397e-07
1.26821e-07
-9.91801e-07
1.0654e-07
-1.01994e-06
8.47333e-08
-1.04042e-06
6.17055e-08
-1.05293e-06
3.77671e-08
-1.05729e-06
1.32369e-08
-1.05341e-06
-1.15585e-08
-1.04132e-06
-3.62848e-08
-1.02115e-06
-6.06009e-08
-9.9316e-07
-8.41597e-08
-9.57716e-07
-1.0661e-07
-9.15299e-07
-1.276e-07
-8.66505e-07
-1.46778e-07
-8.1204e-07
-1.63797e-07
-7.52717e-07
-1.78324e-07
-6.89451e-07
-1.90039e-07
-6.2325e-07
-1.98645e-07
-5.55202e-07
-2.03877e-07
-4.86463e-07
-2.05512e-07
-4.18237e-07
-2.03375e-07
-3.51755e-07
-1.97357e-07
-2.88248e-07
-1.87428e-07
-2.28914e-07
-1.73661e-07
-1.74879e-07
-1.56253e-07
-1.27148e-07
-1.35569e-07
-8.65559e-08
-1.12181e-07
-5.37002e-08
-8.69498e-08
-2.88805e-08
-6.11113e-08
-1.20362e-08
-3.63965e-08
-2.70373e-09
-1.51891e-08
-9.99369e-10
-4.63077e-09
6.43801e-09
-1.87125e-08
3.14126e-08
-4.23771e-08
6.31052e-08
-7.55345e-08
9.77329e-08
-1.17822e-07
1.32661e-07
-1.68611e-07
1.6596e-07
-2.27045e-07
1.96254e-07
-2.92083e-07
2.22607e-07
-3.62551e-07
2.44416e-07
-4.37184e-07
2.61332e-07
-5.1467e-07
2.73193e-07
-5.93682e-07
2.79983e-07
-6.72908e-07
2.81793e-07
-7.51069e-07
2.78797e-07
-8.26944e-07
2.71229e-07
-8.99379e-07
2.5937e-07
-9.67302e-07
2.43534e-07
-1.02973e-06
2.24064e-07
-1.08576e-06
2.01322e-07
-1.13463e-06
1.75687e-07
-1.17564e-06
1.47552e-07
-1.20823e-06
1.17323e-07
-1.23194e-06
8.54157e-08
-1.24643e-06
5.22594e-08
-1.25149e-06
1.8293e-08
-1.24702e-06
-1.6034e-08
-1.23304e-06
-5.02615e-08
-1.20972e-06
-8.39208e-08
-1.17734e-06
-1.16536e-07
-1.13633e-06
-1.47624e-07
-1.08722e-06
-1.76705e-07
-1.0307e-06
-2.03297e-07
-9.67572e-07
-2.2693e-07
-8.9875e-07
-2.47147e-07
-8.25273e-07
-2.63516e-07
-7.48281e-07
-2.75637e-07
-6.69004e-07
-2.83154e-07
-5.88746e-07
-2.8577e-07
-5.08867e-07
-2.83255e-07
-4.30752e-07
-2.75472e-07
-3.55788e-07
-2.62391e-07
-2.85328e-07
-2.44121e-07
-2.20648e-07
-2.20934e-07
-1.62904e-07
-1.93312e-07
-1.13084e-07
-1.62002e-07
-7.19557e-08
-1.28078e-07
-4.00225e-08
-9.30445e-08
-1.74909e-08
-5.89281e-08
-4.26506e-09
-2.84149e-08
-5.26443e-09
-6.17224e-09
1.26102e-08
-2.41997e-08
4.944e-08
-5.36723e-08
9.25778e-08
-9.40826e-08
1.38143e-07
-1.44746e-07
1.83324e-07
-2.04783e-07
2.25997e-07
-2.73132e-07
2.64603e-07
-3.48582e-07
2.98056e-07
-4.29801e-07
3.25636e-07
-5.15383e-07
3.46914e-07
-6.03878e-07
3.61688e-07
-6.93826e-07
3.69931e-07
-7.83784e-07
3.71752e-07
-8.72352e-07
3.67365e-07
-9.58186e-07
3.57063e-07
-1.04002e-06
3.41203e-07
-1.11667e-06
3.20185e-07
-1.18706e-06
2.94451e-07
-1.2502e-06
2.64466e-07
-1.30523e-06
2.30722e-07
-1.35141e-06
1.93728e-07
-1.3881e-06
1.54012e-07
-1.4148e-06
1.12115e-07
-1.43114e-06
6.8596e-08
-1.43687e-06
2.40252e-08
-1.43189e-06
-2.10117e-08
-1.41623e-06
-6.59169e-08
-1.39007e-06
-1.10081e-07
-1.35372e-06
-1.52885e-07
-1.30764e-06
-1.93706e-07
-1.25243e-06
-2.31917e-07
-1.18883e-06
-2.66898e-07
-1.11772e-06
-2.98039e-07
-1.04012e-06
-3.24752e-07
-9.57152e-07
-3.46479e-07
-8.70082e-07
-3.62707e-07
-7.80256e-07
-3.7298e-07
-6.89108e-07
-3.76918e-07
-5.9813e-07
-3.74233e-07
-5.0885e-07
-3.64752e-07
-4.228e-07
-3.48442e-07
-3.41478e-07
-3.25442e-07
-2.66315e-07
-2.96096e-07
-1.98629e-07
-2.60999e-07
-1.39581e-07
-2.2105e-07
-9.01406e-08
-1.77518e-07
-5.10535e-08
-1.32132e-07
-2.28283e-08
-8.71533e-08
-5.75784e-09
-4.54854e-08
-1.10223e-08
-7.62733e-09
2.02375e-08
-2.94751e-08
7.12878e-08
-6.46463e-08
1.27749e-07
-1.12225e-07
1.85721e-07
-1.7119e-07
2.42289e-07
-2.40388e-07
2.95195e-07
-3.18534e-07
3.42749e-07
-4.04224e-07
3.83745e-07
-4.95961e-07
4.17373e-07
-5.92191e-07
4.43144e-07
-6.91328e-07
4.60825e-07
-7.91787e-07
4.7039e-07
-8.92006e-07
4.71971e-07
-9.90471e-07
4.6583e-07
-1.08574e-06
4.52327e-07
-1.17643e-06
4.319e-07
-1.26129e-06
4.05045e-07
-1.33915e-06
3.72306e-07
-1.40894e-06
3.34264e-07
-1.46975e-06
2.91529e-07
-1.52076e-06
2.44737e-07
-1.56129e-06
1.94546e-07
-1.59081e-06
1.41632e-07
-1.60891e-06
8.66919e-08
-1.61532e-06
3.04389e-08
-1.60994e-06
-2.63964e-08
-1.59278e-06
-8.30678e-08
-1.56405e-06
-1.38815e-07
-1.52407e-06
-1.92867e-07
-1.47333e-06
-2.44447e-07
-1.41247e-06
-2.92773e-07
-1.3423e-06
-3.37074e-07
-1.26374e-06
-3.76592e-07
-1.1779e-06
-4.10593e-07
-1.08599e-06
-4.38386e-07
-9.89369e-07
-4.59333e-07
-8.89481e-07
-4.72868e-07
-7.87879e-07
-4.7852e-07
-6.8618e-07
-4.75932e-07
-5.86043e-07
-4.64888e-07
-4.89141e-07
-4.45344e-07
-3.97123e-07
-4.17461e-07
-3.11578e-07
-3.81641e-07
-2.34e-07
-3.38577e-07
-1.65749e-07
-2.89301e-07
-1.08018e-07
-2.35249e-07
-6.1819e-08
-1.78331e-07
-2.79784e-08
-1.20994e-07
-7.1698e-09
-6.62939e-08
-1.81921e-08
-9.00197e-09
2.92395e-08
-3.45305e-08
9.68162e-08
-7.52568e-08
1.68475e-07
-1.29876e-07
2.40341e-07
-1.97034e-07
3.09447e-07
-2.7529e-07
3.73452e-07
-3.63118e-07
4.30578e-07
-4.58909e-07
4.79535e-07
-5.60989e-07
5.19453e-07
-6.67649e-07
5.49804e-07
-7.77166e-07
5.70342e-07
-8.8783e-07
5.81053e-07
-9.97966e-07
5.82107e-07
-1.10596e-06
5.73822e-07
-1.21027e-06
5.56634e-07
-1.30943e-06
5.31069e-07
-1.40212e-06
4.97726e-07
-1.48707e-06
4.57263e-07
-1.56319e-06
4.1038e-07
-1.62948e-06
3.57816e-07
-1.68508e-06
3.00339e-07
-1.72928e-06
2.38744e-07
-1.7615e-06
1.73852e-07
-1.78131e-06
1.06503e-07
-1.78843e-06
3.75623e-08
-1.78274e-06
-3.20882e-08
-1.76426e-06
-1.01546e-07
-1.73319e-06
-1.69891e-07
-1.68986e-06
-2.36192e-07
-1.6348e-06
-2.99508e-07
-1.56868e-06
-3.58897e-07
-1.49233e-06
-4.13424e-07
-1.40675e-06
-4.62171e-07
-1.31309e-06
-5.04254e-07
-1.21264e-06
-5.38833e-07
-1.10684e-06
-5.65136e-07
-9.97229e-07
-5.82476e-07
-8.8547e-07
-5.90278e-07
-7.73296e-07
-5.88107e-07
-6.62493e-07
-5.7569e-07
-5.54876e-07
-5.52961e-07
-4.52249e-07
-5.20087e-07
-3.56375e-07
-4.77515e-07
-2.68937e-07
-4.26015e-07
-1.91509e-07
-3.66729e-07
-1.2553e-07
-3.01228e-07
-7.22909e-08
-2.3157e-07
-3.29385e-08
-1.60346e-07
-8.50818e-09
-9.07242e-08
-2.67002e-08
-1.03092e-08
3.95487e-08
-3.93889e-08
1.25896e-07
-8.55265e-08
2.14613e-07
-1.47053e-07
3.01868e-07
-2.22284e-07
3.84677e-07
-3.09492e-07
4.6066e-07
-4.06898e-07
5.27983e-07
-5.12676e-07
5.85313e-07
-6.24967e-07
6.31744e-07
-7.41898e-07
6.66735e-07
-8.61605e-07
6.90049e-07
-9.82253e-07
7.01701e-07
-1.10206e-06
7.01913e-07
-1.21931e-06
6.91071e-07
-1.33237e-06
6.69698e-07
-1.43972e-06
6.38418e-07
-1.53994e-06
5.97944e-07
-1.63173e-06
5.49051e-07
-1.71392e-06
4.92569e-07
-1.78547e-06
4.2937e-07
-1.8455e-06
3.60363e-07
-1.89324e-06
2.86486e-07
-1.92809e-06
2.08708e-07
-1.94961e-06
1.28021e-07
-1.95749e-06
4.54438e-08
-1.9516e-06
-3.7981e-08
-1.93196e-06
-1.21189e-07
-1.89875e-06
-2.03097e-07
-1.85234e-06
-2.82605e-07
-1.79324e-06
-3.58601e-07
-1.72217e-06
-4.29974e-07
-1.63997e-06
-4.95618e-07
-1.5477e-06
-5.54447e-07
-1.44654e-06
-6.05412e-07
-1.33786e-06
-6.47516e-07
-1.22315e-06
-6.7984e-07
-1.10406e-06
-7.01564e-07
-9.82344e-07
-7.11997e-07
-8.59843e-07
-7.10607e-07
-7.38478e-07
-6.97055e-07
-6.20209e-07
-6.71231e-07
-5.07003e-07
-6.33293e-07
-4.00807e-07
-5.83712e-07
-3.0351e-07
-5.23312e-07
-2.16917e-07
-4.53322e-07
-1.42725e-07
-3.7542e-07
-8.25119e-08
-2.91783e-07
-3.77413e-08
-2.05117e-07
-9.78849e-09
-1.18677e-07
-3.64887e-08
-1.15641e-08
5.11128e-08
-4.40878e-08
1.5842e-07
-9.55113e-08
2.66036e-07
-1.63823e-07
3.7018e-07
-2.47019e-07
4.67874e-07
-3.43083e-07
5.56723e-07
-4.49977e-07
6.34878e-07
-5.65652e-07
7.00988e-07
-6.88053e-07
7.54145e-07
-8.15137e-07
7.9382e-07
-9.44896e-07
8.19807e-07
-1.07537e-06
8.32172e-07
-1.20466e-06
8.31205e-07
-1.33096e-06
8.17376e-07
-1.45257e-06
7.91305e-07
-1.56788e-06
7.5373e-07
-1.67542e-06
7.05482e-07
-1.77383e-06
6.47466e-07
-1.86191e-06
5.80647e-07
-1.93858e-06
5.06037e-07
-2.00291e-06
4.2469e-07
-2.05411e-06
3.37694e-07
-2.09157e-06
2.46168e-07
-2.11481e-06
1.5126e-07
-2.12352e-06
5.41493e-08
-2.11754e-06
-4.39609e-08
-2.09689e-06
-1.4184e-07
-2.06175e-06
-2.38235e-07
-2.01248e-06
-3.31873e-07
-1.94962e-06
-4.21468e-07
-1.87386e-06
-5.0573e-07
-1.7861e-06
-5.83376e-07
-1.68741e-06
-6.53142e-07
-1.57902e-06
-7.13803e-07
-1.46234e-06
-7.64196e-07
-1.33894e-06
-8.03239e-07
-1.21054e-06
-8.29965e-07
-1.07898e-06
-8.43551e-07
-9.46237e-07
-8.43353e-07
-8.1435e-07
-8.28942e-07
-6.85434e-07
-8.00147e-07
-5.6163e-07
-7.57097e-07
-4.45079e-07
-7.00263e-07
-3.3789e-07
-6.30501e-07
-2.42113e-07
-5.49099e-07
-1.59714e-07
-4.57819e-07
-9.25632e-08
-3.58934e-07
-4.24362e-08
-2.55244e-07
-1.10292e-08
-1.50084e-07
-4.7518e-08
-1.27819e-08
6.38947e-08
-4.86697e-08
1.94307e-07
-1.05283e-07
3.22649e-07
-1.80284e-07
4.45181e-07
-2.71359e-07
5.58948e-07
-3.76201e-07
6.61565e-07
-4.92514e-07
7.51191e-07
-6.18015e-07
8.2649e-07
-7.50449e-07
8.86578e-07
-8.87597e-07
9.30969e-07
-1.0273e-06
9.5951e-07
-1.16747e-06
9.72341e-07
-1.3061e-06
9.69839e-07
-1.4413e-06
9.52576e-07
-1.57129e-06
9.21286e-07
-1.69438e-06
8.76829e-07
-1.80907e-06
8.20169e-07
-1.91395e-06
7.52346e-07
-2.00777e-06
6.7447e-07
-2.08944e-06
5.87699e-07
-2.15798e-06
4.93235e-07
-2.21261e-06
3.92318e-07
-2.25266e-06
2.86224e-07
-2.27766e-06
1.76258e-07
-2.28727e-06
6.37592e-08
-2.28133e-06
-4.99045e-08
-2.25983e-06
-1.63335e-07
-2.22296e-06
-2.75107e-07
-2.17106e-06
-3.83771e-07
-2.10467e-06
-4.87863e-07
-2.02449e-06
-5.85909e-07
-1.93142e-06
-6.7644e-07
-1.82656e-06
-7.58007e-07
-1.71116e-06
-8.29199e-07
-1.58669e-06
-8.88671e-07
-1.45476e-06
-9.35166e-07
-1.31717e-06
-9.67554e-07
-1.17586e-06
-9.84859e-07
-1.03291e-06
-9.86304e-07
-8.90501e-07
-9.71352e-07
-7.50901e-07
-9.39747e-07
-6.16437e-07
-8.91562e-07
-4.89456e-07
-8.27243e-07
-3.72303e-07
-7.47654e-07
-2.67282e-07
-6.5412e-07
-1.7664e-07
-5.48461e-07
-1.02545e-07
-4.33029e-07
-4.70798e-08
-3.10709e-07
-1.22496e-08
-1.84914e-07
-5.97675e-08
-1.39768e-08
7.78715e-08
-5.31772e-08
2.33508e-07
-1.14916e-07
3.84388e-07
-1.96543e-07
5.26808e-07
-2.95437e-07
6.57842e-07
-4.09005e-07
7.75133e-07
-5.34687e-07
8.76873e-07
-6.69963e-07
9.61766e-07
-8.1237e-07
1.02899e-06
-9.59511e-07
1.07811e-06
-1.10907e-06
1.10907e-06
-1.25883e-06
1.1221e-06
-1.40668e-06
1.11769e-06
-1.55064e-06
1.09653e-06
-1.68885e-06
1.05949e-06
-1.81958e-06
1.00756e-06
-1.94127e-06
9.41853e-07
-2.05247e-06
8.63551e-07
-2.15192e-06
7.73915e-07
-2.23847e-06
6.74255e-07
-2.31116e-06
5.65927e-07
-2.36917e-06
4.50327e-07
-2.41183e-06
3.28884e-07
-2.43864e-06
2.03064e-07
-2.44924e-06
7.43656e-08
-2.44347e-06
-5.56785e-08
-2.4213e-06
-1.85502e-07
-2.3829e-06
-3.13508e-07
-2.3286e-06
-4.38069e-07
-2.25893e-06
-5.57539e-07
-2.17458e-06
-6.70255e-07
-2.07647e-06
-7.74556e-07
-1.96567e-06
-8.68799e-07
-1.8435e-06
-9.51378e-07
-1.71141e-06
-1.02075e-06
-1.57111e-06
-1.07547e-06
-1.42444e-06
-1.11422e-06
-1.27344e-06
-1.13586e-06
-1.1203e-06
-1.13945e-06
-9.67331e-07
-1.12432e-06
-8.1698e-07
-1.0901e-06
-6.71759e-07
-1.03678e-06
-5.34238e-07
-9.64764e-07
-4.07005e-07
-8.74888e-07
-2.92635e-07
-7.6849e-07
-1.93664e-07
-6.47432e-07
-1.12565e-07
-5.14128e-07
-5.17305e-08
-3.71543e-07
-1.34682e-08
-2.23176e-07
-7.32357e-08
-1.51615e-08
9.3033e-08
-5.76507e-08
2.75997e-07
-1.24486e-07
4.51223e-07
-2.12708e-07
6.15031e-07
-3.19394e-07
7.64528e-07
-4.41661e-07
8.974e-07
-5.76682e-07
1.01189e-06
-7.21697e-07
1.10678e-06
-8.74028e-07
1.18132e-06
-1.0311e-06
1.23518e-06
-1.19043e-06
1.2684e-06
-1.34968e-06
1.28135e-06
-1.50663e-06
1.27464e-06
-1.6592e-06
1.24911e-06
-1.80548e-06
1.20577e-06
-1.9437e-06
1.14578e-06
-2.07223e-06
1.07038e-06
-2.18961e-06
9.80938e-07
-2.29456e-06
8.78856e-07
-2.38591e-06
7.65607e-07
-2.46268e-06
6.42701e-07
-2.52404e-06
5.1169e-07
-2.56932e-06
3.7416e-07
-2.59799e-06
2.31734e-07
-2.60969e-06
8.60693e-08
-2.60423e-06
-6.1139e-08
-2.58158e-06
-2.08159e-07
-2.54186e-06
-3.53221e-07
-2.48541e-06
-4.94522e-07
-2.41272e-06
-6.3023e-07
-2.32448e-06
-7.58493e-07
-2.22159e-06
-8.77452e-07
-2.10513e-06
-9.85261e-07
-1.9764e-06
-1.08011e-06
-1.83691e-06
-1.16023e-06
-1.68839e-06
-1.22399e-06
-1.53276e-06
-1.26986e-06
-1.37212e-06
-1.29649e-06
-1.20879e-06
-1.30278e-06
-1.04523e-06
-1.28788e-06
-8.8404e-07
-1.25129e-06
-7.27941e-07
-1.19288e-06
-5.79733e-07
-1.11297e-06
-4.42262e-07
-1.01236e-06
-3.18387e-07
-8.92364e-07
-2.10949e-07
-7.5487e-07
-1.22732e-07
-6.02345e-07
-5.64458e-08
-4.37829e-07
-1.47026e-08
-2.6492e-07
-8.79383e-08
-1.63475e-08
1.09381e-07
-6.21276e-08
3.21777e-07
-1.34062e-07
5.23157e-07
-2.28883e-07
7.09853e-07
-3.43363e-07
8.79008e-07
-4.74327e-07
1.02836e-06
-6.18676e-07
1.15624e-06
-7.73404e-07
1.26151e-06
-9.35616e-07
1.34353e-06
-1.10254e-06
1.4021e-06
-1.27156e-06
1.43741e-06
-1.44017e-06
1.44997e-06
-1.60608e-06
1.44055e-06
-1.76712e-06
1.41015e-06
-1.92131e-06
1.35996e-06
-2.06682e-06
1.29129e-06
-2.20203e-06
1.20558e-06
-2.32543e-06
1.10434e-06
-2.43573e-06
9.89152e-07
-2.53176e-06
8.61639e-07
-2.61253e-06
7.23475e-07
-2.67721e-06
5.76368e-07
-2.72511e-06
4.22059e-07
-2.7557e-06
2.62324e-07
-2.76861e-06
9.89761e-08
-2.76362e-06
-6.61315e-08
-2.74067e-06
-2.31105e-07
-2.69988e-06
-3.94006e-07
-2.64155e-06
-5.52857e-07
-2.56614e-06
-7.05642e-07
-2.47431e-06
-8.50317e-07
-2.36694e-06
-9.84821e-07
-2.24511e-06
-1.1071e-06
-2.1101e-06
-1.21511e-06
-1.96346e-06
-1.30688e-06
-1.80691e-06
-1.38054e-06
-1.64244e-06
-1.43433e-06
-1.47225e-06
-1.46668e-06
-1.29876e-06
-1.47628e-06
-1.12456e-06
-1.46208e-06
-9.52432e-07
-1.42341e-06
-7.85314e-07
-1.36e-06
-6.26242e-07
-1.27204e-06
-4.78337e-07
-1.16026e-06
-3.44756e-07
-1.02594e-06
-2.28656e-07
-8.7097e-07
-1.33152e-07
-6.97849e-07
-6.12809e-08
-5.09701e-07
-1.59695e-08
-3.10231e-07
-1.03908e-07
-1.75451e-08
1.26926e-07
-6.6642e-08
3.70873e-07
-1.43709e-07
6.00224e-07
-2.45165e-07
8.11309e-07
-3.67471e-07
1.00131e-06
-5.07152e-07
1.16805e-06
-6.60831e-07
1.30992e-06
-8.25252e-07
1.42593e-06
-9.97295e-07
1.51557e-06
-1.174e-06
1.57881e-06
-1.35258e-06
1.61599e-06
-1.53043e-06
1.62782e-06
-1.70512e-06
1.61524e-06
-1.87442e-06
1.57946e-06
-2.0363e-06
1.52184e-06
-2.18891e-06
1.4439e-06
-2.33056e-06
1.34724e-06
-2.45979e-06
1.23357e-06
-2.57526e-06
1.10462e-06
-2.67582e-06
9.62203e-07
-2.76049e-06
8.08143e-07
-2.82842e-06
6.44302e-07
-2.87894e-06
4.72574e-07
-2.9115e-06
2.94883e-07
-2.92571e-06
1.13193e-07
-2.92135e-06
-7.0492e-08
-2.89833e-06
-2.54122e-07
-2.85674e-06
-4.35598e-07
-2.79683e-06
-6.1277e-07
-2.71903e-06
-7.83441e-07
-2.62397e-06
-9.45374e-07
-2.51249e-06
-1.0963e-06
-2.38563e-06
-1.23395e-06
-2.24468e-06
-1.35606e-06
-2.09116e-06
-1.46041e-06
-1.92683e-06
-1.54487e-06
-1.75372e-06
-1.60744e-06
-1.5741e-06
-1.6463e-06
-1.39049e-06
-1.65989e-06
-1.20562e-06
-1.64694e-06
-1.02248e-06
-1.60656e-06
-8.44188e-07
-1.53829e-06
-6.74055e-07
-1.44218e-06
-5.15484e-07
-1.31883e-06
-3.71949e-07
-1.16948e-06
-2.46943e-07
-9.95976e-07
-1.43928e-07
-8.00864e-07
-6.62886e-08
-5.87341e-07
-1.72844e-08
-3.59235e-07
-1.21192e-07
-1.87634e-08
1.45689e-07
-7.12246e-08
4.23335e-07
-1.53486e-07
6.82485e-07
-2.61643e-07
9.19466e-07
-3.91831e-07
1.1315e-06
-5.40269e-07
1.31648e-06
-7.03292e-07
1.47294e-06
-8.77383e-07
1.60002e-06
-1.0592e-06
1.69739e-06
-1.24558e-06
1.76519e-06
-1.43358e-06
1.80399e-06
-1.62046e-06
1.8147e-06
-1.80371e-06
1.79849e-06
-1.98103e-06
1.75678e-06
-2.15034e-06
1.69114e-06
-2.30974e-06
1.6033e-06
-2.45758e-06
1.49508e-06
-2.59235e-06
1.36834e-06
-2.71276e-06
1.22503e-06
-2.81766e-06
1.0671e-06
-2.90607e-06
8.96552e-07
-2.97716e-06
7.15396e-07
-3.03026e-06
5.25672e-07
-3.06482e-06
3.29446e-07
-3.08045e-06
1.28824e-07
-3.0769e-06
-7.40486e-08
-3.05404e-06
-2.76974e-07
-3.01194e-06
-4.777e-07
-2.9508e-06
-6.73912e-07
-2.871e-06
-8.63237e-07
-2.77313e-06
-1.04325e-06
-2.65797e-06
-1.21147e-06
-2.52651e-06
-1.36541e-06
-2.38002e-06
-1.50255e-06
-2.21999e-06
-1.62043e-06
-2.04821e-06
-1.71665e-06
-1.86671e-06
-1.78894e-06
-1.67783e-06
-1.83518e-06
-1.4842e-06
-1.85353e-06
-1.28869e-06
-1.84245e-06
-1.09445e-06
-1.8008e-06
-9.04842e-07
-1.72789e-06
-7.23436e-07
-1.62358e-06
-5.53941e-07
-1.48833e-06
-4.00164e-07
-1.32326e-06
-2.65958e-07
-1.13018e-06
-1.55158e-07
-9.11665e-07
-7.15191e-08
-6.70979e-07
-1.8662e-08
-4.12092e-07
-1.39854e-07
-2.00108e-08
1.657e-07
-7.59042e-08
4.79228e-07
-1.63449e-07
7.7003e-07
-2.78398e-07
1.03441e-06
-4.16549e-07
1.26965e-06
-5.73798e-07
1.47373e-06
-7.4618e-07
1.64533e-06
-9.29911e-07
1.78375e-06
-1.12141e-06
1.88888e-06
-1.31732e-06
1.96111e-06
-1.51455e-06
2.00122e-06
-1.71022e-06
2.01037e-06
-1.90174e-06
1.99001e-06
-2.08675e-06
1.94178e-06
-2.26312e-06
1.86751e-06
-2.42897e-06
1.76915e-06
-2.58262e-06
1.64873e-06
-2.72261e-06
1.50833e-06
-2.84764e-06
1.35006e-06
-2.9566e-06
1.17606e-06
-3.04854e-06
9.88492e-07
-3.12265e-06
7.89506e-07
-3.17826e-06
5.81283e-07
-3.21484e-06
3.66024e-07
-3.23198e-06
1.45962e-07
-3.2294e-06
-7.66237e-08
-3.20697e-06
-2.99403e-07
-3.1647e-06
-5.19978e-07
-3.10272e-06
-7.35884e-07
-3.02138e-06
-9.44577e-07
-2.92119e-06
-1.14344e-06
-2.80285e-06
-1.32981e-06
-2.66732e-06
-1.50093e-06
-2.5158e-06
-1.65408e-06
-2.34974e-06
-1.78649e-06
-2.17091e-06
-1.89548e-06
-1.98137e-06
-1.97847e-06
-1.78351e-06
-2.03304e-06
-1.58002e-06
-2.05702e-06
-1.37393e-06
-2.04854e-06
-1.16856e-06
-2.00617e-06
-9.67515e-07
-1.92894e-06
-7.74626e-07
-1.81647e-06
-5.93927e-07
-1.66903e-06
-4.29587e-07
-1.4876e-06
-2.85843e-07
-1.27393e-06
-1.66934e-07
-1.03057e-06
-7.70203e-08
-7.60893e-07
-2.01164e-08
-4.68996e-07
-1.5997e-07
-2.12953e-08
1.86995e-07
-8.0708e-08
5.38641e-07
-1.7365e-07
8.62972e-07
-2.95508e-07
1.15627e-06
-4.41722e-07
1.41587e-06
-6.07845e-07
1.63986e-06
-7.896e-07
1.82708e-06
-9.8292e-07
1.97707e-06
-1.18398e-06
2.08995e-06
-1.38924e-06
2.16636e-06
-1.59543e-06
2.2074e-06
-1.79956e-06
2.21451e-06
-1.99897e-06
2.18941e-06
-2.19123e-06
2.13404e-06
-2.37421e-06
2.0505e-06
-2.54604e-06
1.94098e-06
-2.70504e-06
1.80774e-06
-2.84979e-06
1.65308e-06
-2.97904e-06
1.47931e-06
-3.09172e-06
1.28874e-06
-3.1869e-06
1.08368e-06
-3.26382e-06
8.66424e-07
-3.32183e-06
6.39289e-07
-3.3604e-06
4.04593e-07
-3.37912e-06
1.64687e-07
-3.37771e-06
-7.80375e-08
-3.35598e-06
-3.21128e-07
-3.3139e-06
-5.62062e-07
-3.25155e-06
-7.98231e-07
-3.16919e-06
-1.02694e-06
-3.06725e-06
-1.24538e-06
-2.94637e-06
-1.45069e-06
-2.8074e-06
-1.6399e-06
-2.65146e-06
-1.81001e-06
-2.47997e-06
-1.95798e-06
-2.29464e-06
-2.08081e-06
-2.09753e-06
-2.17558e-06
-1.89105e-06
-2.23952e-06
-1.67798e-06
-2.27009e-06
-1.46146e-06
-2.26506e-06
-1.24499e-06
-2.22264e-06
-1.0324e-06
-2.14153e-06
-8.27829e-07
-2.02104e-06
-6.35641e-07
-1.86122e-06
-4.6039e-07
-1.66285e-06
-3.06732e-07
-1.42758e-06
-1.79346e-07
-1.15796e-06
-8.28386e-08
-8.574e-07
-2.16612e-08
-5.30173e-07
-1.81632e-07
-2.26247e-08
2.0962e-07
-8.56627e-08
6.01679e-07
-1.84139e-07
9.61448e-07
-3.13047e-07
1.28518e-06
-4.6744e-07
1.57026e-06
-6.42507e-07
1.81492e-06
-8.33637e-07
2.01821e-06
-1.03647e-06
2.1799e-06
-1.24693e-06
2.30041e-06
-1.46127e-06
2.38071e-06
-1.67608e-06
2.4222e-06
-1.88825e-06
2.42668e-06
-2.09504e-06
2.3962e-06
-2.29401e-06
2.33302e-06
-2.48303e-06
2.23951e-06
-2.66022e-06
2.11817e-06
-2.82399e-06
1.9715e-06
-2.97294e-06
1.80203e-06
-3.10588e-06
1.61225e-06
-3.22181e-06
1.40467e-06
-3.31985e-06
1.18172e-06
-3.39929e-06
9.45864e-07
-3.45952e-06
6.9951e-07
-3.50001e-06
4.4509e-07
-3.52038e-06
1.85052e-07
-3.5203e-06
-7.81132e-08
-3.49958e-06
-3.41854e-07
-3.4581e-06
-6.03539e-07
-3.3959e-06
-8.60435e-07
-3.31313e-06
-1.1097e-06
-3.21013e-06
-1.34838e-06
-3.08743e-06
-1.57339e-06
-2.94579e-06
-1.78155e-06
-2.78621e-06
-1.96959e-06
-2.61003e-06
-2.13416e-06
-2.4189e-06
-2.27195e-06
-2.21483e-06
-2.37965e-06
-2.00024e-06
-2.45411e-06
-1.77797e-06
-2.49236e-06
-1.55127e-06
-2.49176e-06
-1.3238e-06
-2.4501e-06
-1.09964e-06
-2.36568e-06
-8.83219e-07
-2.23747e-06
-6.7926e-07
-2.06518e-06
-4.92733e-07
-1.84937e-06
-3.28753e-07
-1.59156e-06
-1.9248e-07
-1.29423e-06
-8.90196e-08
-9.60861e-07
-2.331e-08
-5.95883e-07
-2.04942e-07
-2.40072e-08
2.33627e-07
-9.07963e-08
6.68468e-07
-1.9497e-07
1.06562e-06
-3.3109e-07
1.4213e-06
-4.93793e-07
1.73296e-06
-6.77874e-07
1.999e-06
-8.78363e-07
2.2187e-06
-1.09059e-06
2.39213e-06
-1.31022e-06
2.52005e-06
-1.53331e-06
2.60379e-06
-1.75628e-06
2.64517e-06
-1.97594e-06
2.64635e-06
-2.18949e-06
2.60975e-06
-2.39447e-06
2.538e-06
-2.58878e-06
2.43382e-06
-2.7706e-06
2.29999e-06
-2.93838e-06
2.13928e-06
-3.0908e-06
1.95445e-06
-3.22678e-06
1.74823e-06
-3.34537e-06
1.52325e-06
-3.44579e-06
1.28214e-06
-3.52736e-06
1.02744e-06
-3.58954e-06
7.6169e-07
-3.63185e-06
4.87393e-07
-3.65388e-06
2.07081e-07
-3.65531e-06
-7.66817e-08
-3.6359e-06
-3.61266e-07
-3.59548e-06
-6.43954e-07
-3.534e-06
-9.21912e-07
-3.45153e-06
-1.19218e-06
-3.34827e-06
-1.45164e-06
-3.22463e-06
-1.69703e-06
-3.08123e-06
-1.92495e-06
-2.91896e-06
-2.13186e-06
-2.73901e-06
-2.31411e-06
-2.54294e-06
-2.46802e-06
-2.33271e-06
-2.58989e-06
-2.1107e-06
-2.67612e-06
-1.87977e-06
-2.72328e-06
-1.64327e-06
-2.72827e-06
-1.40502e-06
-2.68835e-06
-1.16933e-06
-2.60138e-06
-9.40931e-07
-2.46587e-06
-7.24938e-07
-2.28117e-06
-5.26766e-07
-2.04755e-06
-3.52029e-07
-1.7663e-06
-2.06423e-07
-1.43984e-06
-9.56091e-08
-1.07168e-06
-2.50766e-08
-6.66416e-07
-2.30018e-07
-2.54521e-08
2.59079e-07
-9.61398e-08
7.39155e-07
-2.06199e-07
1.17568e-06
-3.4972e-07
1.56482e-06
-5.20876e-07
1.90412e-06
-7.14034e-07
2.19216e-06
-9.23839e-07
2.42851e-06
-1.14529e-06
2.61358e-06
-1.37379e-06
2.74855e-06
-1.60517e-06
2.83518e-06
-1.83573e-06
2.87572e-06
-2.06218e-06
2.8728e-06
-2.2817e-06
2.82927e-06
-2.49183e-06
2.74814e-06
-2.69052e-06
2.63251e-06
-2.87602e-06
2.48549e-06
-3.04687e-06
2.31014e-06
-3.20189e-06
2.10947e-06
-3.34007e-06
1.88641e-06
-3.46058e-06
1.64377e-06
-3.56274e-06
1.3843e-06
-3.64597e-06
1.11067e-06
-3.70976e-06
8.25479e-07
-3.75368e-06
5.31314e-07
-3.77735e-06
2.30753e-07
-3.78044e-06
-7.35897e-08
-3.76267e-06
-3.79037e-07
-3.72381e-06
-6.82811e-07
-3.66372e-06
-9.82006e-07
-3.58234e-06
-1.27356e-06
-3.47974e-06
-1.55423e-06
-3.35619e-06
-1.82059e-06
-3.21213e-06
-2.06901e-06
-3.04828e-06
-2.2957e-06
-2.86569e-06
-2.4967e-06
-2.66578e-06
-2.66793e-06
-2.45039e-06
-2.80528e-06
-2.22184e-06
-2.90466e-06
-1.98299e-06
-2.96214e-06
-1.73724e-06
-2.97402e-06
-1.48856e-06
-2.93703e-06
-1.24148e-06
-2.84845e-06
-1.00106e-06
-2.70629e-06
-7.72809e-07
-2.50942e-06
-5.62628e-07
-2.25773e-06
-3.7668e-07
-1.95225e-06
-2.21261e-07
-1.59526e-06
-1.02654e-07
-1.19028e-06
-2.69751e-08
-7.42094e-07
-2.56993e-07
-2.69699e-08
2.86049e-07
-1.01729e-07
8.13914e-07
-2.17893e-07
1.29185e-06
-3.69027e-07
1.71596e-06
-5.48792e-07
2.08388e-06
-7.51082e-07
2.39445e-06
-9.70125e-07
2.64755e-06
-1.20057e-06
2.84402e-06
-1.43753e-06
2.98551e-06
-1.67663e-06
3.07429e-06
-1.91405e-06
3.11313e-06
-2.14642e-06
3.10517e-06
-2.37091e-06
3.05376e-06
-2.58512e-06
2.96234e-06
-2.78705e-06
2.83444e-06
-2.97508e-06
2.67352e-06
-3.14788e-06
2.48294e-06
-3.3044e-06
2.26599e-06
-3.44377e-06
2.02577e-06
-3.56529e-06
1.7653e-06
-3.66842e-06
1.48743e-06
-3.75266e-06
1.19491e-06
-3.8176e-06
8.90422e-07
-3.86287e-06
5.76583e-07
-3.88811e-06
2.55996e-07
-3.893e-06
-6.87073e-08
-3.8772e-06
-3.94833e-07
-3.84044e-06
-7.19577e-07
-3.78245e-06
-1.03999e-06
-3.70307e-06
-1.35294e-06
-3.6022e-06
-1.6551e-06
-3.47992e-06
-1.94287e-06
-3.33648e-06
-2.21245e-06
-3.17241e-06
-2.45977e-06
-2.98855e-06
-2.68056e-06
-2.78612e-06
-2.87036e-06
-2.56682e-06
-3.02458e-06
-2.33286e-06
-3.13862e-06
-2.08705e-06
-3.20795e-06
-1.83281e-06
-3.22826e-06
-1.57423e-06
-3.19561e-06
-1.31605e-06
-3.10663e-06
-1.06366e-06
-2.95869e-06
-8.22982e-07
-2.75009e-06
-6.00449e-07
-2.48026e-06
-4.02827e-07
-2.14987e-06
-2.37083e-07
-1.761e-06
-1.10204e-07
-1.31716e-06
-2.9021e-08
-8.23277e-07
-2.86014e-07
-2.85736e-08
3.14623e-07
-1.07606e-07
8.92947e-07
-2.30132e-07
1.41437e-06
-3.89119e-07
1.87494e-06
-5.77661e-07
2.27243e-06
-7.89125e-07
2.60592e-06
-1.01728e-06
2.8757e-06
-1.25639e-06
3.08313e-06
-1.50128e-06
3.2304e-06
-1.74739e-06
3.32039e-06
-1.99074e-06
3.35649e-06
-2.22796e-06
3.34239e-06
-2.4562e-06
3.282e-06
-2.67317e-06
3.17931e-06
-2.87697e-06
3.03825e-06
-3.06614e-06
2.86268e-06
-3.23951e-06
2.65632e-06
-3.3962e-06
2.42268e-06
-3.53553e-06
2.1651e-06
-3.65697e-06
1.88674e-06
-3.7601e-06
1.59056e-06
-3.84458e-06
1.27939e-06
-3.9101e-06
9.5594e-07
-3.95635e-06
6.22835e-07
-3.98303e-06
2.82672e-07
-3.9898e-06
-6.19376e-08
-3.97631e-06
-4.08318e-07
-3.94221e-06
-7.53679e-07
-3.88713e-06
-1.09507e-06
-3.81076e-06
-1.42932e-06
-3.71282e-06
-1.75303e-06
-3.59318e-06
-2.06251e-06
-3.45187e-06
-2.35376e-06
-3.28917e-06
-2.62248e-06
-3.10565e-06
-2.86407e-06
-2.90233e-06
-3.07368e-06
-2.68067e-06
-3.24624e-06
-2.44272e-06
-3.37657e-06
-2.19118e-06
-3.45949e-06
-1.92946e-06
-3.48998e-06
-1.66172e-06
-3.46334e-06
-1.39292e-06
-3.37544e-06
-1.12873e-06
-3.22288e-06
-8.75542e-07
-3.00328e-06
-6.4035e-07
-2.71545e-06
-4.30591e-07
-2.35963e-06
-2.53981e-07
-1.93761e-06
-1.18312e-07
-1.45283e-06
-3.12313e-08
-9.10357e-07
-3.17246e-07
-3.02793e-08
3.44902e-07
-1.13825e-07
9.76492e-07
-2.43011e-07
1.54356e-06
-4.10131e-07
2.04206e-06
-6.0763e-07
2.46993e-06
-8.28287e-07
2.82657e-06
-1.06536e-06
3.11278e-06
-1.31272e-06
3.33049e-06
-1.56488e-06
3.48256e-06
-1.81707e-06
3.57258e-06
-2.06522e-06
3.60464e-06
-2.30594e-06
3.58311e-06
-2.53647e-06
3.51253e-06
-2.75459e-06
3.39743e-06
-2.95861e-06
3.24227e-06
-3.14724e-06
3.05131e-06
-3.31953e-06
2.82861e-06
-3.47482e-06
2.57797e-06
-3.61264e-06
2.30292e-06
-3.73267e-06
2.00676e-06
-3.83466e-06
1.69256e-06
-3.91844e-06
1.36317e-06
-3.98382e-06
1.02132e-06
-4.03058e-06
6.69597e-07
-4.05847e-06
3.10565e-07
-4.06718e-06
-5.32277e-08
-4.05633e-06
-4.19167e-07
-4.02549e-06
-7.84519e-07
-3.97419e-06
-1.14637e-06
-3.90194e-06
-1.50157e-06
-3.80829e-06
-1.84669e-06
-3.69285e-06
-2.17794e-06
-3.5554e-06
-2.49121e-06
-3.39591e-06
-2.78197e-06
-3.21468e-06
-3.04531e-06
-3.01238e-06
-3.27598e-06
-2.79024e-06
-3.46839e-06
-2.55005e-06
-3.61676e-06
-2.29435e-06
-3.71519e-06
-2.02647e-06
-3.75786e-06
-1.7506e-06
-3.73921e-06
-1.47185e-06
-3.65419e-06
-1.19621e-06
-3.49851e-06
-9.3055e-07
-3.26894e-06
-6.82452e-07
-2.96355e-06
-4.60101e-07
-2.58198e-06
-2.72061e-07
-2.12565e-06
-1.27038e-07
-1.59785e-06
-3.36251e-08
-1.00377e-06
-3.50871e-07
-3.21076e-08
3.7701e-07
-1.20454e-07
1.06484e-06
-2.56653e-07
1.67976e-06
-4.32226e-07
2.21764e-06
-6.38877e-07
2.67658e-06
-8.68722e-07
3.05642e-06
-1.11446e-06
3.35852e-06
-1.36951e-06
3.58553e-06
-1.62808e-06
3.74113e-06
-1.88521e-06
3.82972e-06
-2.13677e-06
3.85619e-06
-2.37937e-06
3.82572e-06
-2.61037e-06
3.74353e-06
-2.82775e-06
3.6148e-06
-3.03e-06
3.44452e-06
-3.2161e-06
3.23741e-06
-3.38536e-06
2.99788e-06
-3.53739e-06
2.72999e-06
-3.67197e-06
2.4375e-06
-3.78902e-06
2.12381e-06
-3.88852e-06
1.79206e-06
-3.97047e-06
1.44512e-06
-4.03482e-06
1.08567e-06
-4.0815e-06
7.1627e-07
-4.1103e-06
3.39369e-07
-4.12095e-06
-4.25794e-08
-4.11305e-06
-4.27071e-07
-4.08609e-06
-8.11475e-07
-4.03949e-06
-1.19297e-06
-3.9726e-06
-1.56846e-06
-3.88474e-06
-1.93455e-06
-3.77527e-06
-2.28742e-06
-3.64364e-06
-2.62284e-06
-3.48951e-06
-2.9361e-06
-3.3128e-06
-3.22202e-06
-3.11383e-06
-3.47494e-06
-2.89346e-06
-3.68876e-06
-2.65318e-06
-3.85704e-06
-2.39527e-06
-3.9731e-06
-2.1229e-06
-4.03022e-06
-1.84025e-06
-4.02187e-06
-1.55252e-06
-3.94192e-06
-1.26601e-06
-3.78502e-06
-9.88043e-07
-3.54691e-06
-7.26871e-07
-3.22472e-06
-4.91494e-07
-2.81736e-06
-2.91436e-07
-2.32571e-06
-1.36453e-07
-1.75284e-06
-3.62251e-08
-1.104e-06
-3.87096e-07
-3.4085e-08
4.11095e-07
-1.27578e-07
1.15833e-06
-2.71215e-07
1.82339e-06
-4.55614e-07
2.40203e-06
-6.7163e-07
2.89259e-06
-9.10618e-07
3.29541e-06
-1.16465e-06
3.61255e-06
-1.42668e-06
3.84756e-06
-1.69059e-06
4.00504e-06
-1.95125e-06
4.09038e-06
-2.20449e-06
4.10943e-06
-2.44702e-06
4.06824e-06
-2.67634e-06
3.97285e-06
-2.89068e-06
3.82914e-06
-3.08882e-06
3.64267e-06
-3.27005e-06
3.41864e-06
-3.43401e-06
3.16183e-06
-3.5806e-06
2.87659e-06
-3.70993e-06
2.56682e-06
-3.82218e-06
2.23606e-06
-3.9176e-06
1.88747e-06
-3.99639e-06
1.5239e-06
-4.05869e-06
1.14798e-06
-4.10455e-06
7.62124e-07
-4.13386e-06
3.68679e-07
-4.14637e-06
-3.00616e-08
-4.14169e-06
-4.31751e-07
-4.11925e-06
-8.33917e-07
-4.07834e-06
-1.23388e-06
-4.01813e-06
-1.62867e-06
-3.93771e-06
-2.01496e-06
-3.83616e-06
-2.38897e-06
-3.71258e-06
-2.74641e-06
-3.56625e-06
-3.08244e-06
-3.39666e-06
-3.39161e-06
-3.2037e-06
-3.6679e-06
-2.98779e-06
-3.90467e-06
-2.75001e-06
-4.09481e-06
-2.4923e-06
-4.23081e-06
-2.21756e-06
-4.30496e-06
-1.92986e-06
-4.30957e-06
-1.63447e-06
-4.23731e-06
-1.33792e-06
-4.08157e-06
-1.04803e-06
-3.83681e-06
-7.73723e-07
-3.49902e-06
-5.24926e-07
-3.06615e-06
-3.12241e-07
-2.53839e-06
-1.46636e-07
-1.91844e-06
-3.90581e-08
-1.21158e-06
-4.26154e-07
-3.6246e-08
4.47341e-07
-1.3531e-07
1.2574e-06
-2.86894e-07
1.97498e-06
-4.8056e-07
2.5957e-06
-7.06167e-07
3.1182e-06
-9.54208e-07
3.54345e-06
-1.21606e-06
3.8744e-06
-1.48414e-06
4.11565e-06
-1.75205e-06
4.27294e-06
-2.01449e-06
4.35283e-06
-2.26733e-06
4.36226e-06
-2.5074e-06
4.30832e-06
-2.73248e-06
4.19793e-06
-2.94108e-06
4.03774e-06
-3.13238e-06
3.83396e-06
-3.30601e-06
3.59227e-06
-3.46201e-06
3.31783e-06
-3.60066e-06
3.01524e-06
-3.72242e-06
2.68858e-06
-3.8278e-06
2.34144e-06
-3.9173e-06
1.97698e-06
-3.99141e-06
1.598e-06
-4.05044e-06
1.20701e-06
-4.0946e-06
8.06284e-07
-4.1239e-06
3.97975e-07
-4.13814e-06
-1.58213e-08
-4.13691e-06
-4.32971e-07
-4.11961e-06
-8.51218e-07
-4.08541e-06
-1.26809e-06
-4.03329e-06
-1.68079e-06
-3.96211e-06
-2.08614e-06
-3.87062e-06
-2.48045e-06
-3.75758e-06
-2.85945e-06
-3.6218e-06
-3.21822e-06
-3.46231e-06
-3.5511e-06
-3.27848e-06
-3.85173e-06
-3.07018e-06
-4.11297e-06
-2.838e-06
-4.327e-06
-2.5834e-06
-4.48542e-06
-2.30893e-06
-4.57943e-06
-2.01841e-06
-4.60009e-06
-1.71708e-06
-4.53864e-06
-1.41168e-06
-4.38697e-06
-1.11047e-06
-4.13802e-06
-8.23129e-07
-3.78637e-06
-5.60571e-07
-3.32871e-06
-3.34636e-07
-2.76433e-06
-1.57689e-07
-2.09539e-06
-4.21572e-08
-1.32711e-06
-4.68311e-07
-3.86353e-08
4.85976e-07
-1.43794e-07
1.36256e-06
-3.03945e-07
2.13513e-06
-5.07396e-07
2.79915e-06
-7.42841e-07
3.35365e-06
-9.99771e-07
3.80037e-06
-1.26878e-06
4.14341e-06
-1.54176e-06
4.38862e-06
-1.81197e-06
4.54316e-06
-2.07406e-06
4.61492e-06
-2.32395e-06
4.61216e-06
-2.55873e-06
4.5431e-06
-2.77652e-06
4.41571e-06
-2.97622e-06
4.23745e-06
-3.15747e-06
4.0152e-06
-3.32036e-06
3.75516e-06
-3.46538e-06
3.46285e-06
-3.59324e-06
3.14311e-06
-3.7048e-06
2.80014e-06
-3.80094e-06
2.43757e-06
-3.88248e-06
2.05852e-06
-3.95015e-06
1.66568e-06
-4.00452e-06
1.26139e-06
-4.04597e-06
8.47728e-07
-4.07461e-06
4.26621e-07
-4.09034e-06
-9.43693e-11
-4.09276e-06
-4.30553e-07
-4.0812e-06
-8.62774e-07
-4.05474e-06
-1.29455e-06
-4.01219e-06
-1.72334e-06
-3.95215e-06
-2.14618e-06
-3.87307e-06
-2.55954e-06
-3.77327e-06
-2.95925e-06
-3.65112e-06
-3.34037e-06
-3.50509e-06
-3.69713e-06
-3.33395e-06
-4.02286e-06
-3.13696e-06
-4.30996e-06
-2.91404e-06
-4.54991e-06
-2.66607e-06
-4.73339e-06
-2.39509e-06
-4.85041e-06
-2.10455e-06
-4.89062e-06
-1.79953e-06
-4.84366e-06
-1.48689e-06
-4.69961e-06
-1.17531e-06
-4.44961e-06
-8.75215e-07
-4.08646e-06
-5.98638e-07
-3.60529e-06
-3.58814e-07
-3.00415e-06
-1.69731e-07
-2.28447e-06
-4.55637e-08
-1.45128e-06
-5.13875e-07
-4.13115e-08
5.27287e-07
-1.53215e-07
1.47446e-06
-3.22693e-07
2.30461e-06
-5.36545e-07
3.013e-06
-7.82082e-07
3.59918e-06
-1.04764e-06
4.06593e-06
-1.32294e-06
4.41871e-06
-1.5993e-06
4.66499e-06
-1.86972e-06
4.81358e-06
-2.12881e-06
4.87401e-06
-2.3727e-06
4.85604e-06
-2.59881e-06
4.76921e-06
-2.8057e-06
4.6226e-06
-2.99283e-06
4.42458e-06
-3.16034e-06
4.18271e-06
-3.3089e-06
3.90372e-06
-3.43951e-06
3.59346e-06
-3.55339e-06
3.25698e-06
-3.65182e-06
2.89857e-06
-3.73608e-06
2.52183e-06
-3.80736e-06
2.1298e-06
-3.86667e-06
1.72499e-06
-3.91482e-06
1.30954e-06
-3.95238e-06
8.85288e-07
-3.97962e-06
4.53859e-07
-3.9965e-06
1.67874e-08
-4.00267e-06
-4.24389e-07
-3.99742e-06
-8.6802e-07
-3.97974e-06
-1.31223e-06
-3.94827e-06
-1.75481e-06
-3.90138e-06
-2.19307e-06
-3.83717e-06
-2.62375e-06
-3.75356e-06
-3.04285e-06
-3.64841e-06
-3.44552e-06
-3.51959e-06
-3.82596e-06
-3.36519e-06
-4.17726e-06
-3.18372e-06
-4.49143e-06
-2.97436e-06
-4.75927e-06
-2.73722e-06
-4.97053e-06
-2.47365e-06
-5.11398e-06
-2.18658e-06
-5.1777e-06
-1.88076e-06
-5.14948e-06
-1.56302e-06
-5.01734e-06
-1.2424e-06
-4.77023e-06
-9.30112e-07
-4.39875e-06
-6.39373e-07
-3.89603e-06
-3.85013e-07
-3.25851e-06
-1.82919e-07
-2.48657e-06
-4.93301e-08
-1.58486e-06
-5.63205e-07
-4.43517e-08
5.71639e-07
-1.63815e-07
1.59392e-06
-3.43554e-07
2.48434e-06
-5.68533e-07
3.23798e-06
-8.24412e-07
3.85506e-06
-1.09819e-06
4.33971e-06
-1.37861e-06
4.69914e-06
-1.65643e-06
4.94281e-06
-1.92443e-06
5.08157e-06
-2.17729e-06
5.12688e-06
-2.41147e-06
5.09022e-06
-2.62489e-06
4.98263e-06
-2.81669e-06
4.81441e-06
-2.98698e-06
4.59487e-06
-3.13656e-06
4.3323e-06
-3.26674e-06
4.0339e-06
-3.37912e-06
3.70585e-06
-3.47546e-06
3.35332e-06
-3.55754e-06
2.98065e-06
-3.62705e-06
2.59135e-06
-3.68556e-06
2.18831e-06
-3.7344e-06
1.77382e-06
-3.77462e-06
1.34977e-06
-3.807e-06
9.17665e-07
-3.83195e-06
4.78816e-07
-3.84956e-06
3.439e-08
-3.85949e-06
-4.14453e-07
-3.86106e-06
-8.66454e-07
-3.85315e-06
-1.32014e-06
-3.83428e-06
-1.77368e-06
-3.80258e-06
-2.22478e-06
-3.75583e-06
-2.6705e-06
-3.69154e-06
-3.10714e-06
-3.60703e-06
-3.53004e-06
-3.49953e-06
-3.93346e-06
-3.36638e-06
-4.3104e-06
-3.20527e-06
-4.65254e-06
-3.01443e-06
-4.95011e-06
-2.79307e-06
-5.1919e-06
-2.54165e-06
-5.3654e-06
-2.26233e-06
-5.45701e-06
-1.95935e-06
-5.45246e-06
-1.63933e-06
-5.33736e-06
-1.31155e-06
-5.09801e-06
-9.87957e-07
-4.72233e-06
-6.83074e-07
-4.20091e-06
-4.13535e-07
-3.52805e-06
-1.97448e-07
-2.70265e-06
-5.35245e-08
-1.72879e-06
-6.1673e-07
-4.78572e-08
6.19496e-07
-1.75908e-07
1.72197e-06
-3.67057e-07
2.67549e-06
-6.04014e-07
3.47494e-06
-8.70453e-07
4.1215e-06
-1.15182e-06
4.62107e-06
-1.43581e-06
4.98312e-06
-1.7126e-06
5.21961e-06
-1.97487e-06
5.34383e-06
-2.21754e-06
5.36955e-06
-2.43757e-06
5.31024e-06
-2.63353e-06
5.1786e-06
-2.80536e-06
4.98623e-06
-2.95394e-06
4.74345e-06
-3.08086e-06
4.45922e-06
-3.18815e-06
4.1412e-06
-3.2781e-06
3.79579e-06
-3.35304e-06
3.42827e-06
-3.41528e-06
3.04289e-06
-3.46698e-06
2.64304e-06
-3.51005e-06
2.23138e-06
-3.54615e-06
1.80992e-06
-3.57661e-06
1.38022e-06
-3.60239e-06
9.43448e-07
-3.62409e-06
5.00512e-07
-3.64187e-06
5.21796e-08
-3.65551e-06
-4.00817e-07
-3.6643e-06
-8.57663e-07
-3.6671e-06
-1.31734e-06
-3.66229e-06
-1.77849e-06
-3.64782e-06
-2.23926e-06
-3.62117e-06
-2.69716e-06
-3.57944e-06
-3.14887e-06
-3.51942e-06
-3.59006e-06
-3.43768e-06
-4.01519e-06
-3.33076e-06
-4.41732e-06
-3.19539e-06
-4.78792e-06
-3.02877e-06
-5.11672e-06
-2.82897e-06
-5.39169e-06
-2.59535e-06
-5.59902e-06
-2.32904e-06
-5.72332e-06
-2.03347e-06
-5.74803e-06
-1.71482e-06
-5.65601e-06
-1.38241e-06
-5.43042e-06
-1.04888e-06
-5.05586e-06
-7.30103e-07
-4.51969e-06
-4.44759e-07
-3.8134e-06
-2.13574e-07
-2.93384e-06
-5.82359e-08
-1.88413e-06
-6.74966e-07
-5.1963e-08
6.71459e-07
-1.89904e-07
1.85991e-06
-3.93879e-07
2.87947e-06
-6.43794e-07
3.72485e-06
-9.20927e-07
4.39863e-06
-1.20892e-06
4.90907e-06
-1.49436e-06
5.26856e-06
-1.76692e-06
5.49217e-06
-2.01932e-06
5.59623e-06
-2.24694e-06
5.59718e-06
-2.44747e-06
5.51077e-06
-2.62041e-06
5.35154e-06
-2.76662e-06
5.13245e-06
-2.88797e-06
4.8648e-06
-2.98696e-06
4.5582e-06
-3.06642e-06
4.22067e-06
-3.12939e-06
3.85875e-06
-3.17882e-06
3.4777e-06
-3.21757e-06
3.08163e-06
-3.24822e-06
2.6737e-06
-3.27308e-06
2.25624e-06
-3.29412e-06
1.83096e-06
-3.3129e-06
1.399e-06
-3.3306e-06
9.61152e-07
-3.34798e-06
5.17887e-07
-3.36533e-06
6.95296e-08
-3.38249e-06
-3.83657e-07
-3.3988e-06
-8.41347e-07
-3.41311e-06
-1.30303e-06
-3.42373e-06
-1.76787e-06
-3.42844e-06
-2.23455e-06
-3.42448e-06
-2.70111e-06
-3.40859e-06
-3.16476e-06
-3.37705e-06
-3.6216e-06
-3.32576e-06
-4.06648e-06
-3.25043e-06
-4.49266e-06
-3.14675e-06
-4.89159e-06
-3.01077e-06
-5.25271e-06
-2.83921e-06
-5.56325e-06
-2.63007e-06
-5.80817e-06
-2.38313e-06
-5.97026e-06
-2.10067e-06
-6.03049e-06
-1.78809e-06
-5.96859e-06
-1.45448e-06
-5.76403e-06
-1.11299e-06
-5.39735e-06
-7.80895e-07
-4.85178e-06
-4.79171e-07
-4.11512e-06
-2.31632e-07
-3.18138e-06
-6.35835e-08
-2.05218e-06
-7.38549e-07
-5.68497e-08
7.28309e-07
-2.0634e-07
2.0094e-06
-4.24879e-07
3.09801e-06
-6.88853e-07
3.98883e-06
-9.76634e-07
4.68642e-06
-1.26981e-06
5.20224e-06
-1.5538e-06
5.55255e-06
-1.81795e-06
5.75632e-06
-2.05527e-06
5.83354e-06
-2.2619e-06
5.80381e-06
-2.43657e-06
5.68544e-06
-2.57996e-06
5.49492e-06
-2.69413e-06
5.24662e-06
-2.78209e-06
4.95275e-06
-2.84735e-06
4.62346e-06
-2.89368e-06
4.267e-06
-2.92486e-06
3.88993e-06
-2.94451e-06
3.49735e-06
-2.956e-06
3.09312e-06
-2.96236e-06
2.68005e-06
-2.96624e-06
2.26012e-06
-2.96987e-06
1.83459e-06
-2.97506e-06
1.4042e-06
-2.98318e-06
9.69273e-07
-2.99513e-06
5.29838e-07
-3.01134e-06
8.57374e-08
-3.03174e-06
-3.6326e-07
-3.05574e-06
-8.17347e-07
-3.08221e-06
-1.27656e-06
-3.10944e-06
-1.74063e-06
-3.13512e-06
-2.20887e-06
-3.15631e-06
-2.67992e-06
-3.16945e-06
-3.15162e-06
-3.17036e-06
-3.62069e-06
-3.15434e-06
-4.08251e-06
-3.11624e-06
-4.53076e-06
-3.05071e-06
-4.95712e-06
-2.95247e-06
-5.35095e-06
-2.81677e-06
-5.69895e-06
-2.63991e-06
-5.98502e-06
-2.42e-06
-6.19018e-06
-2.15771e-06
-6.29278e-06
-1.8572e-06
-6.2691e-06
-1.52694e-06
-6.09429e-06
-1.18033e-06
-5.74396e-06
-8.35972e-07
-5.19614e-06
-5.17395e-07
-4.4337e-06
-2.52066e-07
-3.4467e-06
-6.97278e-08
-2.23451e-06
-8.08277e-07
-6.27623e-08
7.91071e-07
-2.25925e-07
2.17257e-06
-4.61152e-07
3.33323e-06
-7.40363e-07
4.26804e-06
-1.03841e-06
4.98447e-06
-1.33458e-06
5.49841e-06
-1.61317e-06
5.83114e-06
-1.86345e-06
6.00661e-06
-2.07911e-06
6.0492e-06
-2.25749e-06
5.98219e-06
-2.39875e-06
5.8267e-06
-2.50506e-06
5.60123e-06
-2.57994e-06
5.32151e-06
-2.62772e-06
5.00053e-06
-2.65306e-06
4.6488e-06
-2.66069e-06
4.27463e-06
-2.65516e-06
3.88441e-06
-2.64074e-06
3.48293e-06
-2.62127e-06
3.07365e-06
-2.60017e-06
2.65896e-06
-2.58039e-06
2.24034e-06
-2.56439e-06
1.81859e-06
-2.55418e-06
1.39399e-06
-2.55127e-06
9.66363e-07
-2.5567e-06
5.35266e-07
-2.57102e-06
1.00052e-07
-2.59426e-06
-3.40018e-07
-2.62594e-06
-7.85668e-07
-2.66499e-06
-1.2375e-06
-2.70976e-06
-1.69587e-06
-2.75792e-06
-2.16071e-06
-2.80643e-06
-2.63141e-06
-2.85155e-06
-3.1065e-06
-2.88874e-06
-3.5835e-06
-2.91275e-06
-4.05849e-06
-2.91767e-06
-4.52584e-06
-2.89707e-06
-4.97771e-06
-2.84433e-06
-5.40369e-06
-2.753e-06
-5.79028e-06
-2.61744e-06
-6.12058e-06
-2.43365e-06
-6.37398e-06
-2.20019e-06
-6.52624e-06
-1.91941e-06
-6.54988e-06
-1.59854e-06
-6.41516e-06
-1.2508e-06
-6.09171e-06
-8.95934e-07
-5.551e-06
-5.6023e-07
-4.7694e-06
-2.75468e-07
-3.73147e-06
-7.68899e-08
-2.43309e-06
-8.85167e-07
-7.00386e-08
8.6111e-07
-2.49603e-07
2.35213e-06
-5.04083e-07
3.58771e-06
-7.9969e-07
4.56365e-06
-1.10703e-06
5.2918e-06
-1.40286e-06
5.79424e-06
-1.6706e-06
6.09888e-06
-1.89988e-06
6.23589e-06
-2.08564e-06
6.23496e-06
-2.22695e-06
6.1235e-06
-2.32589e-06
5.92564e-06
-2.38652e-06
5.66187e-06
-2.4141e-06
5.34908e-06
-2.4144e-06
5.00083e-06
-2.39334e-06
4.62774e-06
-2.35661e-06
4.2379e-06
-2.30953e-06
3.83733e-06
-2.25691e-06
3.43031e-06
-2.20303e-06
3.01977e-06
-2.15159e-06
2.60752e-06
-2.10576e-06
2.19451e-06
-2.06817e-06
1.78101e-06
-2.04095e-06
1.36676e-06
-2.0257e-06
9.51118e-07
-2.02358e-06
5.33146e-07
-2.03524e-06
1.11711e-07
-2.06084e-06
-3.14421e-07
-2.1e-06
-7.46502e-07
-2.1518e-06
-1.1857e-06
-2.21469e-06
-1.63298e-06
-2.28642e-06
-2.08898e-06
-2.364e-06
-2.55383e-06
-2.44359e-06
-3.02691e-06
-2.52049e-06
-3.50661e-06
-2.58902e-06
-3.98996e-06
-2.64262e-06
-4.47224e-06
-2.6739e-06
-4.94644e-06
-2.67483e-06
-5.40275e-06
-2.63721e-06
-5.8279e-06
-2.5532e-06
-6.20459e-06
-2.41623e-06
-6.51095e-06
-2.22217e-06
-6.72029e-06
-1.97079e-06
-6.80127e-06
-1.6673e-06
-6.71864e-06
-1.32402e-06
-6.435e-06
-9.6144e-07
-5.91358e-06
-6.08703e-07
-5.12214e-06
-3.02645e-07
-4.03752e-06
-8.53788e-08
-2.65036e-06
-9.70546e-07
-7.91529e-08
9.40263e-07
-2.78643e-07
2.55162e-06
-5.55422e-07
3.86449e-06
-8.68354e-07
4.87658e-06
-1.18298e-06
5.60643e-06
-1.47348e-06
6.08474e-06
-1.72283e-06
6.34822e-06
-1.92177e-06
6.43483e-06
-2.06728e-06
6.38047e-06
-2.1609e-06
6.21712e-06
-2.20719e-06
5.97193e-06
-2.21252e-06
5.6672e-06
-2.18411e-06
5.32067e-06
-2.12935e-06
4.94607e-06
-2.05538e-06
4.55377e-06
-1.96884e-06
4.15136e-06
-1.87569e-06
3.74418e-06
-1.7812e-06
3.33582e-06
-1.68993e-06
2.9285e-06
-1.60578e-06
2.52336e-06
-1.53199e-06
2.12072e-06
-1.47127e-06
1.72028e-06
-1.42576e-06
1.32125e-06
-1.39714e-06
9.22497e-07
-1.3866e-06
5.22608e-07
-1.39488e-06
1.19996e-07
-1.42226e-06
-2.87041e-07
-1.46852e-06
-7.00245e-07
-1.5329e-06
-1.12132e-06
-1.61403e-06
-1.55184e-06
-1.70989e-06
-1.99313e-06
-1.81764e-06
-2.44608e-06
-1.93356e-06
-2.91099e-06
-2.05292e-06
-3.38725e-06
-2.16987e-06
-3.87301e-06
-2.27738e-06
-4.36472e-06
-2.36725e-06
-4.85657e-06
-2.43022e-06
-5.33978e-06
-2.45627e-06
-5.80186e-06
-2.43517e-06
-6.22569e-06
-2.3574e-06
-6.58871e-06
-2.21548e-06
-6.86222e-06
-2.00565e-06
-7.01109e-06
-1.73008e-06
-6.99421e-06
-1.39907e-06
-6.76601e-06
-1.03313e-06
-6.27951e-06
-6.64115e-07
-5.49116e-06
-3.34698e-07
-4.36694e-06
-9.56365e-08
-2.88942e-06
-1.06618e-06
-9.07883e-08
1.03105e-06
-3.1477e-07
2.7756e-06
-6.17351e-07
4.16707e-06
-9.47912e-07
5.20714e-06
-1.2661e-06
5.92462e-06
-1.54377e-06
6.36241e-06
-1.76432e-06
6.56877e-06
-1.92075e-06
6.59125e-06
-2.01316e-06
6.47289e-06
-2.04645e-06
6.25041e-06
-2.02834e-06
5.95381e-06
-1.96787e-06
5.60673e-06
-1.87442e-06
5.22722e-06
-1.75702e-06
4.82868e-06
-1.62399e-06
4.42074e-06
-1.48274e-06
4.01011e-06
-1.33973e-06
3.60116e-06
-1.20048e-06
3.19657e-06
-1.06967e-06
2.79769e-06
-9.51185e-07
2.40488e-06
-8.48245e-07
2.01778e-06
-7.63464e-07
1.6355e-06
-6.98936e-07
1.25672e-06
-6.56287e-07
8.79848e-07
-6.36715e-07
5.03036e-07
-6.4101e-07
1.24291e-07
-6.69552e-07
-2.58499e-07
-7.22287e-07
-6.47509e-07
-7.98686e-07
-1.04492e-06
-8.97667e-07
-1.45286e-06
-1.0175e-06
-1.87329e-06
-1.1557e-06
-2.30789e-06
-1.30884e-06
-2.75785e-06
-1.47242e-06
-3.22366e-06
-1.64069e-06
-3.70474e-06
-1.80647e-06
-4.19895e-06
-1.96102e-06
-4.70201e-06
-2.09409e-06
-5.20672e-06
-2.19398e-06
-5.70197e-06
-2.24804e-06
-6.17162e-06
-2.24351e-06
-6.59325e-06
-2.16883e-06
-6.9369e-06
-2.01573e-06
-7.1642e-06
-1.78187e-06
-7.22807e-06
-1.47405e-06
-7.07382e-06
-1.11147e-06
-6.6421e-06
-7.28083e-07
-5.87454e-06
-3.73147e-07
-4.72188e-06
-1.0831e-07
-3.15426e-06
-1.17449e-06
-1.05957e-07
1.13701e-06
-3.60357e-07
3.03e-06
-6.92525e-07
4.49924e-06
-1.03966e-06
5.55427e-06
-1.35487e-06
6.23983e-06
-1.60851e-06
6.61605e-06
-1.78596e-06
6.74623e-06
-1.88414e-06
6.68942e-06
-1.90771e-06
6.49646e-06
-1.86598e-06
6.20868e-06
-1.77044e-06
5.85828e-06
-1.63316e-06
5.46945e-06
-1.46572e-06
5.05978e-06
-1.27868e-06
4.64164e-06
-1.08131e-06
4.22338e-06
-8.81556e-07
3.81035e-06
-6.86074e-07
3.40568e-06
-5.00394e-07
3.01089e-06
-3.29051e-07
2.62635e-06
-1.75733e-07
2.25156e-06
-4.3424e-08
1.88547e-06
6.54807e-08
1.5266e-06
1.49075e-07
1.17313e-06
2.05868e-07
8.23055e-07
2.3473e-07
4.74174e-07
2.34865e-07
1.24156e-07
2.05803e-07
-2.29437e-07
1.47418e-07
-5.89124e-07
5.99731e-08
-9.57479e-07
-5.58059e-08
-1.33708e-06
-1.98627e-07
-1.73047e-06
-3.66489e-07
-2.14002e-06
-5.56509e-07
-2.56783e-06
-7.64702e-07
-3.01547e-06
-9.8574e-07
-3.4837e-06
-1.21268e-06
-3.972e-06
-1.43673e-06
-4.47797e-06
-1.647e-06
-4.99644e-06
-1.83053e-06
-5.51845e-06
-1.97241e-06
-6.02975e-06
-2.05648e-06
-6.50917e-06
-2.06661e-06
-6.92677e-06
-1.98886e-06
-7.24195e-06
-1.8147e-06
-7.40223e-06
-1.54528e-06
-7.34324e-06
-1.19631e-06
-6.99107e-06
-8.02539e-07
-6.26831e-06
-4.20112e-07
-5.10431e-06
-1.24374e-07
-3.44999e-06
-1.29887e-06
-1.26209e-07
1.26322e-06
-4.18683e-07
3.32248e-06
-7.84007e-07
4.86457e-06
-1.14394e-06
5.9142e-06
-1.44508e-06
6.54097e-06
-1.65814e-06
6.82911e-06
-1.77304e-06
6.86113e-06
-1.79293e-06
6.70931e-06
-1.72881e-06
6.43235e-06
-1.5955e-06
6.07537e-06
-1.40881e-06
5.67159e-06
-1.18391e-06
5.24454e-06
-9.34411e-07
4.81028e-06
-6.72074e-07
4.3793e-06
-4.06723e-07
3.95803e-06
-1.46409e-07
3.55003e-06
1.02376e-07
3.1569e-06
3.34452e-07
2.77882e-06
5.45715e-07
2.41508e-06
7.32931e-07
2.06434e-06
8.93551e-07
1.72485e-06
1.02557e-06
1.39458e-06
1.12739e-06
1.07131e-06
1.19776e-06
7.5268e-07
1.23571e-06
4.36232e-07
1.24046e-06
1.19401e-07
1.21149e-06
-2.0047e-07
1.1485e-06
-5.26131e-07
1.05144e-06
-8.60425e-07
9.20634e-07
-1.20627e-06
7.56818e-07
-1.56665e-06
5.61338e-07
-1.94454e-06
3.36321e-07
-2.34281e-06
8.49322e-08
-2.76408e-06
-1.88323e-07
-3.21045e-06
-4.77234e-07
-3.68309e-06
-7.73483e-07
-4.18172e-06
-1.06625e-06
-4.70368e-06
-1.34186e-06
-5.24283e-06
-1.58371e-06
-5.7879e-06
-1.77248e-06
-6.3204e-06
-1.88718e-06
-6.81207e-06
-1.90719e-06
-7.22193e-06
-1.81587e-06
-7.49355e-06
-1.60589e-06
-7.55323e-06
-1.28619e-06
-7.31077e-06
-8.89581e-07
-6.66492e-06
-4.78551e-07
-5.51534e-06
-1.45344e-07
-3.7832e-06
-1.44421e-06
-1.53994e-07
1.41721e-06
-4.94271e-07
3.66275e-06
-8.94892e-07
5.26519e-06
-1.25879e-06
6.2781e-06
-1.52751e-06
6.80969e-06
-1.67587e-06
6.97747e-06
-1.7022e-06
6.88746e-06
-1.61896e-06
6.62607e-06
-1.44545e-06
6.25884e-06
-1.2029e-06
5.83282e-06
-9.11648e-07
5.38033e-06
-5.89665e-07
4.92256e-06
-2.52089e-07
4.47271e-06
8.87766e-08
4.03844e-06
4.23175e-07
3.62363e-06
7.43515e-07
3.22969e-06
1.04397e-06
2.85644e-06
1.32013e-06
2.50266e-06
1.56865e-06
2.16656e-06
1.78702e-06
1.84597e-06
1.97334e-06
1.53854e-06
2.12615e-06
1.24177e-06
2.2443e-06
9.53151e-07
2.32689e-06
6.70096e-07
2.37313e-06
3.8999e-07
2.38237e-06
1.10159e-07
2.35405e-06
-1.72145e-07
2.28768e-06
-4.59767e-07
2.18294e-06
-7.55676e-07
2.03965e-06
-1.06298e-06
1.85793e-06
-1.38494e-06
1.63835e-06
-1.72496e-06
1.38206e-06
-2.08652e-06
1.09111e-06
-2.47313e-06
7.68766e-07
-2.8881e-06
4.1997e-07
-3.3343e-06
5.18507e-08
-3.8136e-06
-3.25654e-07
-4.32617e-06
-6.99154e-07
-4.86933e-06
-1.05125e-06
-5.43581e-06
-1.36026e-06
-6.01139e-06
-1.60062e-06
-6.57171e-06
-1.74447e-06
-7.07808e-06
-1.76516e-06
-7.47286e-06
-1.64342e-06
-7.67497e-06
-1.37669e-06
-7.5775e-06
-9.90962e-07
-7.05065e-06
-5.52545e-07
-5.95375e-06
-1.73641e-07
-4.16211e-06
-1.61785e-06
-1.93295e-07
1.61051e-06
-5.93188e-07
4.06265e-06
-1.02713e-06
5.69913e-06
-1.37695e-06
6.62792e-06
-1.58378e-06
7.01652e-06
-1.63304e-06
7.02673e-06
-1.53704e-06
6.79146e-06
-1.32117e-06
6.41021e-06
-1.01476e-06
5.95242e-06
-6.45837e-07
5.4639e-06
-2.38753e-07
4.97325e-06
1.86593e-07
4.49721e-06
6.14594e-07
4.04471e-06
1.03337e-06
3.61966e-06
1.43412e-06
3.22288e-06
1.81043e-06
2.85339e-06
2.15772e-06
2.50914e-06
2.47279e-06
2.18759e-06
2.75341e-06
1.88594e-06
2.99805e-06
1.60133e-06
3.20565e-06
1.33094e-06
3.37544e-06
1.07198e-06
3.50684e-06
8.21747e-07
3.59935e-06
5.77588e-07
3.65248e-06
3.36867e-07
3.6657e-06
9.69359e-08
3.63846e-06
-1.44904e-07
3.57014e-06
-3.91447e-07
3.46009e-06
-6.45631e-07
3.30769e-06
-9.10577e-07
3.11238e-06
-1.18963e-06
2.87382e-06
-1.4864e-06
2.59206e-06
-1.80477e-06
2.26778e-06
-2.14885e-06
1.90264e-06
-2.52296e-06
1.49974e-06
-2.93139e-06
1.06425e-06
-3.37811e-06
6.0423e-07
-3.86615e-06
1.3151e-07
-4.39661e-06
-3.37194e-07
-4.9671e-06
-7.79337e-07
-5.56925e-06
-1.16599e-06
-6.18506e-06
-1.46237e-06
-6.78169e-06
-1.63056e-06
-7.30468e-06
-1.63568e-06
-7.66984e-06
-1.45734e-06
-7.75585e-06
-1.10668e-06
-7.4013e-06
-6.47488e-07
-6.41294e-06
-2.13229e-07
-4.59637e-06
-1.83108e-06
-2.50671e-07
1.86118e-06
-7.22889e-07
4.53486e-06
-1.17842e-06
6.15467e-06
-1.48004e-06
6.92954e-06
-1.57902e-06
7.1155e-06
-1.48182e-06
6.92952e-06
-1.22181e-06
6.53145e-06
-8.40784e-07
6.02918e-06
-3.78811e-07
5.49045e-06
1.30134e-07
4.95496e-06
6.59275e-07
4.44411e-06
1.18855e-06
3.96794e-06
1.70348e-06
3.52977e-06
2.194e-06
3.12914e-06
2.6533e-06
2.76358e-06
3.07697e-06
2.42971e-06
3.46231e-06
2.12381e-06
3.80773e-06
1.84217e-06
4.11242e-06
1.58125e-06
4.37605e-06
1.3377e-06
4.59854e-06
1.10845e-06
4.77991e-06
8.90601e-07
4.92021e-06
6.81445e-07
5.0194e-06
4.784e-07
5.07731e-06
2.78959e-07
5.0936e-06
8.06422e-08
5.06776e-06
-1.1906e-07
4.99906e-06
-3.22743e-07
4.88658e-06
-5.33151e-07
4.72924e-06
-7.53237e-07
4.52583e-06
-9.86226e-07
4.27512e-06
-1.23569e-06
3.97595e-06
-1.5056e-06
3.62748e-06
-1.80038e-06
3.22946e-06
-2.12494e-06
2.78271e-06
-2.48464e-06
2.2897e-06
-2.88511e-06
1.75551e-06
-3.33195e-06
1.18891e-06
-3.83001e-06
6.03956e-07
-4.38215e-06
2.16963e-08
-4.98699e-06
-5.28045e-07
-5.63531e-06
-1.00554e-06
-6.3042e-06
-1.36187e-06
-6.94834e-06
-1.54378e-06
-7.48793e-06
-1.50556e-06
-7.79407e-06
-1.23148e-06
-7.67538e-06
-7.69682e-07
-6.87474e-06
-2.70627e-07
-5.09542e-06
-2.10171e-06
-3.36761e-07
2.19794e-06
-8.90208e-07
5.08831e-06
-1.33446e-06
6.59892e-06
-1.52694e-06
7.12201e-06
-1.44941e-06
7.03797e-06
-1.14421e-06
6.62432e-06
-6.73101e-07
6.06035e-06
-9.58457e-08
5.45192e-06
5.38387e-07
4.85621e-06
1.19265e-06
4.30069e-06
1.84086e-06
3.7959e-06
2.46552e-06
3.34328e-06
3.05549e-06
2.93981e-06
3.60409e-06
2.58054e-06
4.1077e-06
2.25998e-06
4.56469e-06
1.97272e-06
4.97471e-06
1.71379e-06
5.33815e-06
1.47873e-06
5.65581e-06
1.26359e-06
5.92865e-06
1.06487e-06
6.15762e-06
8.79481e-07
6.34357e-06
7.04646e-07
6.48718e-06
5.37834e-07
6.58888e-06
3.76699e-07
6.64884e-06
2.19005e-07
6.66691e-06
6.25691e-08
6.64265e-06
-9.47995e-08
6.57527e-06
-2.55365e-07
6.46365e-06
-4.21531e-07
6.30633e-06
-5.95911e-07
6.1015e-06
-7.81405e-07
5.84711e-06
-9.81296e-07
5.54086e-06
-1.19934e-06
5.18036e-06
-1.43988e-06
4.76336e-06
-1.70795e-06
4.2881e-06
-2.00938e-06
3.75381e-06
-2.35082e-06
3.1616e-06
-2.73974e-06
2.51568e-06
-3.18409e-06
1.82512e-06
-3.69159e-06
1.10631e-06
-4.26818e-06
3.85959e-07
-4.91497e-06
-2.95527e-07
-5.62272e-06
-8.81637e-07
-6.36223e-06
-1.30071e-06
-7.06886e-06
-1.4752e-06
-7.61957e-06
-1.34662e-06
-7.80396e-06
-9.23801e-07
-7.29756e-06
-3.56291e-07
-5.66293e-06
-2.458e-06
-4.67162e-07
2.6651e-06
-1.09305e-06
5.7142e-06
-1.45063e-06
6.9565e-06
-1.4314e-06
7.10278e-06
-1.08172e-06
6.68829e-06
-4.96672e-07
6.03928e-06
2.29907e-07
5.33377e-06
1.02369e-06
4.65814e-06
1.8323e-06
4.04761e-06
2.62168e-06
3.51131e-06
3.37129e-06
3.04629e-06
4.06977e-06
2.6448e-06
4.71174e-06
2.29784e-06
5.29552e-06
1.99676e-06
5.82164e-06
1.73386e-06
6.2918e-06
1.50256e-06
6.70828e-06
1.29731e-06
7.07355e-06
1.11346e-06
7.39001e-06
9.47126e-07
7.65988e-06
7.95007e-07
7.88506e-06
6.54293e-07
8.06717e-06
5.2254e-07
8.20743e-06
3.97578e-07
8.30669e-06
2.77437e-07
8.36542e-06
1.60273e-07
8.38368e-06
4.43093e-08
8.36111e-06
-7.2228e-08
8.29691e-06
-1.91167e-07
8.18984e-06
-3.14456e-07
8.03815e-06
-4.4423e-07
7.83964e-06
-5.82894e-07
7.59156e-06
-7.33216e-07
7.29067e-06
-8.98445e-07
6.93323e-06
-1.08244e-06
6.51513e-06
-1.28985e-06
6.03205e-06
-1.52629e-06
5.47981e-06
-1.79858e-06
4.855e-06
-2.11493e-06
4.15602e-06
-2.48512e-06
3.38481e-06
-2.92038e-06
2.54951e-06
-3.43287e-06
1.66841e-06
-4.03387e-06
7.75484e-07
-4.72979e-06
-7.31402e-08
-5.51361e-06
-7.93577e-07
-6.34843e-06
-1.27536e-06
-7.13779e-06
-1.40112e-06
-7.67821e-06
-1.10348e-06
-7.5952e-06
-4.84964e-07
-6.28145e-06
-2.94296e-06
-6.56502e-07
3.3216e-06
-1.29241e-06
6.35011e-06
-1.41009e-06
7.07418e-06
-1.02135e-06
6.71404e-06
-2.82663e-07
5.9496e-06
6.48513e-07
5.1081e-06
1.65396e-06
4.32832e-06
2.65746e-06
3.65464e-06
3.61517e-06
3.08989e-06
4.50483e-06
2.62165e-06
5.31734e-06
2.23378e-06
6.05115e-06
1.91099e-06
6.70871e-06
1.64028e-06
7.29438e-06
1.41109e-06
7.8132e-06
1.21504e-06
8.27026e-06
1.0455e-06
8.67034e-06
8.9723e-07
9.01773e-06
7.66069e-07
9.3162e-06
6.48659e-07
9.56894e-06
5.42263e-07
9.77862e-06
4.4461e-07
9.94739e-06
3.53777e-07
1.00769e-05
2.68094e-07
1.01682e-05
1.86074e-07
1.02222e-05
1.06345e-07
1.02389e-05
2.75987e-08
1.02181e-05
-5.14623e-08
1.01591e-05
-1.32172e-07
1.00606e-05
-2.15957e-07
9.92077e-06
-3.04389e-07
9.73714e-06
-3.99264e-07
9.5066e-06
-5.02676e-07
9.22529e-06
-6.17133e-07
8.88854e-06
-7.45689e-07
8.49081e-06
-8.92125e-07
8.0257e-06
-1.06118e-06
7.48598e-06
-1.25887e-06
6.8639e-06
-1.49285e-06
6.1517e-06
-1.77291e-06
5.34285e-06
-2.11153e-06
4.43425e-06
-2.52427e-06
3.43017e-06
-3.0298e-06
2.34885e-06
-3.64847e-06
1.23259e-06
-4.39734e-06
1.61453e-07
-5.27729e-06
-7.33549e-07
-6.24279e-06
-1.27084e-06
-7.14092e-06
-1.26168e-06
-7.60436e-06
-6.68233e-07
-6.87489e-06
-3.6112e-06
-8.88026e-07
4.20963e-06
-1.33348e-06
6.79556e-06
-9.35249e-07
6.67595e-06
2.92076e-08
5.74958e-06
1.26084e-06
4.71797e-06
2.55945e-06
3.80949e-06
3.81265e-06
3.07513e-06
4.96751e-06
2.49978e-06
6.00566e-06
2.05174e-06
6.92645e-06
1.70085e-06
7.73733e-06
1.4229e-06
8.44868e-06
1.19964e-06
9.07133e-06
1.01763e-06
9.61538e-06
8.67039e-07
1.00898e-05
7.40619e-07
1.05023e-05
6.3299e-07
1.08594e-05
5.40092e-07
1.11667e-05
4.58819e-07
1.14286e-05
3.86752e-07
1.16489e-05
3.21973e-07
1.18306e-05
2.62925e-07
1.1976e-05
2.08319e-07
1.20871e-05
1.57056e-07
1.2165e-05
1.08172e-07
1.22105e-05
6.07878e-08
1.22241e-05
1.4073e-08
1.22054e-05
-3.27905e-08
1.21539e-05
-8.0643e-08
1.20683e-05
-1.30384e-07
1.19469e-05
-1.83013e-07
1.17873e-05
-2.39678e-07
1.15864e-05
-3.0174e-07
1.13401e-05
-3.70851e-07
1.10435e-05
-4.49062e-07
1.06903e-05
-5.38977e-07
1.02731e-05
-6.43949e-07
9.78261e-06
-7.68383e-07
9.20791e-06
-9.18145e-07
8.53616e-06
-1.10116e-06
7.75288e-06
-1.32826e-06
6.84295e-06
-1.61434e-06
5.79299e-06
-1.97984e-06
4.59677e-06
-2.45225e-06
3.26593e-06
-3.0665e-06
1.84924e-06
-3.8606e-06
4.62574e-07
-4.85612e-06
-6.76156e-07
-6.00219e-06
-1.23215e-06
-7.04836e-06
-8.81365e-07
-7.22568e-06
-4.49256e-06
-1.01533e-06
5.22495e-06
-7.4786e-07
6.5281e-06
5.83991e-07
5.3441e-06
2.29991e-06
4.03366e-06
4.0195e-06
2.99838e-06
5.58461e-06
2.24438e-06
6.94869e-06
1.71105e-06
8.11535e-06
1.33313e-06
9.10674e-06
1.06035e-06
9.94896e-06
8.58629e-07
1.06662e-05
7.05656e-07
1.1279e-05
5.86813e-07
1.18043e-05
4.92399e-07
1.22554e-05
4.15855e-07
1.26434e-05
3.52638e-07
1.29769e-05
2.99531e-07
1.32628e-05
2.54199e-07
1.35067e-05
2.14909e-07
1.37131e-05
1.80345e-07
1.38856e-05
1.49486e-07
1.4027e-05
1.21519e-07
1.41395e-05
9.57814e-08
1.42249e-05
7.17161e-08
1.42842e-05
4.88395e-08
1.43183e-05
2.6716e-08
1.43274e-05
4.93688e-09
1.43115e-05
-1.6899e-08
1.42701e-05
-3.92029e-08
1.42021e-05
-6.24156e-08
1.41061e-05
-8.70294e-08
1.39801e-05
-1.13614e-07
1.38212e-05
-1.42851e-07
1.36259e-05
-1.75577e-07
1.33897e-05
-2.12851e-07
1.31067e-05
-2.56034e-07
1.27697e-05
-3.06926e-07
1.23693e-05
-3.67949e-07
1.18936e-05
-4.42447e-07
1.13276e-05
-5.35134e-07
1.06521e-05
-6.52829e-07
9.84344e-06
-8.0564e-07
8.8725e-06
-1.0089e-06
7.70648e-06
-1.28623e-06
6.31423e-06
-1.67425e-06
4.68171e-06
-2.22808e-06
2.84717e-06
-3.02159e-06
9.70967e-07
-4.12598e-06
-5.42756e-07
-5.53464e-06
-9.63007e-07
-6.80543e-06
-5.45557e-06
-2.34971e-07
5.45992e-06
1.80399e-06
4.48913e-06
4.40148e-06
2.74662e-06
6.72178e-06
1.71336e-06
8.60684e-06
1.11332e-06
1.00972e-05
7.53976e-07
1.12737e-05
5.34615e-07
1.22107e-05
3.96102e-07
1.29666e-05
3.04418e-07
1.35845e-05
2.40722e-07
1.40957e-05
1.94511e-07
1.45228e-05
1.59728e-07
1.48824e-05
1.32723e-07
1.51871e-05
1.11203e-07
1.54461e-05
9.36679e-08
1.56665e-05
7.90953e-08
1.58539e-05
6.67668e-08
1.60127e-05
5.61618e-08
1.61461e-05
4.68924e-08
1.6257e-05
3.86619e-08
1.63472e-05
3.12378e-08
1.64186e-05
2.44322e-08
1.64722e-05
1.80892e-08
1.6509e-05
1.20743e-08
1.65294e-05
6.26751e-09
1.65338e-05
5.56722e-10
1.65221e-05
-5.16803e-09
1.64939e-05
-1.10188e-08
1.64486e-05
-1.71165e-08
1.63852e-05
-2.35962e-08
1.63022e-05
-3.06154e-08
1.61977e-05
-3.83638e-08
1.60692e-05
-4.70769e-08
1.59134e-05
-5.7055e-08
1.5726e-05
-6.86908e-08
1.55016e-05
-8.25105e-08
1.52329e-05
-9.92382e-08
1.49104e-05
-1.19898e-07
1.45212e-05
-1.45988e-07
1.40482e-05
-1.7978e-07
1.34674e-05
-2.24871e-07
1.27457e-05
-2.87234e-07
1.18368e-05
-3.77279e-07
1.06765e-05
-5.13934e-07
9.1806e-06
-7.32216e-07
7.25442e-06
-1.09541e-06
4.84334e-06
-1.71489e-06
2.10375e-06
-2.79506e-06
-1.05739e-07
-4.59594e-06
-5.56131e-06
5.45992e-06
9.94905e-06
1.26957e-05
1.4409e-05
1.55224e-05
1.62763e-05
1.68109e-05
1.7207e-05
1.75115e-05
1.77522e-05
1.79467e-05
1.81064e-05
1.82391e-05
1.83504e-05
1.8444e-05
1.85231e-05
1.85899e-05
1.8646e-05
1.86929e-05
1.87316e-05
1.87628e-05
1.87873e-05
1.88054e-05
1.88174e-05
1.88237e-05
1.88243e-05
1.88191e-05
1.88081e-05
1.8791e-05
1.87674e-05
1.87367e-05
1.86984e-05
1.86513e-05
1.85942e-05
1.85256e-05
1.8443e-05
1.83438e-05
1.82239e-05
1.80779e-05
1.78981e-05
1.76733e-05
1.7386e-05
1.70088e-05
1.64948e-05
1.57626e-05
1.46672e-05
1.29523e-05
1.01572e-05
5.56131e-06
)
;

boundaryField
{
    movingWall
    {
        type            calculated;
        value           uniform 0;
    }
    fixedWalls
    {
        type            calculated;
        value           uniform 0;
    }
    frontAndBack
    {
        type            empty;
        value           nonuniform List<scalar> 0();
    }
}


// ************************************************************************* //
