/*--------------------------------*- C++ -*----------------------------------*\
| =========                 |                                                 |
| \\      /  F ield         | OpenFOAM: The Open Source CFD Toolbox           |
|  \\    /   O peration     | Version:  v2012                                 |
|   \\  /    A nd           | Website:  www.openfoam.com                      |
|    \\/     M anipulation  |                                                 |
\*---------------------------------------------------------------------------*/
FoamFile
{
    version     2.0;
    format      ascii;
    class       volVectorField;
    location    "0.15";
    object      U;
}
// * * * * * * * * * * * * * * * * * * * * * * * * * * * * * * * * * * * * * //

dimensions      [0 1 -1 0 0 0 0];


internalField   nonuniform List<vector> 
2500
(
(3.25399e-05 -3.27767e-05 0)
(9.84245e-05 -4.06314e-05 0)
(0.000136853 -2.09149e-05 0)
(0.0001058 7.86032e-06 0)
(-8.96166e-06 3.76706e-05 0)
(-0.000205871 6.52225e-05 0)
(-0.000477601 8.92092e-05 0)
(-0.000814352 0.000109219 0)
(-0.00120521 0.000125228 0)
(-0.00163893 0.000137375 0)
(-0.00210438 0.000145865 0)
(-0.0025908 0.000150928 0)
(-0.00308791 0.000152804 0)
(-0.00358602 0.000151735 0)
(-0.00407611 0.000147958 0)
(-0.00454979 0.000141707 0)
(-0.00499937 0.000133209 0)
(-0.00541786 0.000122688 0)
(-0.00579896 0.000110365 0)
(-0.00613709 9.64552e-05 0)
(-0.00642737 8.11754e-05 0)
(-0.00666564 6.47422e-05 0)
(-0.00684846 4.73747e-05 0)
(-0.00697316 2.92969e-05 0)
(-0.00703781 1.07391e-05 0)
(-0.00704125 -8.06293e-06 0)
(-0.00698314 -2.68653e-05 0)
(-0.00686398 -4.5412e-05 0)
(-0.00668511 -6.34411e-05 0)
(-0.00644875 -8.06817e-05 0)
(-0.00615802 -9.68549e-05 0)
(-0.00581692 -0.000111676 0)
(-0.00543041 -0.000124859 0)
(-0.00500433 -0.000136114 0)
(-0.00454543 -0.000145156 0)
(-0.00406131 -0.000151708 0)
(-0.00356043 -0.0001555 0)
(-0.00305198 -0.000156278 0)
(-0.00254587 -0.000153808 0)
(-0.00205257 -0.000147877 0)
(-0.00158303 -0.000138301 0)
(-0.00114849 -0.000124933 0)
(-0.000760298 -0.000107679 0)
(-0.000429548 -8.65363e-05 0)
(-0.000166627 -6.16865e-05 0)
(1.96209e-05 -3.37164e-05 0)
(0.000123266 -4.10371e-06 0)
(0.000144483 2.37069e-05 0)
(9.957e-05 4.1664e-05 0)
(3.20533e-05 3.19866e-05 0)
(4.09299e-05 -9.90273e-05 0)
(9.35346e-05 -9.2758e-05 0)
(4.51048e-05 1.45402e-05 0)
(-0.000168751 0.000161576 0)
(-0.000574921 0.000317711 0)
(-0.00117474 0.000466984 0)
(-0.00195585 0.000601093 0)
(-0.00289808 0.000715989 0)
(-0.00397679 0.000809935 0)
(-0.00516516 0.000882473 0)
(-0.00643556 0.000933874 0)
(-0.00776053 0.000964849 0)
(-0.00911334 0.000976372 0)
(-0.0104684 0.000969582 0)
(-0.0118015 0.000945718 0)
(-0.0130901 0.00090608 0)
(-0.0143133 0.000852005 0)
(-0.015452 0.000784856 0)
(-0.0164889 0.000706008 0)
(-0.0174088 0.000616854 0)
(-0.0181983 0.000518802 0)
(-0.0188458 0.000413277 0)
(-0.0193422 0.000301735 0)
(-0.01968 0.000185662 0)
(-0.019854 6.65823e-05 0)
(-0.0198613 -5.39369e-05 0)
(-0.019701 -0.000174289 0)
(-0.0193747 -0.000292808 0)
(-0.0188862 -0.000407796 0)
(-0.0182417 -0.000517511 0)
(-0.0174499 -0.000620183 0)
(-0.0165219 -0.000714025 0)
(-0.0154713 -0.000797252 0)
(-0.0143141 -0.000868099 0)
(-0.0130684 -0.000924849 0)
(-0.011755 -0.000965858 0)
(-0.0103965 -0.000989589 0)
(-0.00901728 -0.00099465 0)
(-0.0076436 -0.000979834 0)
(-0.00630286 -0.000944172 0)
(-0.0050233 -0.000887003 0)
(-0.00383343 -0.000808069 0)
(-0.00276125 -0.00070768 0)
(-0.00183323 -0.000586985 0)
(-0.00107272 -0.000448479 0)
(-0.000497792 -0.000296991 0)
(-0.000117801 -0.000141516 0)
(7.20519e-05 1.4912e-06 0)
(0.000102621 0.000101531 0)
(4.20462e-05 9.95816e-05 0)
(2.23988e-05 -0.00013892 0)
(-1.01711e-05 -4.55116e-05 0)
(-0.00023384 0.00023927 0)
(-0.000704769 0.000608102 0)
(-0.00144871 0.00100072 0)
(-0.00246718 0.00138088 0)
(-0.00374442 0.0017271 0)
(-0.0052534 0.0020273 0)
(-0.00696013 0.00227516 0)
(-0.00882657 0.00246794 0)
(-0.0108128 0.00260517 0)
(-0.0128784 0.00268783 0)
(-0.0149835 0.00271791 0)
(-0.0170896 0.002698 0)
(-0.01916 0.00263116 0)
(-0.0211603 0.00252071 0)
(-0.0230583 0.00237018 0)
(-0.0248246 0.00218325 0)
(-0.0264327 0.00196368 0)
(-0.0278589 0.00171533 0)
(-0.0290823 0.00144213 0)
(-0.0300854 0.00114808 0)
(-0.0308536 0.000837299 0)
(-0.0313757 0.000513963 0)
(-0.0316437 0.000182374 0)
(-0.031653 -0.000153052 0)
(-0.0314027 -0.000487791 0)
(-0.030895 -0.000817196 0)
(-0.0301363 -0.00113652 0)
(-0.0291361 -0.00144093 0)
(-0.0279081 -0.00172553 0)
(-0.0264696 -0.00198542 0)
(-0.0248415 -0.00221571 0)
(-0.0230484 -0.00241163 0)
(-0.0211184 -0.00256857 0)
(-0.019083 -0.00268214 0)
(-0.0169768 -0.00274836 0)
(-0.0148368 -0.00276366 0)
(-0.0127026 -0.00272512 0)
(-0.010615 -0.00263057 0)
(-0.00861617 -0.00247883 0)
(-0.00674779 -0.00227006 0)
(-0.00505038 -0.00200617 0)
(-0.00356145 -0.00169156 0)
(-0.00231334 -0.00133438 0)
(-0.00133023 -0.000948463 0)
(-0.00062403 -0.000556798 0)
(-0.000188703 -0.000196547 0)
(6.93726e-06 7.23983e-05 0)
(2.52759e-05 0.000146083 0)
(-4.9245e-06 -0.000111903 0)
(-0.000153643 0.000164427 0)
(-0.000598978 0.000709037 0)
(-0.00137059 0.00137723 0)
(-0.00248313 0.00208113 0)
(-0.00393397 0.00276351 0)
(-0.00570252 0.00338785 0)
(-0.0077555 0.00393193 0)
(-0.0100514 0.00438304 0)
(-0.0125434 0.00473481 0)
(-0.0151821 0.00498512 0)
(-0.0179167 0.00513482 0)
(-0.0206969 0.00518676 0)
(-0.0234737 0.00514522 0)
(-0.0262 0.00501543 0)
(-0.0288316 0.00480336 0)
(-0.0313268 0.00451543 0)
(-0.0336478 0.00415843 0)
(-0.0357597 0.00373942 0)
(-0.0376319 0.0032657 0)
(-0.0392373 0.00274471 0)
(-0.0405529 0.00218411 0)
(-0.0415599 0.00159173 0)
(-0.0422436 0.0009756 0)
(-0.0425938 0.000343939 0)
(-0.0426045 -0.000294811 0)
(-0.0422746 -0.000932007 0)
(-0.0416072 -0.0015588 0)
(-0.0406106 -0.00216617 0)
(-0.0392975 -0.00274495 0)
(-0.0376858 -0.00328592 0)
(-0.0357978 -0.00377983 0)
(-0.0336609 -0.00421755 0)
(-0.0313071 -0.00459018 0)
(-0.0287727 -0.00488915 0)
(-0.0260982 -0.00510647 0)
(-0.0233281 -0.00523487 0)
(-0.02051 -0.00526803 0)
(-0.0176941 -0.0052009 0)
(-0.0149325 -0.00503001 0)
(-0.0122782 -0.00475392 0)
(-0.00978334 -0.00437378 0)
(-0.00749841 -0.00389421 0)
(-0.00546958 -0.00332448 0)
(-0.00373653 -0.0026804 0)
(-0.00232929 -0.00198717 0)
(-0.001264 -0.00128386 0)
(-0.000537954 -0.000629224 0)
(-0.000129654 -0.000110964 0)
(-6.21983e-07 0.000129811 0)
(-3.36334e-05 -3.13789e-06 0)
(-0.000309418 0.000566926 0)
(-0.000998187 0.00145545 0)
(-0.00209351 0.00249241 0)
(-0.00359238 0.0035678 0)
(-0.00548414 0.00460587 0)
(-0.00774119 0.00555567 0)
(-0.0103233 0.00638448 0)
(-0.013182 0.00707242 0)
(-0.0162628 0.00760869 0)
(-0.0195082 0.00798895 0)
(-0.0228591 0.00821346 0)
(-0.0262566 0.0082858 0)
(-0.029643 0.00821192 0)
(-0.0329628 0.00799951 0)
(-0.0361632 0.0076575 0)
(-0.0391951 0.00719574 0)
(-0.042013 0.00662475 0)
(-0.0445756 0.00595557 0)
(-0.0468461 0.00519967 0)
(-0.0487923 0.00436885 0)
(-0.0503865 0.00347526 0)
(-0.0516062 0.00253136 0)
(-0.0524339 0.00154993 0)
(-0.0528574 0.000544062 0)
(-0.0528698 -0.000472813 0)
(-0.0524694 -0.00148695 0)
(-0.0516605 -0.00248431 0)
(-0.0504528 -0.00345061 0)
(-0.0488617 -0.00437136 0)
(-0.0469085 -0.00523201 0)
(-0.0446201 -0.00601805 0)
(-0.0420292 -0.00671516 0)
(-0.0391738 -0.00730944 0)
(-0.0360971 -0.00778763 0)
(-0.0328475 -0.00813738 0)
(-0.0294773 -0.0083476 0)
(-0.026043 -0.00840881 0)
(-0.0226037 -0.00831361 0)
(-0.0192207 -0.00805722 0)
(-0.0159558 -0.00763815 0)
(-0.0128703 -0.00705909 0)
(-0.0100228 -0.0063281 0)
(-0.00746713 -0.00546026 0)
(-0.00525005 -0.00447995 0)
(-0.00340829 -0.00342436 0)
(-0.00196456 -0.00234823 0)
(-0.000923405 -0.00132985 0)
(-0.000279552 -0.000479736 0)
(-2.81489e-05 3.51406e-05 0)
(-6.10261e-05 0.000188242 0)
(-0.00046475 0.00117061 0)
(-0.00140348 0.00249222 0)
(-0.00283137 0.00396807 0)
(-0.00472411 0.00547192 0)
(-0.00706008 0.00691299 0)
(-0.00980257 0.00822767 0)
(-0.0129033 0.00937341 0)
(-0.0163062 0.0103233 0)
(-0.0199498 0.0110618 0)
(-0.0237693 0.0115822 0)
(-0.0276982 0.011884 0)
(-0.0316702 0.0119713 0)
(-0.0356205 0.0118519 0)
(-0.0394862 0.0115362 0)
(-0.0432078 0.0110362 0)
(-0.0467295 0.0103657 0)
(-0.0499999 0.00953942 0)
(-0.0529719 0.00857299 0)
(-0.0556036 0.00748267 0)
(-0.0578583 0.00628532 0)
(-0.0597047 0.00499828 0)
(-0.0611172 0.0036394 0)
(-0.0620757 0.00222699 0)
(-0.0625663 0.000779846 0)
(-0.0625813 -0.000682809 0)
(-0.0621188 -0.00214129 0)
(-0.0611836 -0.00357553 0)
(-0.0597868 -0.00496512 0)
(-0.0579461 -0.00628943 0)
(-0.0556855 -0.00752775 0)
(-0.0530357 -0.00865947 0)
(-0.0500337 -0.00966434 0)
(-0.0467226 -0.0105227 0)
(-0.0431516 -0.011216 0)
(-0.0393751 -0.0117269 0)
(-0.0354526 -0.01204 0)
(-0.0314477 -0.0121424 0)
(-0.0274272 -0.0120239 0)
(-0.02346 -0.0116786 0)
(-0.019616 -0.011105 0)
(-0.015964 -0.0103076 0)
(-0.0125703 -0.00929808 0)
(-0.00949621 -0.00809779 0)
(-0.00679608 -0.0067398 0)
(-0.00451459 -0.00527275 0)
(-0.0026832 -0.00376562 0)
(-0.00131671 -0.00231318 0)
(-0.000429731 -0.00104337 0)
(-5.45034e-05 -0.000139237 0)
(-8.63214e-05 0.000458973 0)
(-0.000614254 0.00197438 0)
(-0.00180091 0.00382146 0)
(-0.00356133 0.00580782 0)
(-0.00584846 0.00779624 0)
(-0.00862774 0.00968454 0)
(-0.0118516 0.0113988 0)
(-0.0154626 0.012888 0)
(-0.0193964 0.0141188 0)
(-0.0235843 0.0150716 0)
(-0.0279544 0.0157371 0)
(-0.0324336 0.0161142 0)
(-0.036949 0.0162078 0)
(-0.0414293 0.0160276 0)
(-0.0458056 0.0155865 0)
(-0.0500125 0.0149006 0)
(-0.0539887 0.0139875 0)
(-0.0576775 0.0128668 0)
(-0.0610272 0.011559 0)
(-0.0639917 0.0100859 0)
(-0.0665306 0.00846982 0)
(-0.0686092 0.00673398 0)
(-0.0701994 0.00490223 0)
(-0.0712791 0.00299908 0)
(-0.071833 0.00104966 0)
(-0.0718523 -0.000920296 0)
(-0.0713352 -0.00288449 0)
(-0.0702868 -0.0048161 0)
(-0.0687192 -0.00668792 0)
(-0.0666518 -0.00847244 0)
(-0.0641111 -0.0101421 0)
(-0.0611307 -0.0116696 0)
(-0.0577511 -0.0130279 0)
(-0.0540199 -0.0141912 0)
(-0.0499908 -0.0151348 0)
(-0.0457238 -0.0158361 0)
(-0.0412841 -0.0162748 0)
(-0.0367415 -0.0164341 0)
(-0.0321695 -0.0163011 0)
(-0.0276439 -0.0158683 0)
(-0.0232417 -0.0151341 0)
(-0.0190391 -0.0141047 0)
(-0.0151098 -0.0127958 0)
(-0.011523 -0.0112343 0)
(-0.00834128 -0.00946171 0)
(-0.00561868 -0.00753692 0)
(-0.00339716 -0.0055412 0)
(-0.00170383 -0.00358255 0)
(-0.000574666 -0.00180159 0)
(-7.88455e-05 -0.000390395 0)
(-0.000109534 0.000804718 0)
(-0.000756334 0.00297273 0)
(-0.00218483 0.00543909 0)
(-0.00427293 0.00800888 0)
(-0.0069507 0.0105382 0)
(-0.0101696 0.0129167 0)
(-0.01387 0.0150628 0)
(-0.0179841 0.0169185 0)
(-0.0224389 0.0184454 0)
(-0.0271577 0.0196202 0)
(-0.0320617 0.0204319 0)
(-0.0370713 0.020879 0)
(-0.0421074 0.0209674 0)
(-0.047093 0.0207089 0)
(-0.0519538 0.0201197 0)
(-0.0566193 0.0192196 0)
(-0.0610234 0.0180309 0)
(-0.0651051 0.0165782 0)
(-0.0688088 0.0148875 0)
(-0.0720847 0.0129863 0)
(-0.0748894 0.010903 0)
(-0.0771855 0.00866728 0)
(-0.0789427 0.00630944 0)
(-0.0801371 0.00386071 0)
(-0.0807522 0.00135312 0)
(-0.0807784 -0.00118056 0)
(-0.0802137 -0.00370683 0)
(-0.0790633 -0.00619156 0)
(-0.0773403 -0.00860015 0)
(-0.0750652 -0.0108976 0)
(-0.0722663 -0.0130491 0)
(-0.0689797 -0.0150197 0)
(-0.0652488 -0.0167754 0)
(-0.0611245 -0.0182834 0)
(-0.0566648 -0.0195125 0)
(-0.051934 -0.0204341 0)
(-0.0470024 -0.0210228 0)
(-0.0419454 -0.0212574 0)
(-0.0368425 -0.0211219 0)
(-0.0317758 -0.0206068 0)
(-0.0268291 -0.0197103 0)
(-0.0220858 -0.0184399 0)
(-0.0176274 -0.0168145 0)
(-0.0135314 -0.0148666 0)
(-0.00986971 -0.0126446 0)
(-0.00670681 -0.0102166 0)
(-0.0040965 -0.00767409 0)
(-0.00207928 -0.00513528 0)
(-0.000712762 -0.00274978 0)
(-0.000101166 -0.000714258 0)
(-0.000130968 0.00122116 0)
(-0.000891211 0.00415866 0)
(-0.00255415 0.00733825 0)
(-0.004963 0.0105654 0)
(-0.00802558 0.0136927 0)
(-0.0116789 0.0166045 0)
(-0.0158506 0.0192135 0)
(-0.0204616 0.0214571 0)
(-0.0254296 0.0232928 0)
(-0.0306696 0.0246948 0)
(-0.0360955 0.0256511 0)
(-0.0416211 0.0261603 0)
(-0.0471617 0.02623 0)
(-0.0526347 0.0258743 0)
(-0.0579608 0.0251132 0)
(-0.0630652 0.0239705 0)
(-0.0678776 0.0224736 0)
(-0.0723332 0.0206525 0)
(-0.0763732 0.018539 0)
(-0.0799448 0.0161667 0)
(-0.0830018 0.0135708 0)
(-0.0855049 0.0107875 0)
(-0.0874216 0.00785398 0)
(-0.0887268 0.00480874 0)
(-0.0894027 0.00169107 0)
(-0.0894391 -0.00145874 0)
(-0.0888335 -0.00459958 0)
(-0.0875913 -0.00768955 0)
(-0.0857259 -0.0106862 0)
(-0.0832589 -0.0135466 0)
(-0.0802199 -0.0162278 0)
(-0.0766466 -0.0186873 0)
(-0.072585 -0.0208833 0)
(-0.0680887 -0.0227755 0)
(-0.063219 -0.0243257 0)
(-0.0580442 -0.0254989 0)
(-0.0526389 -0.0262638 0)
(-0.0470836 -0.0265945 0)
(-0.0414633 -0.0264712 0)
(-0.0358664 -0.0258821 0)
(-0.0303833 -0.0248245 0)
(-0.0251049 -0.0233068 0)
(-0.0201208 -0.0213504 0)
(-0.0155175 -0.0189922 0)
(-0.011377 -0.0162869 0)
(-0.00777533 -0.0133099 0)
(-0.00477898 -0.0101609 0)
(-0.00244243 -0.00696627 0)
(-0.000844375 -0.00388193 0)
(-0.000121782 -0.00110681 0)
(-0.000150997 0.00170455 0)
(-0.0010199 0.00552521 0)
(-0.00291011 0.00951146 0)
(-0.0056325 0.0134707 0)
(-0.00907356 0.0172538 0)
(-0.0131557 0.0207424 0)
(-0.0177936 0.0238456 0)
(-0.0228963 0.0264976 0)
(-0.0283714 0.0286535 0)
(-0.0341253 0.0302864 0)
(-0.0400644 0.0313838 0)
(-0.0460959 0.0319455 0)
(-0.0521291 0.0319812 0)
(-0.0580764 0.0315083 0)
(-0.063854 0.0305505 0)
(-0.0693827 0.0291366 0)
(-0.0745888 0.0272992 0)
(-0.0794044 0.0250741 0)
(-0.0837675 0.0224993 0)
(-0.0876232 0.0196151 0)
(-0.0909229 0.0164633 0)
(-0.0936255 0.0130872 0)
(-0.0956971 0.0095315 0)
(-0.0971111 0.00584193 0)
(-0.0978487 0.00206549 0)
(-0.0978992 -0.00174971 0)
(-0.0972594 -0.00555459 0)
(-0.0959348 -0.00929913 0)
(-0.0939388 -0.0129326 0)
(-0.0912935 -0.0164038 0)
(-0.0880295 -0.0196615 0)
(-0.0841858 -0.0226547 0)
(-0.0798102 -0.0253335 0)
(-0.0749584 -0.0276496 0)
(-0.0696945 -0.0295573 0)
(-0.0640903 -0.0310145 0)
(-0.0582243 -0.0319837 0)
(-0.0521816 -0.0324334 0)
(-0.0460526 -0.0323396 0)
(-0.0399317 -0.0316872 0)
(-0.0339163 -0.0304721 0)
(-0.0281049 -0.0287027 0)
(-0.0225959 -0.026402 0)
(-0.0174854 -0.0236104 0)
(-0.0128663 -0.0203874 0)
(-0.00882681 -0.0168144 0)
(-0.00544691 -0.0129978 0)
(-0.00279521 -0.00907025 0)
(-0.000970765 -0.00519243 0)
(-0.000141104 -0.00156469 0)
(-0.000169987 0.00225184 0)
(-0.00114371 0.00706637 0)
(-0.00325509 0.0119518 0)
(-0.00628463 0.016718 0)
(-0.0100984 0.0212157 0)
(-0.0146044 0.0253252 0)
(-0.0197038 0.0289541 0)
(-0.0252938 0.032035 0)
(-0.0312713 0.034522 0)
(-0.0375338 0.0363881 0)
(-0.0439797 0.037622 0)
(-0.0505096 0.0382253 0)
(-0.0570268 0.0382107 0)
(-0.0634386 0.0375994 0)
(-0.0696571 0.0364197 0)
(-0.0755993 0.0347056 0)
(-0.0811882 0.0324955 0)
(-0.086353 0.0298314 0)
(-0.0910296 0.026758 0)
(-0.0951607 0.0233223 0)
(-0.0986962 0.0195734 0)
(-0.101593 0.0155618 0)
(-0.103817 0.0113396 0)
(-0.105339 0.00696053 0)
(-0.106141 0.00247927 0)
(-0.10621 -0.00204799 0)
(-0.105543 -0.00656394 0)
(-0.104145 -0.0110102 0)
(-0.102029 -0.0153275 0)
(-0.0992179 -0.0194559 0)
(-0.0957424 -0.0233356 0)
(-0.0916423 -0.0269068 0)
(-0.0869666 -0.030111 0)
(-0.081773 -0.0328913 0)
(-0.0761276 -0.0351941 0)
(-0.0701051 -0.0369694 0)
(-0.0637879 -0.0381727 0)
(-0.0572652 -0.0387665 0)
(-0.0506327 -0.0387215 0)
(-0.0439909 -0.0380187 0)
(-0.0374442 -0.0366516 0)
(-0.0310994 -0.0346274 0)
(-0.0250639 -0.0319701 0)
(-0.0194443 -0.0287219 0)
(-0.0143451 -0.0249461 0)
(-0.00986748 -0.020729 0)
(-0.00610509 -0.0161821 0)
(-0.00314088 -0.0114431 0)
(-0.00109357 -0.00667695 0)
(-0.000159554 -0.00208541 0)
(-0.000188266 0.00286081 0)
(-0.00126402 0.00877741 0)
(-0.00359192 0.0146537 0)
(-0.00692361 0.0203018 0)
(-0.0111054 0.0255734 0)
(-0.0160312 0.0303487 0)
(-0.0215886 0.0345351 0)
(-0.0276625 0.0380652 0)
(-0.0341388 0.0408937 0)
(-0.0409058 0.042995 0)
(-0.0478536 0.0443597 0)
(-0.054876 0.0449928 0)
(-0.0618705 0.0449105 0)
(-0.0687394 0.0441388 0)
(-0.0753905 0.0427114 0)
(-0.0817374 0.0406679 0)
(-0.0877003 0.0380532 0)
(-0.093206 0.0349157 0)
(-0.0981883 0.0313072 0)
(-0.102588 0.0272819 0)
(-0.106354 0.0228961 0)
(-0.109443 0.0182081 0)
(-0.111817 0.0132776 0)
(-0.113448 0.00816594 0)
(-0.114316 0.00293609 0)
(-0.114409 -0.00234766 0)
(-0.113722 -0.00761964 0)
(-0.11226 -0.0128129 0)
(-0.110035 -0.0178594 0)
(-0.10707 -0.0226905 0)
(-0.103395 -0.0272371 0)
(-0.099052 -0.0314305 0)
(-0.094089 -0.035203 0)
(-0.0885655 -0.0384888 0)
(-0.0825496 -0.0412254 0)
(-0.0761182 -0.0433545 0)
(-0.069357 -0.0448239 0)
(-0.0623595 -0.0455889 0)
(-0.0552264 -0.0456142 0)
(-0.0480645 -0.044876 0)
(-0.0409855 -0.0433638 0)
(-0.0341047 -0.0410832 0)
(-0.0275392 -0.0380572 0)
(-0.0214067 -0.0343293 0)
(-0.0158239 -0.0299651 0)
(-0.0109056 -0.0250543 0)
(-0.00675964 -0.0197128 0)
(-0.0034833 -0.0140828 0)
(-0.00121455 -0.00833297 0)
(-0.000177523 -0.00266747 0)
(-0.000206118 0.00352995 0)
(-0.00138213 0.010655 0)
(-0.00392355 0.017613 0)
(-0.00755406 0.0242181 0)
(-0.0121008 0.0303231 0)
(-0.0174436 0.0358095 0)
(-0.0234565 0.0405855 0)
(-0.0300117 0.0445852 0)
(-0.0369842 0.0477654 0)
(-0.0442524 0.0501031 0)
(-0.0516982 0.0515924 0)
(-0.0592083 0.0522423 0)
(-0.0666742 0.0520742 0)
(-0.0739936 0.0511195 0)
(-0.08107 0.0494179 0)
(-0.0878141 0.0470157 0)
(-0.0941433 0.0439643 0)
(-0.0999825 0.0403195 0)
(-0.105264 0.0361404 0)
(-0.109927 0.0314885 0)
(-0.113919 0.0264279 0)
(-0.117196 0.0210243 0)
(-0.11972 0.0153453 0)
(-0.121462 0.00946037 0)
(-0.122401 0.0034403 0)
(-0.122523 -0.00264232 0)
(-0.121823 -0.00871339 0)
(-0.120306 -0.0146973 0)
(-0.117983 -0.0205173 0)
(-0.114876 -0.0260954 0)
(-0.111015 -0.0313535 0)
(-0.106441 -0.0362133 0)
(-0.101204 -0.0405975 0)
(-0.0953623 -0.044431 0)
(-0.0889861 -0.0476417 0)
(-0.0821544 -0.0501622 0)
(-0.0749557 -0.0519317 0)
(-0.0674876 -0.0528973 0)
(-0.0598558 -0.0530167 0)
(-0.0521733 -0.0522599 0)
(-0.0445595 -0.0506117 0)
(-0.0371384 -0.048074 0)
(-0.0300376 -0.0446682 0)
(-0.0233864 -0.0404373 0)
(-0.0173144 -0.0354483 0)
(-0.0119505 -0.0297932 0)
(-0.00741723 -0.0235916 0)
(-0.00382653 -0.0169896 0)
(-0.00133544 -0.0101599 0)
(-0.000195372 -0.00331031 0)
(-0.00022379 0.00425846 0)
(-0.00149926 0.0126974 0)
(-0.00425279 0.0208275 0)
(-0.00818057 0.0284645 0)
(-0.0130908 0.0354628 0)
(-0.0188492 0.0417055 0)
(-0.0253163 0.0471033 0)
(-0.0323513 0.0515929 0)
(-0.0398179 0.0551345 0)
(-0.0475844 0.0577091 0)
(-0.0555246 0.0593158 0)
(-0.0635176 0.0599689 0)
(-0.0714494 0.0596959 0)
(-0.0792125 0.0585348 0)
(-0.0867071 0.0565321 0)
(-0.0938406 0.0537414 0)
(-0.100528 0.0502217 0)
(-0.106694 0.0460362 0)
(-0.112267 0.0412517 0)
(-0.117188 0.0359376 0)
(-0.121402 0.0301654 0)
(-0.124865 0.024009 0)
(-0.127538 0.0175436 0)
(-0.129392 0.0108466 0)
(-0.130405 0.00399678 0)
(-0.130563 -0.00292503 0)
(-0.129859 -0.00983636 0)
(-0.128297 -0.016653 0)
(-0.125888 -0.0232892 0)
(-0.122652 -0.029658 0)
(-0.118619 -0.0356717 0)
(-0.113828 -0.0412421 0)
(-0.108329 -0.0462823 0)
(-0.102182 -0.0507068 0)
(-0.0954565 -0.0544335 0)
(-0.0882337 -0.057385 0)
(-0.0806045 -0.0594909 0)
(-0.0726702 -0.0606891 0)
(-0.0645413 -0.0609288 0)
(-0.0563373 -0.0601726 0)
(-0.0481852 -0.0583991 0)
(-0.0402185 -0.0556053 0)
(-0.0325755 -0.0518094 0)
(-0.0253978 -0.0470528 0)
(-0.0188286 -0.0414022 0)
(-0.0130116 -0.0349514 0)
(-0.00808467 -0.0278228 0)
(-0.00417463 -0.0201663 0)
(-0.00145792 -0.0121592 0)
(-0.000213427 -0.00401428 0)
(-0.000241494 0.00504612 0)
(-0.00161651 0.014904 0)
(-0.00458225 0.0242965 0)
(-0.00880749 0.0330404 0)
(-0.0140814 0.0409917 0)
(-0.0202556 0.0480362 0)
(-0.0271765 0.0540876 0)
(-0.0346904 0.0590868 0)
(-0.0426493 0.0629987 0)
(-0.0509116 0.0658099 0)
(-0.059342 0.0675257 0)
(-0.0678128 0.0681672 0)
(-0.0762039 0.0677693 0)
(-0.0844034 0.0663774 0)
(-0.0923078 0.0640462 0)
(-0.0998221 0.0608371 0)
(-0.10686 0.0568173 0)
(-0.113342 0.0520583 0)
(-0.1192 0.0466346 0)
(-0.124372 0.0406238 0)
(-0.128803 0.0341053 0)
(-0.132449 0.0271606 0)
(-0.135271 0.019873 0)
(-0.137239 0.0123274 0)
(-0.13833 0.00461071 0)
(-0.138529 -0.00318833 0)
(-0.137831 -0.010979 0)
(-0.136235 -0.0186686 0)
(-0.133752 -0.0261625 0)
(-0.130401 -0.0333645 0)
(-0.126211 -0.0401773 0)
(-0.121219 -0.0465029 0)
(-0.115474 -0.0522437 0)
(-0.109035 -0.0573037 0)
(-0.101974 -0.0615901 0)
(-0.0943705 -0.0650144 0)
(-0.0863191 -0.0674954 0)
(-0.077924 -0.0689608 0)
(-0.0693006 -0.0693499 0)
(-0.0605744 -0.0686163 0)
(-0.0518806 -0.0667308 0)
(-0.0433623 -0.063684 0)
(-0.035169 -0.0594891 0)
(-0.0274552 -0.0541845 0)
(-0.0203786 -0.0478358 0)
(-0.0140985 -0.0405372 0)
(-0.00876864 -0.0324134 0)
(-0.00453152 -0.0236183 0)
(-0.00158359 -0.0143343 0)
(-0.000231984 -0.00478062 0)
(-0.000259411 0.00589326 0)
(-0.00173484 0.0172755 0)
(-0.00491436 0.028021 0)
(-0.00943886 0.0379467 0)
(-0.0150782 0.0469108 0)
(-0.0216695 0.054802 0)
(-0.0290449 0.0615383 0)
(-0.0370374 0.0670658 0)
(-0.045487 0.0713558 0)
(-0.0542417 0.0744019 0)
(-0.0631576 0.0762171 0)
(-0.0720997 0.0768309 0)
(-0.0809422 0.0762867 0)
(-0.0895688 0.0746388 0)
(-0.0978728 0.0719508 0)
(-0.105757 0.0682932 0)
(-0.113133 0.0637419 0)
(-0.119923 0.0583768 0)
(-0.126055 0.0522813 0)
(-0.131469 0.0455408 0)
(-0.136112 0.0382429 0)
(-0.139936 0.0304769 0)
(-0.142905 0.0223336 0)
(-0.144987 0.0139056 0)
(-0.146161 0.0052875 0)
(-0.146409 -0.00342425 0)
(-0.145725 -0.0121309 0)
(-0.144107 -0.0207315 0)
(-0.141565 -0.0291228 0)
(-0.138116 -0.0371993 0)
(-0.133785 -0.0448541 0)
(-0.12861 -0.051979 0)
(-0.122637 -0.0584658 0)
(-0.115925 -0.0642071 0)
(-0.108542 -0.0690985 0)
(-0.100572 -0.0730397 0)
(-0.0921096 -0.0759376 0)
(-0.0832614 -0.0777079 0)
(-0.0741476 -0.0782786 0)
(-0.0649 -0.0775928 0)
(-0.0556617 -0.0756115 0)
(-0.0465855 -0.0723173 0)
(-0.037833 -0.0677167 0)
(-0.0295723 -0.0618434 0)
(-0.0219762 -0.0547603 0)
(-0.0152203 -0.0465615 0)
(-0.0094756 -0.0373733 0)
(-0.00490096 -0.0273535 0)
(-0.00171394 -0.0166905 0)
(-0.000251317 -0.00561133 0)
(-0.000277703 0.00680071 0)
(-0.00185514 0.0198137 0)
(-0.00525131 0.0320033 0)
(-0.0100784 0.0431861 0)
(-0.0160864 0.0532224 0)
(-0.0230973 0.0620044 0)
(-0.0309287 0.0694557 0)
(-0.0393995 0.0755289 0)
(-0.0483378 0.0802031 0)
(-0.0575809 0.0834806 0)
(-0.0669759 0.0853838 0)
(-0.0763809 0.0859519 0)
(-0.0856644 0.0852385 0)
(-0.0947061 0.083308 0)
(-0.103396 0.0802342 0)
(-0.111636 0.0760974 0)
(-0.119337 0.0709831 0)
(-0.12642 0.0649805 0)
(-0.132815 0.0581816 0)
(-0.13846 0.0506803 0)
(-0.143304 0.0425721 0)
(-0.147301 0.0339541 0)
(-0.150414 0.0249245 0)
(-0.152611 0.0155834 0)
(-0.15387 0.00603245 0)
(-0.154174 -0.00362436 0)
(-0.153514 -0.0132807 0)
(-0.151889 -0.0228278 0)
(-0.149304 -0.0321538 0)
(-0.145774 -0.0411444 0)
(-0.141324 -0.049683 0)
(-0.135987 -0.0576511 0)
(-0.129808 -0.0649294 0)
(-0.122842 -0.0713988 0)
(-0.115158 -0.0769424 0)
(-0.106839 -0.0814472 0)
(-0.0979798 -0.0848065 0)
(-0.0886895 -0.086923 0)
(-0.0790924 -0.0877115 0)
(-0.0693262 -0.0871026 0)
(-0.0595417 -0.0850456 0)
(-0.0499023 -0.0815129 0)
(-0.0405816 -0.0765026 0)
(-0.0317619 -0.0700418 0)
(-0.0236323 -0.0621894 0)
(-0.0163859 -0.053038 0)
(-0.0102117 -0.042715 0)
(-0.00528651 -0.0313824 0)
(-0.0018504 -0.0192349 0)
(-0.000271681 -0.0065092 0)
(-0.000296516 0.0077697 0)
(-0.00197824 0.0225217 0)
(-0.00559514 0.0362473 0)
(-0.0107296 0.0487625 0)
(-0.0171107 0.0599298 0)
(-0.0245448 0.0696459 0)
(-0.032834 0.0778407 0)
(-0.041783 0.084475 0)
(-0.051207 0.0895372 0)
(-0.0609328 0.0930401 0)
(-0.0707986 0.0950172 0)
(-0.0806552 0.0955195 0)
(-0.090366 0.0946119 0)
(-0.099807 0.0923708 0)
(-0.108866 0.0888811 0)
(-0.117444 0.084234 0)
(-0.125451 0.0785255 0)
(-0.13281 0.0718544 0)
(-0.13945 0.064322 0)
(-0.145313 0.0560306 0)
(-0.150346 0.0470839 0)
(-0.154507 0.0375863 0)
(-0.157757 0.0276434 0)
(-0.160068 0.0173619 0)
(-0.161415 0.00685059 0)
(-0.161781 -0.00377989 0)
(-0.161157 -0.0144161 0)
(-0.159539 -0.0249417 0)
(-0.156929 -0.0352369 0)
(-0.153341 -0.0451789 0)
(-0.148795 -0.0546414 0)
(-0.143322 -0.0634957 0)
(-0.136962 -0.0716111 0)
(-0.129769 -0.0788563 0)
(-0.121809 -0.0851011 0)
(-0.113163 -0.0902186 0)
(-0.103926 -0.0940875 0)
(-0.0942093 -0.0965955 0)
(-0.0841398 -0.0976423 0)
(-0.0738608 -0.0971438 0)
(-0.0635312 -0.0950358 0)
(-0.0533243 -0.0912779 0)
(-0.0434267 -0.0858574 0)
(-0.0340356 -0.0787932 0)
(-0.0253571 -0.0701382 0)
(-0.0176034 -0.0599823 0)
(-0.0109828 -0.0484536 0)
(-0.00569162 -0.0357176 0)
(-0.00199432 -0.0219764 0)
(-0.000293319 -0.00747772 0)
(-0.000315986 0.00880191 0)
(-0.0021049 0.0254032 0)
(-0.00594779 0.0407579 0)
(-0.0113957 0.0546812 0)
(-0.0181556 0.0670376 0)
(-0.0260171 0.0777294 0)
(-0.0347662 0.0866941 0)
(-0.0441925 0.093902 0)
(-0.0540983 0.0993531 0)
(-0.0642989 0.103072 0)
(-0.074624 0.105106 0)
(-0.0849175 0.105519 0)
(-0.0950378 0.10439 0)
(-0.104858 0.101809 0)
(-0.114264 0.0978714 0)
(-0.123156 0.0926824 0)
(-0.131446 0.0863485 0)
(-0.139057 0.0789791 0)
(-0.145921 0.0706847 0)
(-0.151982 0.0615766 0)
(-0.157189 0.0517661 0)
(-0.1615 0.041365 0)
(-0.164881 0.0304856 0)
(-0.167301 0.0192411 0)
(-0.168738 0.0077463 0)
(-0.169173 -0.00388186 0)
(-0.168596 -0.0155236 0)
(-0.167 -0.0270556 0)
(-0.164388 -0.038351 0)
(-0.160766 -0.0492784 0)
(-0.156152 -0.0597026 0)
(-0.150572 -0.0694846 0)
(-0.144063 -0.0784822 0)
(-0.136675 -0.0865515 0)
(-0.128469 -0.0935482 0)
(-0.119525 -0.0993303 0)
(-0.109937 -0.10376 0)
(-0.0998144 -0.10671 0)
(-0.0892887 -0.10806 0)
(-0.0785074 -0.107711 0)
(-0.0676369 -0.105583 0)
(-0.0568608 -0.101618 0)
(-0.0463787 -0.0957917 0)
(-0.0364038 -0.0881119 0)
(-0.0271603 -0.0786236 0)
(-0.0188806 -0.0674126 0)
(-0.0117946 -0.0546062 0)
(-0.00611959 -0.040374 0)
(-0.00214702 -0.0249255 0)
(-0.000316469 -0.00852106 0)
(-0.00033625 0.00989937 0)
(-0.00223589 0.0284631 0)
(-0.00631117 0.0455416 0)
(-0.0120799 0.0609485 0)
(-0.0192253 0.0745513 0)
(-0.0275192 0.0862584 0)
(-0.0367302 0.0960163 0)
(-0.0466321 0.103807 0)
(-0.0570134 0.109644 0)
(-0.0676784 0.113566 0)
(-0.0784477 0.115636 0)
(-0.0891585 0.115933 0)
(-0.0996651 0.114552 0)
(-0.109838 0.111597 0)
(-0.119562 0.10718 0)
(-0.128739 0.101416 0)
(-0.137282 0.0944261 0)
(-0.145116 0.0863296 0)
(-0.152177 0.0772469 0)
(-0.15841 0.0672981 0)
(-0.163769 0.0566023 0)
(-0.168215 0.0452781 0)
(-0.171713 0.033444 0)
(-0.174237 0.0212189 0)
(-0.175763 0.00872302 0)
(-0.176273 -0.00392129 0)
(-0.175755 -0.0165887 0)
(-0.174201 -0.02915 0)
(-0.171607 -0.0414716 0)
(-0.16798 -0.0534147 0)
(-0.163331 -0.0648353 0)
(-0.15768 -0.0755843 0)
(-0.151061 -0.0855081 0)
(-0.143516 -0.0944498 0)
(-0.135103 -0.10225 0)
(-0.125897 -0.108752 0)
(-0.11599 -0.113799 0)
(-0.105491 -0.117244 0)
(-0.0945314 -0.11895 0)
(-0.0832639 -0.118796 0)
(-0.0718614 -0.116683 0)
(-0.0605177 -0.112537 0)
(-0.0494459 -0.106315 0)
(-0.0388754 -0.0980122 0)
(-0.0290503 -0.0876636 0)
(-0.0202249 -0.0753484 0)
(-0.0126525 -0.0611925 0)
(-0.00657366 -0.0453687 0)
(-0.00230982 -0.0280945 0)
(-0.00034137 -0.0096441 0)
(-0.00035745 0.0110645 0)
(-0.00237201 0.0317072 0)
(-0.00668727 0.0506058 0)
(-0.0127854 0.0675721 0)
(-0.0203241 0.0824771 0)
(-0.0290557 0.0952363 0)
(-0.0387302 0.105807 0)
(-0.0491045 0.114185 0)
(-0.0599529 0.1204 0)
(-0.071068 0.124507 0)
(-0.0822615 0.126586 0)
(-0.0933646 0.126737 0)
(-0.104228 0.12507 0)
(-0.11472 0.121706 0)
(-0.124727 0.116773 0)
(-0.134151 0.110402 0)
(-0.142908 0.102725 0)
(-0.150928 0.0938739 0)
(-0.158151 0.0839791 0)
(-0.164526 0.0731692 0)
(-0.17001 0.0615708 0)
(-0.174567 0.049309 0)
(-0.178168 0.0365077 0)
(-0.180785 0.0232907 0)
(-0.182398 0.00978279 0)
(-0.182988 -0.00388946 0)
(-0.182541 -0.0175962 0)
(-0.181047 -0.0312033 0)
(-0.178499 -0.0445714 0)
(-0.174899 -0.0575551 0)
(-0.170252 -0.0700024 0)
(-0.164573 -0.0817546 0)
(-0.157888 -0.0926468 0)
(-0.150233 -0.102509 0)
(-0.14166 -0.111166 0)
(-0.132238 -0.118444 0)
(-0.122054 -0.124167 0)
(-0.111215 -0.128168 0)
(-0.0998528 -0.130287 0)
(-0.0881224 -0.130382 0)
(-0.0762029 -0.128329 0)
(-0.0642979 -0.124034 0)
(-0.052634 -0.117435 0)
(-0.0414583 -0.108508 0)
(-0.0310353 -0.0972766 0)
(-0.0216434 -0.0838109 0)
(-0.0135617 -0.0682339 0)
(-0.00705707 -0.0507205 0)
(-0.00248403 -0.0314969 0)
(-0.000368266 -0.0108524 0)
(-0.000379745 0.0123003 0)
(-0.00251416 0.0351423 0)
(-0.00707829 0.0559592 0)
(-0.0135158 0.0745608 0)
(-0.0214565 0.0908219 0)
(-0.0306315 0.104667 0)
(-0.0407702 0.116065 0)
(-0.0516119 0.12503 0)
(-0.0629155 0.131607 0)
(-0.0744618 0.135875 0)
(-0.0860539 0.137932 0)
(-0.0975173 0.137899 0)
(-0.108699 0.135907 0)
(-0.119469 0.132096 0)
(-0.129713 0.12661 0)
(-0.139337 0.119598 0)
(-0.148263 0.111204 0)
(-0.156423 0.101572 0)
(-0.163765 0.0908443 0)
(-0.170241 0.0791569 0)
(-0.175816 0.0666439 0)
(-0.180457 0.053436 0)
(-0.184138 0.0396618 0)
(-0.186836 0.0254491 0)
(-0.18853 0.0109258 0)
(-0.189203 -0.00377821 0)
(-0.188839 -0.0185299 0)
(-0.187426 -0.0331916 0)
(-0.184953 -0.0476193 0)
(-0.181416 -0.0616622 0)
(-0.176815 -0.075161 0)
(-0.171157 -0.0879483 0)
(-0.164459 -0.0998482 0)
(-0.156751 -0.110677 0)
(-0.148075 -0.120245 0)
(-0.138492 -0.128358 0)
(-0.128083 -0.134822 0)
(-0.116953 -0.139445 0)
(-0.105229 -0.142042 0)
(-0.0930677 -0.142446 0)
(-0.080654 -0.140508 0)
(-0.0682003 -0.136106 0)
(-0.0559467 -0.129155 0)
(-0.0441583 -0.119612 0)
(-0.0331222 -0.107481 0)
(-0.0231428 -0.0928225 0)
(-0.0145276 -0.0757535 0)
(-0.00757313 -0.0564505 0)
(-0.00267105 -0.0351482 0)
(-0.000397418 -0.0121521 0)
(-0.000403324 0.01361 0)
(-0.00266336 0.0387763 0)
(-0.00748674 0.061612 0)
(-0.0142752 0.0819245 0)
(-0.0226278 0.0995931 0)
(-0.0322517 0.114552 0)
(-0.0428546 0.126788 0)
(-0.0541558 0.136331 0)
(-0.0658987 0.14325 0)
(-0.0778518 0.147645 0)
(-0.0898097 0.149642 0)
(-0.101593 0.149382 0)
(-0.113047 0.147021 0)
(-0.124042 0.142719 0)
(-0.134468 0.136641 0)
(-0.144236 0.128952 0)
(-0.153271 0.119811 0)
(-0.161516 0.109375 0)
(-0.168923 0.0977968 0)
(-0.175453 0.0852204 0)
(-0.181076 0.0717867 0)
(-0.185765 0.0576312 0)
(-0.1895 0.0428865 0)
(-0.192259 0.0276827 0)
(-0.194026 0.0121499 0)
(-0.194784 -0.00358036 0)
(-0.194514 -0.0193734 0)
(-0.193204 -0.0350891 0)
(-0.190838 -0.0505809 0)
(-0.187405 -0.0656934 0)
(-0.182899 -0.0802616 0)
(-0.177318 -0.0941103 0)
(-0.17067 -0.107053 0)
(-0.162975 -0.118893 0)
(-0.154263 -0.129425 0)
(-0.144588 -0.138435 0)
(-0.134021 -0.145707 0)
(-0.122658 -0.151023 0)
(-0.110625 -0.154173 0)
(-0.098077 -0.154957 0)
(-0.0852014 -0.153197 0)
(-0.0722194 -0.148742 0)
(-0.0593843 -0.141477 0)
(-0.04698 -0.131333 0)
(-0.0353174 -0.118295 0)
(-0.0247295 -0.102406 0)
(-0.0155556 -0.0837763 0)
(-0.00812528 -0.0625818 0)
(-0.00287233 -0.0390653 0)
(-0.00042911 -0.0135503 0)
(-0.000428416 0.0149975 0)
(-0.00282088 0.0426185 0)
(-0.00791567 0.067576 0)
(-0.0150684 0.0896745 0)
(-0.0238438 0.108799 0)
(-0.0339225 0.124896 0)
(-0.0449877 0.13797 0)
(-0.0567377 0.148074 0)
(-0.0688988 0.155303 0)
(-0.0812273 0.159786 0)
(-0.0935097 0.161674 0)
(-0.105562 0.161137 0)
(-0.117231 0.158356 0)
(-0.128387 0.153516 0)
(-0.138927 0.146804 0)
(-0.148768 0.138401 0)
(-0.157844 0.128484 0)
(-0.166106 0.117223 0)
(-0.173513 0.104781 0)
(-0.180038 0.0913096 0)
(-0.185657 0.0769561 0)
(-0.190352 0.0618599 0)
(-0.194105 0.046156 0)
(-0.196903 0.0299758 0)
(-0.198731 0.01345 0)
(-0.199571 -0.00329011 0)
(-0.199407 -0.0201096 0)
(-0.198222 -0.0368682 0)
(-0.195997 -0.0534179 0)
(-0.192714 -0.0696008 0)
(-0.188359 -0.0852477 0)
(-0.18292 -0.100177 0)
(-0.176395 -0.114192 0)
(-0.168789 -0.127084 0)
(-0.160124 -0.138631 0)
(-0.150438 -0.148601 0)
(-0.139791 -0.156752 0)
(-0.128272 -0.16284 0)
(-0.115996 -0.166624 0)
(-0.103118 -0.167871 0)
(-0.0898248 -0.166366 0)
(-0.0763449 -0.161924 0)
(-0.0629445 -0.154395 0)
(-0.0499263 -0.14368 0)
(-0.0376268 -0.129735 0)
(-0.0264103 -0.112585 0)
(-0.0166513 -0.0923285 0)
(-0.00871728 -0.0691391 0)
(-0.00308951 -0.043267 0)
(-0.000463663 -0.0150547 0)
(-0.00045531 0.0164676 0)
(-0.00298828 0.04668 0)
(-0.00836884 0.073865 0)
(-0.0159013 0.0978237 0)
(-0.0251118 0.118448 0)
(-0.0356511 0.135699 0)
(-0.047175 0.149604 0)
(-0.0593587 0.160242 0)
(-0.0719106 0.167739 0)
(-0.0845746 0.172256 0)
(-0.0971298 0.173977 0)
(-0.10939 0.173103 0)
(-0.121202 0.169846 0)
(-0.132443 0.164415 0)
(-0.143015 0.157022 0)
(-0.152845 0.147868 0)
(-0.161878 0.137148 0)
(-0.170074 0.125044 0)
(-0.177407 0.111729 0)
(-0.183856 0.097364 0)
(-0.189409 0.0820998 0)
(-0.194056 0.0660792 0)
(-0.197787 0.049438 0)
(-0.200593 0.0323077 0)
(-0.202463 0.0148173 0)
(-0.203382 -0.00290358 0)
(-0.203334 -0.0207221 0)
(-0.202297 -0.0384995 0)
(-0.20025 -0.0560887 0)
(-0.197167 -0.0733312 0)
(-0.193025 -0.0900554 0)
(-0.187801 -0.106074 0)
(-0.181481 -0.121184 0)
(-0.174056 -0.135164 0)
(-0.165532 -0.147776 0)
(-0.155932 -0.158768 0)
(-0.145302 -0.167873 0)
(-0.133717 -0.174818 0)
(-0.121284 -0.179327 0)
(-0.108147 -0.181129 0)
(-0.0944957 -0.179971 0)
(-0.0805609 -0.175623 0)
(-0.066621 -0.167897 0)
(-0.0529981 -0.156652 0)
(-0.0400555 -0.141815 0)
(-0.0281917 -0.123383 0)
(-0.0178209 -0.101438 0)
(-0.00935327 -0.0761494 0)
(-0.00332443 -0.0477741 0)
(-0.000501448 -0.016674 0)
(-0.000484379 0.0180258 0)
(-0.00316756 0.0509737 0)
(-0.00885099 0.0804951 0)
(-0.0167815 0.106387 0)
(-0.0264411 0.128549 0)
(-0.0374464 0.146962 0)
(-0.0494228 0.161678 0)
(-0.06202 0.17281 0)
(-0.0749277 0.18052 0)
(-0.0878771 0.185005 0)
(-0.100641 0.186489 0)
(-0.113033 0.185209 0)
(-0.124902 0.181408 0)
(-0.136133 0.175329 0)
(-0.146639 0.167205 0)
(-0.156359 0.157263 0)
(-0.16525 0.145713 0)
(-0.173286 0.132752 0)
(-0.180452 0.118562 0)
(-0.186744 0.103312 0)
(-0.192157 0.0871554 0)
(-0.196694 0.0702374 0)
(-0.200352 0.0526931 0)
(-0.203129 0.0346517 0)
(-0.205019 0.016239 0)
(-0.20601 -0.00241936 0)
(-0.206084 -0.0211947 0)
(-0.205219 -0.0399524 0)
(-0.203388 -0.0585483 0)
(-0.200559 -0.0768258 0)
(-0.196698 -0.094613 0)
(-0.191773 -0.11172 0)
(-0.185751 -0.127937 0)
(-0.17861 -0.143033 0)
(-0.170337 -0.156755 0)
(-0.160938 -0.16883 0)
(-0.15044 -0.178967 0)
(-0.138901 -0.186859 0)
(-0.126412 -0.192194 0)
(-0.11311 -0.194659 0)
(-0.099176 -0.193953 0)
(-0.0848447 -0.189799 0)
(-0.0704037 -0.181959 0)
(-0.0561943 -0.170247 0)
(-0.0426081 -0.154545 0)
(-0.0300808 -0.134821 0)
(-0.0190711 -0.111133 0)
(-0.010038 -0.0836421 0)
(-0.00357924 -0.0526092 0)
(-0.000542902 -0.0184179 0)
(-0.000516106 0.0196789 0)
(-0.00336129 0.0555152 0)
(-0.00936822 0.0874857 0)
(-0.0177182 0.115382 0)
(-0.0278429 0.139113 0)
(-0.0393195 0.158684 0)
(-0.0517388 0.174178 0)
(-0.0647229 0.185747 0)
(-0.0779415 0.193597 0)
(-0.091114 0.197969 0)
(-0.104008 0.199132 0)
(-0.116438 0.197364 0)
(-0.128261 0.192946 0)
(-0.139371 0.186152 0)
(-0.149695 0.177247 0)
(-0.159186 0.166478 0)
(-0.167818 0.154074 0)
(-0.175582 0.140247 0)
(-0.182478 0.125187 0)
(-0.188514 0.109068 0)
(-0.193703 0.0920494 0)
(-0.198056 0.0742734 0)
(-0.201582 0.0558735 0)
(-0.204286 0.0369747 0)
(-0.206167 0.0176974 0)
(-0.207217 -0.00183905 0)
(-0.207419 -0.0215127 0)
(-0.206749 -0.0411954 0)
(-0.205174 -0.0607487 0)
(-0.202657 -0.0800206 0)
(-0.199153 -0.0988416 0)
(-0.194615 -0.117021 0)
(-0.188997 -0.134346 0)
(-0.182257 -0.150577 0)
(-0.174363 -0.165448 0)
(-0.165298 -0.178664 0)
(-0.155067 -0.18991 0)
(-0.143707 -0.198846 0)
(-0.131289 -0.205118 0)
(-0.117935 -0.208366 0)
(-0.103816 -0.208237 0)
(-0.0891653 -0.204396 0)
(-0.0742773 -0.196548 0)
(-0.0595114 -0.18445 0)
(-0.0452886 -0.167933 0)
(-0.0320852 -0.146921 0)
(-0.0204096 -0.121445 0)
(-0.0107771 -0.0916488 0)
(-0.00385649 -0.0577978 0)
(-0.00058856 -0.0202973 0)
(-0.000551124 0.0214349 0)
(-0.00357278 0.0603238 0)
(-0.0099283 0.0948596 0)
(-0.0187237 0.124828 0)
(-0.0293317 0.150151 0)
(-0.0412841 0.170862 0)
(-0.0541325 0.187082 0)
(-0.0674686 0.199013 0)
(-0.0809414 0.206911 0)
(-0.094259 0.211071 0)
(-0.107187 0.211813 0)
(-0.119543 0.209461 0)
(-0.131194 0.20434 0)
(-0.142051 0.196762 0)
(-0.152055 0.18702 0)
(-0.16118 0.175386 0)
(-0.169419 0.162108 0)
(-0.176781 0.147411 0)
(-0.183285 0.131494 0)
(-0.188956 0.114537 0)
(-0.193822 0.0966966 0)
(-0.197907 0.0781158 0)
(-0.201232 0.0589229 0)
(-0.203811 0.0392367 0)
(-0.205648 0.0191695 0)
(-0.20674 -0.00116792 0)
(-0.207072 -0.021663 0)
(-0.206618 -0.0421968 0)
(-0.205342 -0.0626397 0)
(-0.203197 -0.0828471 0)
(-0.200129 -0.102655 0)
(-0.196078 -0.121875 0)
(-0.19098 -0.140294 0)
(-0.184773 -0.157666 0)
(-0.177402 -0.173714 0)
(-0.168824 -0.188126 0)
(-0.159018 -0.200558 0)
(-0.147994 -0.210637 0)
(-0.1358 -0.217966 0)
(-0.122534 -0.222132 0)
(-0.108353 -0.222723 0)
(-0.0934821 -0.219339 0)
(-0.0782205 -0.211614 0)
(-0.0629431 -0.199237 0)
(-0.0481006 -0.181977 0)
(-0.0342134 -0.159702 0)
(-0.0218458 -0.132403 0)
(-0.0115772 -0.100204 0)
(-0.00415934 -0.0633683 0)
(-0.000639081 -0.0223246 0)
(-0.000590267 0.0233042 0)
(-0.00380636 0.0654227 0)
(-0.0105413 0.102645 0)
(-0.0198131 0.134749 0)
(-0.0309255 0.161675 0)
(-0.0433571 0.183489 0)
(-0.056615 0.200363 0)
(-0.0702576 0.212556 0)
(-0.0839128 0.220387 0)
(-0.0972791 0.224214 0)
(-0.110122 0.224415 0)
(-0.122269 0.221371 0)
(-0.133601 0.215453 0)
(-0.144047 0.207012 0)
(-0.153573 0.196375 0)
(-0.162172 0.18384 0)
(-0.169862 0.169674 0)
(-0.176674 0.154111 0)
(-0.182649 0.137362 0)
(-0.187831 0.119605 0)
(-0.192262 0.101 0)
(-0.195985 0.0816829 0)
(-0.19903 0.0617764 0)
(-0.201422 0.0413902 0)
(-0.203174 0.0206265 0)
(-0.204287 -0.000415411 0)
(-0.204747 -0.0216351 0)
(-0.204528 -0.0429258 0)
(-0.203591 -0.0641696 0)
(-0.201881 -0.0852327 0)
(-0.199335 -0.10596 0)
(-0.195877 -0.12617 0)
(-0.191426 -0.145651 0)
(-0.185897 -0.164155 0)
(-0.17921 -0.181396 0)
(-0.171293 -0.197047 0)
(-0.162096 -0.210739 0)
(-0.151593 -0.222064 0)
(-0.139803 -0.230578 0)
(-0.126796 -0.235813 0)
(-0.112705 -0.237289 0)
(-0.0977424 -0.23453 0)
(-0.0822044 -0.227088 0)
(-0.0664791 -0.214571 0)
(-0.0510469 -0.196668 0)
(-0.0364751 -0.173178 0)
(-0.0233904 -0.14404 0)
(-0.0124467 -0.109345 0)
(-0.0044917 -0.0693525 0)
(-0.000695301 -0.0245141 0)
(-0.000634637 0.0252994 0)
(-0.00406768 0.070841 0)
(-0.0112201 0.110876 0)
(-0.021006 0.145174 0)
(-0.0326469 0.173697 0)
(-0.0455589 0.196555 0)
(-0.0591987 0.213984 0)
(-0.0730885 0.226311 0)
(-0.0868353 0.233932 0)
(-0.100131 0.23728 0)
(-0.112745 0.236801 0)
(-0.12452 0.232939 0)
(-0.135357 0.226118 0)
(-0.14521 0.216732 0)
(-0.15407 0.205143 0)
(-0.161961 0.191674 0)
(-0.168927 0.176609 0)
(-0.175023 0.160197 0)
(-0.180315 0.14265 0)
(-0.184867 0.124149 0)
(-0.188741 0.10485 0)
(-0.191994 0.0848826 0)
(-0.194672 0.0643599 0)
(-0.19681 0.0433805 0)
(-0.198428 0.0220336 0)
(-0.199534 0.000404358 0)
(-0.200116 -0.0214216 0)
(-0.20015 -0.0433528 0)
(-0.199591 -0.0652862 0)
(-0.198381 -0.0871023 0)
(-0.196444 -0.108659 0)
(-0.193691 -0.129784 0)
(-0.190022 -0.150274 0)
(-0.18533 -0.169882 0)
(-0.179506 -0.188317 0)
(-0.172447 -0.205239 0)
(-0.164065 -0.220257 0)
(-0.1543 -0.232928 0)
(-0.143129 -0.242763 0)
(-0.130585 -0.249231 0)
(-0.116772 -0.251777 0)
(-0.101878 -0.249841 0)
(-0.08619 -0.242879 0)
(-0.0701046 -0.230397 0)
(-0.0541294 -0.211987 0)
(-0.0388814 -0.187361 0)
(-0.0250569 -0.156387 0)
(-0.0133958 -0.119114 0)
(-0.00485855 -0.0757869 0)
(-0.000758293 -0.0268824 0)
(-0.000685704 0.0274366 0)
(-0.0043641 0.0766148 0)
(-0.0119814 0.119595 0)
(-0.022327 0.156136 0)
(-0.0345238 0.18623 0)
(-0.047914 0.210045 0)
(-0.061897 0.227894 0)
(-0.0759563 0.240193 0)
(-0.0896796 0.247429 0)
(-0.102756 0.250123 0)
(-0.114967 0.248803 0)
(-0.126174 0.243982 0)
(-0.136309 0.236141 0)
(-0.145356 0.225724 0)
(-0.153339 0.213126 0)
(-0.160315 0.198695 0)
(-0.166358 0.182734 0)
(-0.171553 0.165498 0)
(-0.175992 0.147204 0)
(-0.179761 0.128031 0)
(-0.182944 0.108127 0)
(-0.185612 0.0876133 0)
(-0.187827 0.0665914 0)
(-0.189635 0.0451457 0)
(-0.191065 0.0233499 0)
(-0.19213 0.00127228 0)
(-0.192825 -0.0210191 0)
(-0.193124 -0.0434507 0)
(-0.192981 -0.0659382 0)
(-0.192333 -0.0883796 0)
(-0.191094 -0.110649 0)
(-0.189161 -0.132591 0)
(-0.186418 -0.154011 0)
(-0.182732 -0.174671 0)
(-0.177965 -0.194279 0)
(-0.171981 -0.212487 0)
(-0.16465 -0.228886 0)
(-0.155868 -0.243 0)
(-0.145566 -0.254292 0)
(-0.133731 -0.26217 0)
(-0.120424 -0.265996 0)
(-0.105799 -0.265112 0)
(-0.0901255 -0.258863 0)
(-0.073798 -0.246635 0)
(-0.0573485 -0.227898 0)
(-0.0414453 -0.202254 0)
(-0.0268621 -0.169478 0)
(-0.014438 -0.129557 0)
(-0.00526634 -0.0827137 0)
(-0.000829461 -0.0294489 0)
(-0.000745439 0.0297362 0)
(-0.00470536 0.0827897 0)
(-0.0128469 0.128852 0)
(-0.0238074 0.167674 0)
(-0.0365902 0.199287 0)
(-0.0504502 0.223934 0)
(-0.0647219 0.242027 0)
(-0.0788488 0.254093 0)
(-0.0924024 0.260731 0)
(-0.105076 0.262566 0)
(-0.116671 0.260218 0)
(-0.127079 0.25428 0)
(-0.136269 0.245297 0)
(-0.144263 0.23376 0)
(-0.151128 0.2201 0)
(-0.156956 0.204691 0)
(-0.161858 0.187846 0)
(-0.165951 0.16983 0)
(-0.169353 0.150856 0)
(-0.172176 0.1311 0)
(-0.174522 0.1107 0)
(-0.176483 0.0897651 0)
(-0.178132 0.0683817 0)
(-0.179529 0.0466176 0)
(-0.180711 0.0245288 0)
(-0.181698 0.00216414 0)
(-0.182489 -0.0204284 0)
(-0.183061 -0.0431965 0)
(-0.183368 -0.066077 0)
(-0.183341 -0.0889895 0)
(-0.182887 -0.111829 0)
(-0.181892 -0.134459 0)
(-0.180221 -0.156703 0)
(-0.177719 -0.178333 0)
(-0.174218 -0.199067 0)
(-0.169543 -0.218553 0)
(-0.163524 -0.236369 0)
(-0.156005 -0.252011 0)
(-0.146861 -0.264899 0)
(-0.136024 -0.274372 0)
(-0.123498 -0.279709 0)
(-0.109393 -0.28014 0)
(-0.0939413 -0.274881 0)
(-0.0775281 -0.263176 0)
(-0.0607022 -0.244347 0)
(-0.0441821 -0.217851 0)
(-0.0288266 -0.183344 0)
(-0.01559 -0.140725 0)
(-0.00572348 -0.0901822 0)
(-0.000910671 -0.032237 0)
(-0.000816509 0.0322245 0)
(-0.00510431 0.089423 0)
(-0.0138445 0.138713 0)
(-0.0254865 0.179834 0)
(-0.0388872 0.212876 0)
(-0.0531983 0.238183 0)
(-0.0676818 0.256293 0)
(-0.0817415 0.267873 0)
(-0.0949391 0.273655 0)
(-0.106982 0.27439 0)
(-0.117703 0.270804 0)
(-0.127037 0.263577 0)
(-0.134998 0.253323 0)
(-0.14166 0.24058 0)
(-0.147134 0.225817 0)
(-0.151559 0.209424 0)
(-0.155082 0.191727 0)
(-0.157856 0.172991 0)
(-0.160026 0.153427 0)
(-0.161731 0.133199 0)
(-0.163092 0.112433 0)
(-0.164217 0.0912226 0)
(-0.165195 0.0696364 0)
(-0.166095 0.0477234 0)
(-0.166966 0.025519 0)
(-0.167833 0.0030508 0)
(-0.1687 -0.0196558 0)
(-0.169548 -0.0425719 0)
(-0.170332 -0.0656586 0)
(-0.170979 -0.0888603 0)
(-0.171393 -0.112097 0)
(-0.171449 -0.135256 0)
(-0.170996 -0.158184 0)
(-0.169859 -0.180672 0)
(-0.16784 -0.202452 0)
(-0.164729 -0.223178 0)
(-0.160305 -0.242422 0)
(-0.15436 -0.259661 0)
(-0.146705 -0.274271 0)
(-0.137203 -0.285531 0)
(-0.125789 -0.292627 0)
(-0.112508 -0.294669 0)
(-0.097543 -0.290728 0)
(-0.08125 -0.279876 0)
(-0.0641835 -0.261253 0)
(-0.047109 -0.234134 0)
(-0.0309768 -0.198015 0)
(-0.0168741 -0.152679 0)
(-0.00624119 -0.0982513 0)
(-0.00100445 -0.0352753 0)
(-0.000902574 0.0349355 0)
(-0.00557812 0.096588 0)
(-0.0150105 0.149254 0)
(-0.0274134 0.192669 0)
(-0.0414634 0.227003 0)
(-0.0561898 0.252735 0)
(-0.0707759 0.270571 0)
(-0.0845891 0.28135 0)
(-0.0971923 0.28597 0)
(-0.108322 0.285327 0)
(-0.117857 0.28027 0)
(-0.125791 0.271572 0)
(-0.132198 0.259917 0)
(-0.13721 0.245893 0)
(-0.140995 0.229997 0)
(-0.143738 0.212636 0)
(-0.145629 0.194141 0)
(-0.146856 0.174772 0)
(-0.147595 0.15473 0)
(-0.148006 0.134165 0)
(-0.148231 0.113186 0)
(-0.148394 0.0918678 0)
(-0.148594 0.0702592 0)
(-0.148913 0.0483875 0)
(-0.149407 0.0262659 0)
(-0.150108 0.00389878 0)
(-0.151027 -0.0187128 0)
(-0.152148 -0.0415652 0)
(-0.153427 -0.064646 0)
(-0.154794 -0.0879275 0)
(-0.156149 -0.111358 0)
(-0.157361 -0.134855 0)
(-0.158267 -0.158291 0)
(-0.158674 -0.181487 0)
(-0.158357 -0.204195 0)
(-0.15707 -0.226086 0)
(-0.154546 -0.246735 0)
(-0.150515 -0.265609 0)
(-0.14472 -0.282053 0)
(-0.136942 -0.295286 0)
(-0.127032 -0.304402 0)
(-0.114949 -0.308385 0)
(-0.100802 -0.30614 0)
(-0.0848979 -0.296539 0)
(-0.0677776 -0.278498 0)
(-0.0502448 -0.251064 0)
(-0.0333452 -0.21352 0)
(-0.0183193 -0.165484 0)
(-0.00683456 -0.106992 0)
(-0.00111427 -0.038599 0)
(-0.00100874 0.0379137 0)
(-0.00614994 0.104378 0)
(-0.0163922 0.160572 0)
(-0.0296496 0.206236 0)
(-0.0443741 0.241657 0)
(-0.0594524 0.267503 0)
(-0.0739849 0.284693 0)
(-0.0873122 0.294287 0)
(-0.0990154 0.297385 0)
(-0.108881 0.295051 0)
(-0.116856 0.28827 0)
(-0.123009 0.277914 0)
(-0.127489 0.264738 0)
(-0.1305 0.249374 0)
(-0.132269 0.232341 0)
(-0.133035 0.214056 0)
(-0.133033 0.194844 0)
(-0.132483 0.174956 0)
(-0.131591 0.154575 0)
(-0.130537 0.133834 0)
(-0.129481 0.11282 0)
(-0.128559 0.0915851 0)
(-0.127882 0.0701554 0)
(-0.127538 0.0485351 0)
(-0.127591 0.0267137 0)
(-0.128081 0.00467134 0)
(-0.129022 -0.0176163 0)
(-0.130405 -0.040172 0)
(-0.13219 -0.0630116 0)
(-0.13431 -0.0861371 0)
(-0.136666 -0.109529 0)
(-0.139125 -0.133137 0)
(-0.141517 -0.15687 0)
(-0.143635 -0.18058 0)
(-0.145234 -0.204054 0)
(-0.146034 -0.226987 0)
(-0.145724 -0.248974 0)
(-0.143972 -0.269483 0)
(-0.140446 -0.28784 0)
(-0.134836 -0.303216 0)
(-0.126888 -0.314618 0)
(-0.116454 -0.320898 0)
(-0.103541 -0.320779 0)
(-0.0883744 -0.312903 0)
(-0.0714555 -0.295916 0)
(-0.0536083 -0.268573 0)
(-0.035973 -0.229878 0)
(-0.0199638 -0.179218 0)
(-0.00752422 -0.116492 0)
(-0.00124502 -0.042253 0)
(-0.00114227 0.0412177 0)
(-0.00685145 0.112913 0)
(-0.0180518 0.172784 0)
(-0.0322703 0.220596 0)
(-0.0476797 0.256811 0)
(-0.063002 0.282354 0)
(-0.0772574 0.29843 0)
(-0.0897773 0.306377 0)
(-0.100189 0.307534 0)
(-0.108357 0.303163 0)
(-0.114324 0.294393 0)
(-0.118254 0.2822 0)
(-0.12039 0.267403 0)
(-0.121014 0.250669 0)
(-0.120423 0.232529 0)
(-0.11891 0.213398 0)
(-0.116751 0.193587 0)
(-0.114202 0.173328 0)
(-0.11149 0.152782 0)
(-0.108814 0.132054 0)
(-0.106347 0.111207 0)
(-0.104232 0.090268 0)
(-0.102588 0.0692377 0)
(-0.101509 0.0480962 0)
(-0.101064 0.0268085 0)
(-0.101297 0.00533013 0)
(-0.102229 -0.0163885 0)
(-0.103856 -0.0383971 0)
(-0.106146 -0.0607401 0)
(-0.109036 -0.0834504 0)
(-0.112434 -0.106542 0)
(-0.116208 -0.130003 0)
(-0.12019 -0.153779 0)
(-0.124167 -0.177767 0)
(-0.127878 -0.201793 0)
(-0.131018 -0.225593 0)
(-0.133236 -0.248793 0)
(-0.134142 -0.270882 0)
(-0.133326 -0.291184 0)
(-0.130377 -0.308839 0)
(-0.124921 -0.32278 0)
(-0.116676 -0.331729 0)
(-0.105512 -0.334217 0)
(-0.0915344 -0.328626 0)
(-0.0751638 -0.313275 0)
(-0.0572143 -0.286554 0)
(-0.0389103 -0.247097 0)
(-0.0218589 -0.193969 0)
(-0.00833888 -0.126859 0)
(-0.00140373 -0.0462948 0)
(-0.0013138 0.0449262 0)
(-0.00772669 0.122346 0)
(-0.0200708 0.186031 0)
(-0.0353672 0.235804 0)
(-0.0514398 0.272396 0)
(-0.066828 0.297088 0)
(-0.0804848 0.311466 0)
(-0.091766 0.317213 0)
(-0.100384 0.315958 0)
(-0.106322 0.309179 0)
(-0.109751 0.29816 0)
(-0.110956 0.283974 0)
(-0.110288 0.267492 0)
(-0.108118 0.249402 0)
(-0.104814 0.230233 0)
(-0.100723 0.210381 0)
(-0.0961613 0.190134 0)
(-0.0914094 0.169692 0)
(-0.0867131 0.149186 0)
(-0.0822832 0.12869 0)
(-0.0782977 0.108237 0)
(-0.0749048 0.0878261 0)
(-0.0722253 0.0674324 0)
(-0.0703542 0.0470106 0)
(-0.0693631 0.0265018 0)
(-0.0693003 0.00583745 0)
(-0.0701914 -0.0150564 0)
(-0.0720382 -0.0362551 0)
(-0.0748168 -0.057831 0)
(-0.0784754 -0.0798481 0)
(-0.08293 -0.102355 0)
(-0.0880602 -0.125379 0)
(-0.0937038 -0.148909 0)
(-0.0996508 -0.17289 0)
(-0.105638 -0.197199 0)
(-0.111344 -0.221625 0)
(-0.116387 -0.245845 0)
(-0.120328 -0.269387 0)
(-0.12268 -0.2916 0)
(-0.122927 -0.311614 0)
(-0.120564 -0.328312 0)
(-0.115146 -0.340301 0)
(-0.106366 -0.345915 0)
(-0.0941584 -0.343251 0)
(-0.0788068 -0.330247 0)
(-0.0610659 -0.304836 0)
(-0.042217 -0.26516 0)
(-0.0240728 -0.209835 0)
(-0.00931913 -0.138231 0)
(-0.00160081 -0.0508005 0)
(-0.00153939 0.0491459 0)
(-0.00883819 0.132879 0)
(-0.0225573 0.200476 0)
(-0.0390473 0.251899 0)
(-0.055701 0.288279 0)
(-0.0708665 0.311405 0)
(-0.0834641 0.323363 0)
(-0.0929279 0.326267 0)
(-0.0991147 0.322081 0)
(-0.102177 0.31252 0)
(-0.102451 0.299018 0)
(-0.100371 0.28273 0)
(-0.0964081 0.264558 0)
(-0.0910292 0.24519 0)
(-0.0846711 0.22513 0)
(-0.0777282 0.204741 0)
(-0.0705475 0.184271 0)
(-0.063428 0.163879 0)
(-0.0566236 0.143655 0)
(-0.0503472 0.123638 0)
(-0.0447755 0.103828 0)
(-0.0400533 0.0841955 0)
(-0.0362975 0.0646873 0)
(-0.0336005 0.0452343 0)
(-0.0320326 0.0257551 0)
(-0.0316433 0.00615907 0)
(-0.032462 -0.01365 0)
(-0.0344973 -0.0337709 0)
(-0.0377353 -0.0543018 0)
(-0.0421368 -0.0753359 0)
(-0.047633 -0.096956 0)
(-0.0541198 -0.119227 0)
(-0.0614516 -0.142186 0)
(-0.0694325 -0.16583 0)
(-0.0778083 -0.190096 0)
(-0.0862573 -0.214839 0)
(-0.0943829 -0.239803 0)
(-0.101709 -0.264582 0)
(-0.107685 -0.288576 0)
(-0.111693 -0.310945 0)
(-0.113084 -0.330552 0)
(-0.111231 -0.345917 0)
(-0.105609 -0.355196 0)
(-0.0959133 -0.356182 0)
(-0.0822174 -0.346377 0)
(-0.0651389 -0.323153 0)
(-0.0459607 -0.284009 0)
(-0.0266968 -0.226926 0)
(-0.0105236 -0.150784 0)
(-0.00185221 -0.0558726 0)
(-0.0018442 0.0540249 0)
(-0.0102766 0.14477 0)
(-0.0256537 0.216308 0)
(-0.0434292 0.268873 0)
(-0.0604715 0.30422 0)
(-0.0749547 0.324854 0)
(-0.085835 0.333517 0)
(-0.0927112 0.33285 0)
(-0.0956644 0.325193 0)
(-0.095079 0.312502 0)
(-0.0914999 0.296343 0)
(-0.0855323 0.277922 0)
(-0.077777 0.258143 0)
(-0.0687924 0.237659 0)
(-0.059076 0.216928 0)
(-0.0490577 0.196254 0)
(-0.0391015 0.175832 0)
(-0.0295104 0.155767 0)
(-0.020534 0.136104 0)
(-0.0123763 0.116841 0)
(-0.00520237 0.0979428 0)
(0.000854593 0.0793484 0)
(0.00568812 0.0609802 0)
(0.00921407 0.0427464 0)
(0.0113675 0.0245453 0)
(0.0121004 0.0062677 0)
(0.011381 -0.0122014 0)
(0.00919422 -0.0309806 0)
(0.00554265 -0.0501902 0)
(0.000449937 -0.069949 0)
(-0.00603497 -0.0903707 0)
(-0.0138317 -0.111558 0)
(-0.0228205 -0.133594 0)
(-0.0328326 -0.15653 0)
(-0.0436384 -0.180369 0)
(-0.0549344 -0.205045 0)
(-0.0663298 -0.230386 0)
(-0.0773347 -0.256076 0)
(-0.0873522 -0.281606 0)
(-0.0956804 -0.306202 0)
(-0.101532 -0.328759 0)
(-0.104078 -0.347762 0)
(-0.102533 -0.36122 0)
(-0.0962901 -0.366633 0)
(-0.0851071 -0.361028 0)
(-0.0693514 -0.3411 0)
(-0.050208 -0.303511 0)
(-0.0298522 -0.24535 0)
(-0.0120385 -0.164742 0)
(-0.00218319 -0.0616531 0)
(-0.00226938 0.0597736 0)
(-0.0121767 0.158357 0)
(-0.0295458 0.233721 0)
(-0.0486252 0.286626 0)
(-0.0656711 0.319803 0)
(-0.0787511 0.336765 0)
(-0.0869832 0.341101 0)
(-0.0902592 0.336075 0)
(-0.0889896 0.324429 0)
(-0.0838623 0.308338 0)
(-0.0756697 0.289457 0)
(-0.0652016 0.268996 0)
(-0.053185 0.24781 0)
(-0.0402563 0.226483 0)
(-0.0269541 0.205391 0)
(-0.013723 0.184764 0)
(-0.000923686 0.164722 0)
(0.011155 0.145311 0)
(0.0222836 0.12652 0)
(0.0322812 0.108307 0)
(0.0410052 0.0905979 0)
(0.0483433 0.0733058 0)
(0.0542069 0.0563287 0)
(0.0585257 0.0395561 0)
(0.0612445 0.0228699 0)
(0.0623199 0.00614664 0)
(0.06172 -0.0107426 0)
(0.0594232 -0.0279312 0)
(0.0554206 -0.0455561 0)
(0.0497178 -0.0637567 0)
(0.0423397 -0.0826725 0)
(0.0333364 -0.102439 0)
(0.022792 -0.123183 0)
(0.0108354 -0.145009 0)
(-0.00234574 -0.16799 0)
(-0.0164883 -0.192142 0)
(-0.0312341 -0.217394 0)
(-0.0461094 -0.243549 0)
(-0.060505 -0.270218 0)
(-0.0736635 -0.29675 0)
(-0.0846794 -0.322135 0)
(-0.0925275 -0.344894 0)
(-0.0961333 -0.362961 0)
(-0.0945101 -0.373589 0)
(-0.0869835 -0.373315 0)
(-0.073508 -0.358054 0)
(-0.0550026 -0.323401 0)
(-0.0336968 -0.265197 0)
(-0.0139938 -0.180398 0)
(-0.00263554 -0.0683444 0)
(-0.00288489 0.0666995 0)
(-0.0147421 0.174076 0)
(-0.0344674 0.252878 0)
(-0.0546985 0.304881 0)
(-0.0710334 0.334332 0)
(-0.0815996 0.34615 0)
(-0.0858867 0.344993 0)
(-0.0842607 0.334824 0)
(-0.0775877 0.318768 0)
(-0.0669281 0.29916 0)
(-0.0533467 0.277665 0)
(-0.0378121 0.255425 0)
(-0.0211548 0.233189 0)
(-0.00405848 0.211423 0)
(0.0129294 0.190391 0)
(0.02938 0.170222 0)
(0.0449628 0.150953 0)
(0.0594259 0.13256 0)
(0.0725787 0.114979 0)
(0.0842782 0.0981209 0)
(0.094416 0.081882 0)
(0.10291 0.0661482 0)
(0.109697 0.0507992 0)
(0.114726 0.0357102 0)
(0.117956 0.0207525 0)
(0.11935 0.00579362 0)
(0.11888 -0.00930329 0)
(0.116518 -0.0246799 0)
(0.112243 -0.0404833 0)
(0.106043 -0.0568665 0)
(0.0979141 -0.0739875 0)
(0.0878718 -0.0920081 0)
(0.0759558 -0.11109 0)
(0.0622429 -0.131388 0)
(0.0468612 -0.153041 0)
(0.0300099 -0.176151 0)
(0.0119837 -0.200756 0)
(-0.00679862 -0.226794 0)
(-0.0257614 -0.254036 0)
(-0.0441406 -0.282007 0)
(-0.0609593 -0.30987 0)
(-0.0750258 -0.336278 0)
(-0.0849747 -0.359202 0)
(-0.0893842 -0.37575 0)
(-0.0870142 -0.382016 0)
(-0.0771944 -0.373068 0)
(-0.0603128 -0.343187 0)
(-0.0384248 -0.286491 0)
(-0.0165878 -0.198125 0)
(-0.00328087 -0.0762449 0)
(-0.00381357 0.075268 0)
(-0.0182839 0.192477 0)
(-0.0406864 0.273831 0)
(-0.0615576 0.323028 0)
(-0.0759206 0.346666 0)
(-0.0822993 0.35158 0)
(-0.0808818 0.34371 0)
(-0.0727415 0.327729 0)
(-0.0593287 0.307059 0)
(-0.042123 0.284069 0)
(-0.022452 0.260321 0)
(-0.00142447 0.236791 0)
(0.0200768 0.214048 0)
(0.0413724 0.192394 0)
(0.0619533 0.171951 0)
(0.0814466 0.15273 0)
(0.0995841 0.134677 0)
(0.116176 0.117696 0)
(0.131092 0.10167 0)
(0.144239 0.0864712 0)
(0.155556 0.0719678 0)
(0.164999 0.0580267 0)
(0.172536 0.0445148 0)
(0.17814 0.0312993 0)
(0.181787 0.0182473 0)
(0.183453 0.005224 0)
(0.18311 -0.00790857 0)
(0.180728 -0.0212933 0)
(0.176277 -0.0350798 0)
(0.169724 -0.0494261 0)
(0.161036 -0.0644999 0)
(0.150192 -0.0804792 0)
(0.13718 -0.0975515 0)
(0.122016 -0.115911 0)
(0.104752 -0.135753 0)
(0.0855016 -0.157258 0)
(0.0644629 -0.180578 0)
(0.0419558 -0.205792 0)
(0.0184649 -0.232859 0)
(-0.00530866 -0.261528 0)
(-0.0283937 -0.291219 0)
(-0.049505 -0.320838 0)
(-0.0670327 -0.348552 0)
(-0.0791068 -0.371495 0)
(-0.0838061 -0.385467 0)
(-0.0795846 -0.384716 0)
(-0.0659123 -0.361986 0)
(-0.0442432 -0.309089 0)
(-0.0201237 -0.218385 0)
(-0.00424544 -0.0858098 0)
(-0.00527473 0.0862078 0)
(-0.0232699 0.21421 0)
(-0.0484294 0.296329 0)
(-0.0687191 0.339861 0)
(-0.078975 0.354985 0)
(-0.0787248 0.351036 0)
(-0.0693158 0.335354 0)
(-0.0527843 0.313205 0)
(-0.031256 0.288102 0)
(-0.00661329 0.262251 0)
(0.0196229 0.236945 0)
(0.0462922 0.212884 0)
(0.0725459 0.190386 0)
(0.0977843 0.169543 0)
(0.121597 0.150316 0)
(0.143715 0.132593 0)
(0.163967 0.116226 0)
(0.18225 0.101055 0)
(0.19851 0.086919 0)
(0.212721 0.073659 0)
(0.224874 0.0611243 0)
(0.23497 0.0491708 0)
(0.243012 0.0376608 0)
(0.249001 0.0264613 0)
(0.252931 0.015442 0)
(0.254792 0.00447306 0)
(0.25456 -0.00657756 0)
(0.252207 -0.0178464 0)
(0.24769 -0.0294773 0)
(0.240958 -0.0416245 0)
(0.231955 -0.0544548 0)
(0.220617 -0.0681509 0)
(0.206882 -0.0829126 0)
(0.190699 -0.0989585 0)
(0.172034 -0.116524 0)
(0.150896 -0.135857 0)
(0.127358 -0.157203 0)
(0.101597 -0.180785 0)
(0.073941 -0.206755 0)
(0.0449425 -0.235123 0)
(0.0154562 -0.265636 0)
(-0.0132652 -0.297586 0)
(-0.0394882 -0.329529 0)
(-0.0609672 -0.35889 0)
(-0.0750575 -0.38146 0)
(-0.0790949 -0.39087 0)
(-0.0711247 -0.37825 0)
(-0.0512772 -0.332468 0)
(-0.0250538 -0.241701 0)
(-0.00575427 -0.0977576 0)
(-0.00765453 0.100684 0)
(-0.0303561 0.239919 0)
(-0.0576348 0.319429 0)
(-0.0747898 0.353146 0)
(-0.0774825 0.356488 0)
(-0.0672195 0.341784 0)
(-0.047058 0.317647 0)
(-0.0201881 0.28958 0)
(0.0106184 0.26083 0)
(0.0432093 0.233155 0)
(0.0760321 0.207395 0)
(0.108025 0.183857 0)
(0.138498 0.162553 0)
(0.167024 0.143343 0)
(0.19336 0.126022 0)
(0.217387 0.110365 0)
(0.239062 0.0961462 0)
(0.258392 0.0831565 0)
(0.275409 0.0712029 0)
(0.290159 0.0601106 0)
(0.302693 0.0497215 0)
(0.313057 0.0398913 0)
(0.32129 0.0304867 0)
(0.327419 0.0213824 0)
(0.33146 0.0124583 0)
(0.333415 0.00359629 0)
(0.333267 -0.0053226 0)
(0.330988 -0.0144214 0)
(0.326529 -0.0238304 0)
(0.319825 -0.0336908 0)
(0.310795 -0.0441581 0)
(0.299342 -0.0554066 0)
(0.285354 -0.0676333 0)
(0.268714 -0.0810626 0)
(0.249302 -0.0959492 0)
(0.227012 -0.11258 0)
(0.201773 -0.131273 0)
(0.173581 -0.152366 0)
(0.142552 -0.176189 0)
(0.108991 -0.203018 0)
(0.0735025 -0.232969 0)
(0.0371243 -0.265829 0)
(0.0014972 -0.300753 0)
(-0.0309701 -0.335794 0)
(-0.0570286 -0.367195 0)
(-0.0727765 -0.388457 0)
(-0.074289 -0.389345 0)
(-0.0592896 -0.355311 0)
(-0.0319936 -0.268516 0)
(-0.00819945 -0.113239 0)
(-0.0115741 0.120524 0)
(-0.0402537 0.269849 0)
(-0.0672434 0.340743 0)
(-0.076372 0.358989 0)
(-0.0662514 0.347094 0)
(-0.0416832 0.320399 0)
(-0.00787691 0.288159 0)
(0.0308839 0.255424 0)
(0.0714546 0.224646 0)
(0.111727 0.196807 0)
(0.15039 0.172117 0)
(0.18669 0.150416 0)
(0.220242 0.131391 0)
(0.250893 0.114687 0)
(0.278627 0.0999596 0)
(0.303509 0.0868976 0)
(0.325647 0.0752278 0)
(0.345161 0.0647148 0)
(0.362177 0.0551564 0)
(0.37681 0.0463786 0)
(0.389165 0.03823 0)
(0.39933 0.0305776 0)
(0.407377 0.0233018 0)
(0.413356 0.0162931 0)
(0.417303 0.00944825 0)
(0.41923 0.00266714 0)
(0.419129 -0.00415037 0)
(0.416972 -0.0111076 0)
(0.412709 -0.0183146 0)
(0.406264 -0.0258913 0)
(0.397539 -0.0339724 0)
(0.386411 -0.0427115 0)
(0.372729 -0.052287 0)
(0.356318 -0.0629088 0)
(0.336981 -0.074825 0)
(0.314504 -0.0883304 0)
(0.288668 -0.103774 0)
(0.259275 -0.121562 0)
(0.226182 -0.142157 0)
(0.189372 -0.166055 0)
(0.149059 -0.193732 0)
(0.105847 -0.225514 0)
(0.0609707 -0.261321 0)
(0.0166058 -0.300189 0)
(-0.0237941 -0.339429 0)
(-0.0552983 -0.373274 0)
(-0.0716798 -0.39098 0)
(-0.0669171 -0.374732 0)
(-0.041538 -0.298744 0)
(-0.0121938 -0.134044 0)
(-0.0177484 0.148552 0)
(-0.0528822 0.302811 0)
(-0.0733004 0.355066 0)
(-0.0658525 0.351042 0)
(-0.0357734 0.321359 0)
(0.00764836 0.283164 0)
(0.0572004 0.244923 0)
(0.108115 0.210173 0)
(0.157526 0.179965 0)
(0.20389 0.154225 0)
(0.246504 0.13245 0)
(0.285155 0.114027 0)
(0.319899 0.0983728 0)
(0.350923 0.0849795 0)
(0.378475 0.0734241 0)
(0.402813 0.0633607 0)
(0.424187 0.0545082 0)
(0.442825 0.0466383 0)
(0.45893 0.0395639 0)
(0.472675 0.0331304 0)
(0.484206 0.0272078 0)
(0.493644 0.0216848 0)
(0.501084 0.0164643 0)
(0.506594 0.0114586 0)
(0.51022 0.00658684 0)
(0.511987 0.0017713 0)
(0.511891 -0.00306517 0)
(0.509909 -0.00800203 0)
(0.505991 -0.0131241 0)
(0.500058 -0.0185247 0)
(0.492005 -0.0243098 0)
(0.481693 -0.0306025 0)
(0.468948 -0.0375488 0)
(0.453558 -0.0453251 0)
(0.435268 -0.054147 0)
(0.41378 -0.0642813 0)
(0.38875 -0.0760597 0)
(0.359799 -0.0898958 0)
(0.326529 -0.106302 0)
(0.288565 -0.125905 0)
(0.24563 -0.14944 0)
(0.197693 -0.177707 0)
(0.145222 -0.211424 0)
(0.0895886 -0.250857 0)
(0.0336783 -0.295026 0)
(-0.0173682 -0.340106 0)
(-0.0554277 -0.376575 0)
(-0.069734 -0.384939 0)
(-0.0532989 -0.330655 0)
(-0.018376 -0.162887 0)
(-0.0258805 0.189373 0)
(-0.0643841 0.333674 0)
(-0.0643979 0.351755 0)
(-0.027277 0.319466 0)
(0.0304582 0.272789 0)
(0.0954965 0.227017 0)
(0.160212 0.187474 0)
(0.220806 0.155012 0)
(0.275732 0.128855 0)
(0.324663 0.107842 0)
(0.36785 0.0908749 0)
(0.405782 0.0770466 0)
(0.439009 0.0656462 0)
(0.468065 0.0561303 0)
(0.493428 0.0480858 0)
(0.515517 0.0411982 0)
(0.534686 0.0352255 0)
(0.551236 0.0299799 0)
(0.565415 0.0253133 0)
(0.57743 0.021107 0)
(0.587447 0.0172639 0)
(0.5956 0.013703 0)
(0.601994 0.0103548 0)
(0.606704 0.00715789 0)
(0.609784 0.0040562 0)
(0.61126 0.000996535 0)
(0.611137 -0.00207361 0)
(0.609393 -0.00520822 0)
(0.605983 -0.00846501 0)
(0.600834 -0.011908 0)
(0.593843 -0.0156105 0)
(0.584873 -0.0196591 0)
(0.573747 -0.0241581 0)
(0.560241 -0.0292365 0)
(0.544078 -0.0350562 0)
(0.524918 -0.0418242 0)
(0.502345 -0.0498083 0)
(0.475856 -0.0593596 0)
(0.444856 -0.0709421 0)
(0.408656 -0.0851719 0)
(0.366497 -0.102864 0)
(0.317624 -0.125075 0)
(0.261458 -0.153111 0)
(0.197968 -0.188403 0)
(0.128382 -0.232024 0)
(0.0564217 -0.283301 0)
(-0.00984261 -0.336559 0)
(-0.0558689 -0.37486 0)
(-0.0627821 -0.358346 0)
(-0.0261688 -0.204117 0)
(-0.0296291 0.246725 0)
(-0.0583983 0.346548 0)
(-0.0119567 0.311496 0)
(0.0703993 0.251533 0)
(0.159094 0.196213 0)
(0.242191 0.152095 0)
(0.315626 0.118861 0)
(0.378753 0.0942102 0)
(0.432436 0.0758241 0)
(0.477996 0.061907 0)
(0.51673 0.0511771 0)
(0.549769 0.0427421 0)
(0.578047 0.0359835 0)
(0.602316 0.0304691 0)
(0.623181 0.0258927 0)
(0.641125 0.0220335 0)
(0.656535 0.0187291 0)
(0.669721 0.0158578 0)
(0.680931 0.0133265 0)
(0.690365 0.0110624 0)
(0.698182 0.00900747 0)
(0.704507 0.00711393 0)
(0.709437 0.0053416 0)
(0.713042 0.00365548 0)
(0.71537 0.00202394 0)
(0.716449 0.000417253 0)
(0.716284 -0.00119378 0)
(0.714859 -0.00283912 0)
(0.712139 -0.00455085 0)
(0.708061 -0.00636477 0)
(0.702539 -0.00832221 0)
(0.695453 -0.0104725 0)
(0.686647 -0.012876 0)
(0.675921 -0.0156088 0)
(0.663019 -0.0187681 0)
(0.647618 -0.0224817 0)
(0.629305 -0.0269203 0)
(0.607558 -0.0323165 0)
(0.581711 -0.038994 0)
(0.55092 -0.0474111 0)
(0.514117 -0.0582279 0)
(0.469976 -0.072406 0)
(0.416916 -0.091346 0)
(0.353224 -0.117046 0)
(0.277526 -0.152153 0)
(0.189954 -0.199436 0)
(0.0943089 -0.259597 0)
(0.00284485 -0.325579 0)
(-0.0528313 -0.364954 0)
(-0.0285072 -0.260371 0)
(0.0100402 0.28671 0)
(0.024863 0.299724 0)
(0.150354 0.214159 0)
(0.281624 0.145882 0)
(0.387787 0.100249 0)
(0.471341 0.0705503 0)
(0.53722 0.0512898 0)
(0.589411 0.0385727 0)
(0.631217 0.0298961 0)
(0.665169 0.0237529 0)
(0.693104 0.019246 0)
(0.716343 0.0158316 0)
(0.73585 0.013171 0)
(0.752335 0.0110462 0)
(0.766331 0.00931248 0)
(0.778243 0.00787027 0)
(0.788382 0.00664925 0)
(0.796991 0.00559826 0)
(0.804261 0.00467915 0)
(0.810339 0.00386267 0)
(0.815345 0.0031259 0)
(0.819369 0.00245029 0)
(0.822481 0.00182043 0)
(0.824732 0.00122304 0)
(0.826158 0.000646259 0)
(0.826777 7.89875e-05 0)
(0.826596 -0.000489619 0)
(0.825604 -0.00107068 0)
(0.823777 -0.00167612 0)
(0.821073 -0.00231932 0)
(0.817432 -0.00301582 0)
(0.812771 -0.00378437 0)
(0.80698 -0.0046482 0)
(0.799917 -0.00563693 0)
(0.791395 -0.00678923 0)
(0.781174 -0.00815686 0)
(0.768942 -0.00981086 0)
(0.754287 -0.0118514 0)
(0.736662 -0.0144237 0)
(0.715333 -0.017746 0)
(0.689295 -0.0221569 0)
(0.657156 -0.028202 0)
(0.616958 -0.0367907 0)
(0.565957 -0.0494754 0)
(0.500467 -0.0689015 0)
(0.415931 -0.0993365 0)
(0.306694 -0.146963 0)
(0.169407 -0.218966 0)
(0.0356164 -0.308497 0)
(0.0145892 -0.294729 0)
(0.301251 0.14701 0)
(0.400424 0.127489 0)
(0.564643 0.0751791 0)
(0.682465 0.042789 0)
(0.752592 0.0251228 0)
(0.797597 0.0154522 0)
(0.828867 0.0100762 0)
(0.851606 0.00698467 0)
(0.868781 0.00510805 0)
(0.882188 0.00389622 0)
(0.892922 0.00306637 0)
(0.901677 0.00246855 0)
(0.908917 0.00201954 0)
(0.914963 0.00167067 0)
(0.920046 0.00139197 0)
(0.924336 0.00116405 0)
(0.92796 0.000973765 0)
(0.931016 0.000811911 0)
(0.933579 0.000671791 0)
(0.935707 0.000548394 0)
(0.937446 0.000437859 0)
(0.938831 0.000337119 0)
(0.93989 0.000243657 0)
(0.940641 0.000155335 0)
(0.941098 7.02556e-05 0)
(0.941268 -1.33384e-05 0)
(0.941153 -9.71578e-05 0)
(0.940751 -0.000182963 0)
(0.940051 -0.000272644 0)
(0.939038 -0.000368336 0)
(0.93769 -0.000472547 0)
(0.935975 -0.000588333 0)
(0.933852 -0.000719542 0)
(0.931265 -0.000871158 0)
(0.928143 -0.00104982 0)
(0.924392 -0.00126462 0)
(0.919886 -0.00152841 0)
(0.914458 -0.00185997 0)
(0.907881 -0.00228795 0)
(0.899835 -0.0028582 0)
(0.889863 -0.00364822 0)
(0.877276 -0.00479703 0)
(0.860996 -0.00656822 0)
(0.83924 -0.00948358 0)
(0.809013 -0.01459 0)
(0.765011 -0.0239421 0)
(0.695657 -0.0414637 0)
(0.577236 -0.074311 0)
(0.408945 -0.128032 0)
(0.304996 -0.148435 0)
)
;

boundaryField
{
    movingWall
    {
        type            fixedValue;
        value           uniform (1 0 0);
    }
    fixedWalls
    {
        type            noSlip;
    }
    frontAndBack
    {
        type            empty;
    }
}


// ************************************************************************* //
