/*--------------------------------*- C++ -*----------------------------------*\
| =========                 |                                                 |
| \\      /  F ield         | OpenFOAM: The Open Source CFD Toolbox           |
|  \\    /   O peration     | Version:  v2012                                 |
|   \\  /    A nd           | Website:  www.openfoam.com                      |
|    \\/     M anipulation  |                                                 |
\*---------------------------------------------------------------------------*/
FoamFile
{
    version     2.0;
    format      ascii;
    class       surfaceScalarField;
    location    "0.1";
    object      phi;
}
// * * * * * * * * * * * * * * * * * * * * * * * * * * * * * * * * * * * * * //

dimensions      [0 3 -1 0 0 0 0];
oriented        oriented;


internalField   nonuniform List<scalar> 
4900
(
1.16784e-09
-1.16769e-09
2.38692e-09
-1.21906e-09
2.4793e-09
-9.23308e-11
1.01233e-09
1.46688e-09
-2.09317e-09
3.10543e-09
-6.75004e-09
4.65687e-09
-1.27899e-08
6.03988e-09
-2.00074e-08
7.21754e-09
-2.81833e-08
8.17589e-09
-3.70964e-08
8.913e-09
-4.653e-08
9.43354e-09
-5.6276e-08
9.74595e-09
-6.61369e-08
9.861e-09
-7.59277e-08
9.79078e-09
-8.54759e-08
9.54822e-09
-9.46227e-08
9.14675e-09
-1.03223e-07
8.60005e-09
-1.11145e-07
7.9219e-09
-1.18271e-07
7.12624e-09
-1.24498e-07
6.22702e-09
-1.29736e-07
5.23836e-09
-1.33911e-07
4.17462e-09
-1.36961e-07
3.05027e-09
-1.38841e-07
1.88018e-09
-1.39521e-07
6.79603e-10
-1.38985e-07
-5.35816e-10
-1.37235e-07
-1.74996e-09
-1.34289e-07
-2.94611e-09
-1.30182e-07
-4.10718e-09
-1.24966e-07
-5.21574e-09
-1.18712e-07
-6.25393e-09
-1.11509e-07
-7.20363e-09
-1.03462e-07
-8.04675e-09
-9.46964e-08
-8.76542e-09
-8.53544e-08
-9.3421e-09
-7.55945e-08
-9.75991e-09
-6.55913e-08
-1.00031e-08
-5.55341e-08
-1.00571e-08
-4.56247e-08
-9.90943e-09
-3.60753e-08
-9.54943e-09
-2.71058e-08
-8.9695e-09
-1.89399e-08
-8.16582e-09
-1.18002e-08
-7.13976e-09
-5.89976e-09
-5.90045e-09
-1.42986e-09
-4.46992e-09
1.46378e-09
-2.89361e-09
2.72446e-09
-1.26064e-09
2.46618e-09
2.58267e-10
1.16182e-09
1.30433e-09
1.16182e-09
1.23355e-09
-2.4013e-09
1.42182e-09
-1.40731e-09
-1.16711e-09
2.49663e-09
-7.32917e-09
7.62904e-09
-1.73104e-08
1.30867e-08
-3.10033e-08
1.83496e-08
-4.80857e-08
2.31223e-08
-6.81132e-08
2.72451e-08
-9.05759e-08
3.06387e-08
-1.14935e-07
3.3272e-08
-1.40644e-07
3.51433e-08
-1.67169e-07
3.627e-08
-1.93989e-07
3.66817e-08
-2.20614e-07
3.64156e-08
-2.4658e-07
3.55144e-08
-2.71458e-07
3.40241e-08
-2.94851e-07
3.19932e-08
-3.16401e-07
2.94715e-08
-3.35784e-07
2.65102e-08
-3.52718e-07
2.31612e-08
-3.66957e-07
1.94774e-08
-3.78296e-07
1.55127e-08
-3.86568e-07
1.13222e-08
-3.91649e-07
6.96195e-09
-3.9346e-07
2.48968e-09
-3.9196e-07
-2.03539e-09
-3.87157e-07
-6.55248e-09
-3.79104e-07
-1.09992e-08
-3.679e-07
-1.53116e-08
-3.53691e-07
-1.94245e-08
-3.36673e-07
-2.32718e-08
-3.1709e-07
-2.67871e-08
-2.95232e-07
-2.99041e-08
-2.7144e-07
-3.25579e-08
-2.46097e-07
-3.46852e-08
-2.1963e-07
-3.62263e-08
-1.92507e-07
-3.7126e-08
-1.6523e-07
-3.73349e-08
-1.38328e-07
-3.68114e-08
-1.12353e-07
-3.5524e-08
-8.78682e-08
-3.34542e-08
-6.54338e-08
-3.06002e-08
-4.55903e-08
-2.69834e-08
-2.88323e-08
-2.26584e-08
-1.55723e-08
-1.77299e-08
-6.08302e-09
-1.23829e-08
-4.0869e-10
-6.93497e-09
1.77089e-09
-1.92133e-09
1.3163e-09
1.75894e-09
2.47813e-09
1.4888e-10
-2.55018e-09
-2.38944e-09
1.1309e-09
-9.26694e-09
9.37407e-09
-2.13094e-08
1.96714e-08
-3.87782e-08
3.05556e-08
-6.15281e-08
4.10995e-08
-8.91339e-08
5.07282e-08
-1.20991e-07
5.91022e-08
-1.56386e-07
6.60334e-08
-1.94546e-07
7.14321e-08
-2.34676e-07
7.52733e-08
-2.75981e-07
7.75757e-08
-3.17687e-07
7.83874e-08
-3.59049e-07
7.7777e-08
-3.99361e-07
7.58271e-08
-4.37967e-07
7.26296e-08
-4.74257e-07
6.82834e-08
-5.07678e-07
6.28924e-08
-5.37731e-07
5.65637e-08
-5.63978e-07
4.94078e-08
-5.86038e-07
4.15374e-08
-6.03593e-07
3.30679e-08
-6.16388e-07
2.41173e-08
-6.24233e-07
1.48064e-08
-6.27002e-07
5.2592e-09
-6.2464e-07
-4.39729e-09
-6.1716e-07
-1.40327e-08
-6.04646e-07
-2.35136e-08
-5.87254e-07
-3.27036e-08
-5.65214e-07
-4.14643e-08
-5.3883e-07
-4.96555e-08
-5.0848e-07
-5.7137e-08
-4.74615e-07
-6.37699e-08
-4.37754e-07
-6.9418e-08
-3.98489e-07
-7.39505e-08
-3.57471e-07
-7.72445e-08
-3.15409e-07
-7.91874e-08
-2.73063e-07
-7.96811e-08
-2.31229e-07
-7.86455e-08
-1.90729e-07
-7.60239e-08
-1.52394e-07
-7.17897e-08
-1.17039e-07
-6.59547e-08
-8.54397e-08
-5.85829e-08
-5.82889e-08
-4.98092e-08
-3.61488e-08
-3.98699e-08
-1.93794e-08
-2.91523e-08
-8.04278e-09
-1.82716e-08
-1.78344e-09
-8.18066e-09
3.2001e-10
-3.44516e-10
2.79812e-09
-1.3652e-09
-1.18496e-09
-7.44876e-09
7.21455e-09
-1.95018e-08
2.14272e-08
-3.81564e-08
3.83259e-08
-6.35547e-08
5.59539e-08
-9.54506e-08
7.29954e-08
-1.33307e-07
8.8585e-08
-1.76385e-07
1.02179e-07
-2.23808e-07
1.13457e-07
-2.74623e-07
1.22247e-07
-3.27838e-07
1.28488e-07
-3.82453e-07
1.32191e-07
-4.37485e-07
1.33419e-07
-4.91983e-07
1.32275e-07
-5.45042e-07
1.28886e-07
-5.95813e-07
1.23401e-07
-6.4351e-07
1.1598e-07
-6.87414e-07
1.06796e-07
-7.26876e-07
9.60263e-08
-7.61326e-07
8.38572e-08
-7.90267e-07
7.04792e-08
-8.13287e-07
5.60879e-08
-8.30054e-07
4.08837e-08
-8.4032e-07
2.5072e-08
-8.43924e-07
8.86372e-09
-8.40796e-07
-7.52535e-09
-8.30955e-07
-2.3874e-08
-8.14512e-07
-3.99559e-08
-7.91675e-07
-5.55408e-08
-7.62745e-07
-7.03948e-08
-7.28118e-07
-8.42825e-08
-6.88286e-07
-9.69686e-08
-6.43835e-07
-1.08221e-07
-5.9544e-07
-1.17813e-07
-5.43862e-07
-1.25528e-07
-4.89942e-07
-1.31165e-07
-4.34589e-07
-1.3454e-07
-3.78773e-07
-1.35497e-07
-3.23508e-07
-1.3391e-07
-2.69835e-07
-1.29697e-07
-2.18796e-07
-1.22828e-07
-1.71411e-07
-1.1334e-07
-1.28637e-07
-1.01357e-07
-9.13279e-08
-8.71182e-08
-6.01757e-08
-7.10221e-08
-3.56425e-08
-5.36855e-08
-1.78769e-08
-3.60373e-08
-6.62191e-09
-1.94356e-08
-1.12319e-09
-5.84327e-09
1.67491e-09
-2.98773e-09
1.80272e-09
-1.29665e-08
1.71932e-08
-3.06382e-08
3.90989e-08
-5.63073e-08
6.39949e-08
-8.98968e-08
8.95435e-08
-1.30998e-07
1.14097e-07
-1.78934e-07
1.36521e-07
-2.32826e-07
1.56071e-07
-2.91654e-07
1.72285e-07
-3.54312e-07
1.84904e-07
-4.19642e-07
1.93818e-07
-4.86477e-07
1.99026e-07
-5.53661e-07
2.00604e-07
-6.20075e-07
1.98689e-07
-6.84648e-07
1.93459e-07
-7.46371e-07
1.85124e-07
-8.04308e-07
1.73917e-07
-8.576e-07
1.60089e-07
-9.05476e-07
1.43902e-07
-9.4725e-07
1.25631e-07
-9.82331e-07
1.0556e-07
-1.01022e-06
8.39798e-08
-1.03053e-06
6.11901e-08
-1.04296e-06
3.74978e-08
-1.04731e-06
1.32179e-08
-1.04351e-06
-1.1327e-08
-1.03158e-06
-3.58064e-08
-1.01165e-06
-5.98835e-08
-9.83973e-07
-8.3215e-08
-9.48914e-07
-1.05454e-07
-9.06946e-07
-1.26251e-07
-8.58656e-07
-1.45259e-07
-8.04742e-07
-1.62134e-07
-7.4601e-07
-1.76545e-07
-6.83364e-07
-1.88174e-07
-6.17801e-07
-1.96729e-07
-5.50398e-07
-2.01944e-07
-4.82299e-07
-2.03596e-07
-4.14698e-07
-2.01511e-07
-3.48814e-07
-1.95581e-07
-2.8587e-07
-1.85773e-07
-2.27052e-07
-1.72158e-07
-1.73478e-07
-1.54931e-07
-1.26147e-07
-1.34449e-07
-8.58875e-08
-1.11282e-07
-5.32947e-08
-8.62783e-08
-2.86683e-08
-6.06637e-08
-1.1951e-08
-3.61529e-08
-2.68581e-09
-1.51085e-08
-1.0109e-09
-4.5875e-09
6.39022e-09
-1.85381e-08
3.11438e-08
-4.19824e-08
6.25432e-08
-7.48306e-08
9.68431e-08
-1.16722e-07
1.31435e-07
-1.67035e-07
1.64409e-07
-2.24919e-07
1.94405e-07
-2.89343e-07
2.20495e-07
-3.59143e-07
2.42085e-07
-4.33066e-07
2.58828e-07
-5.09814e-07
2.70566e-07
-5.88072e-07
2.77283e-07
-6.6654e-07
2.79072e-07
-7.43954e-07
2.76103e-07
-8.19104e-07
2.68609e-07
-8.9085e-07
2.56869e-07
-9.58128e-07
2.41195e-07
-1.01996e-06
2.21925e-07
-1.07548e-06
1.99418e-07
-1.1239e-06
1.74048e-07
-1.16454e-06
1.46204e-07
-1.19685e-06
1.16287e-07
-1.22037e-06
8.47085e-08
-1.23476e-06
5.18917e-08
-1.23981e-06
1.82705e-08
-1.23543e-06
-1.57111e-08
-1.22164e-06
-4.95986e-08
-1.19859e-06
-8.29287e-08
-1.16658e-06
-1.1523e-07
-1.126e-06
-1.46028e-07
-1.07741e-06
-1.74843e-07
-1.02147e-06
-2.01201e-07
-9.58968e-07
-2.24634e-07
-8.90823e-07
-2.44691e-07
-8.18056e-07
-2.60941e-07
-7.41796e-07
-2.72989e-07
-6.6326e-07
-2.80479e-07
-5.83741e-07
-2.83115e-07
-5.04584e-07
-2.80668e-07
-4.27165e-07
-2.73e-07
-3.52858e-07
-2.6008e-07
-2.83004e-07
-2.42011e-07
-2.18872e-07
-2.19063e-07
-1.61608e-07
-1.91713e-07
-1.12195e-07
-1.60695e-07
-7.13973e-08
-1.27076e-07
-3.97159e-08
-9.23451e-08
-1.73587e-08
-5.85101e-08
-4.23339e-09
-2.82338e-08
-5.24427e-09
-6.11392e-09
1.2504e-08
-2.39732e-08
4.9003e-08
-5.31725e-08
9.17426e-08
-9.32091e-08
1.3688e-07
-1.43404e-07
1.8163e-07
-2.02885e-07
2.23891e-07
-2.70602e-07
2.62121e-07
-3.4535e-07
2.95244e-07
-4.25813e-07
3.22548e-07
-5.10596e-07
3.43611e-07
-5.98264e-07
3.58233e-07
-6.87369e-07
3.66389e-07
-7.76485e-07
3.68187e-07
-8.64222e-07
3.6384e-07
-9.49252e-07
3.5364e-07
-1.03032e-06
3.37938e-07
-1.10626e-06
3.17134e-07
-1.176e-06
2.91662e-07
-1.23856e-06
2.61985e-07
-1.2931e-06
2.28588e-07
-1.33887e-06
1.91975e-07
-1.37525e-06
1.52666e-07
-1.40174e-06
1.11198e-07
-1.41797e-06
6.81215e-08
-1.4237e-06
2.40006e-08
-1.41883e-06
-2.05866e-08
-1.40338e-06
-6.50491e-08
-1.37752e-06
-1.08785e-07
-1.34157e-06
-1.51182e-07
-1.29597e-06
-1.91623e-07
-1.24133e-06
-2.29488e-07
-1.17837e-06
-2.64163e-07
-1.10796e-06
-2.95044e-07
-1.0311e-06
-3.21546e-07
-9.48925e-07
-3.43117e-07
-8.62667e-07
-3.59247e-07
-7.73665e-07
-3.69481e-07
-6.83338e-07
-3.73441e-07
-5.93168e-07
-3.70839e-07
-5.04667e-07
-3.615e-07
-4.19356e-07
-3.45391e-07
-3.38722e-07
-3.22645e-07
-2.64185e-07
-2.936e-07
-1.97054e-07
-2.58844e-07
-1.38483e-07
-2.19266e-07
-8.94366e-08
-1.76123e-07
-5.0657e-08
-1.31125e-07
-2.26518e-08
-8.65154e-08
-5.71335e-09
-4.51722e-08
-1.09576e-08
-7.5556e-09
2.00597e-08
-2.92017e-08
7.0649e-08
-6.40514e-08
1.26592e-07
-1.11197e-07
1.84025e-07
-1.69628e-07
2.40061e-07
-2.382e-07
2.92463e-07
-3.15638e-07
3.39559e-07
-4.00551e-07
3.80156e-07
-4.91455e-07
4.13452e-07
-5.86809e-07
4.38966e-07
-6.85043e-07
4.56467e-07
-7.84585e-07
4.65931e-07
-8.83889e-07
4.67491e-07
-9.81456e-07
4.61406e-07
-1.07585e-06
4.48035e-07
-1.16572e-06
4.27811e-07
-1.24982e-06
4.01226e-07
-1.32697e-06
3.68818e-07
-1.39615e-06
3.31163e-07
-1.45643e-06
2.88864e-07
-1.507e-06
2.42549e-07
-1.5472e-06
1.92868e-07
-1.5765e-06
1.40491e-07
-1.59448e-06
8.61043e-08
-1.60089e-06
3.04134e-08
-1.59562e-06
-2.586e-08
-1.57869e-06
-8.19785e-08
-1.55028e-06
-1.37191e-07
-1.51073e-06
-1.90734e-07
-1.46051e-06
-2.41839e-07
-1.40027e-06
-2.89733e-07
-1.33078e-06
-3.33652e-07
-1.25298e-06
-3.72843e-07
-1.16795e-06
-4.0658e-07
-1.07689e-06
-4.34175e-07
-9.81141e-07
-4.54995e-07
-8.82144e-07
-4.68478e-07
-7.81434e-07
-4.74151e-07
-6.80614e-07
-4.71659e-07
-5.81329e-07
-4.60786e-07
-4.85238e-07
-4.41482e-07
-3.93978e-07
-4.13905e-07
-3.09128e-07
-3.7845e-07
-2.32172e-07
-3.35801e-07
-1.6446e-07
-2.86977e-07
-1.07182e-07
-2.33401e-07
-6.13411e-08
-1.76965e-07
-2.77618e-08
-1.20095e-07
-7.11393e-09
-6.582e-08
-1.80715e-08
-8.9188e-09
2.89785e-08
-3.42166e-08
9.59467e-08
-7.45794e-08
1.66955e-07
-1.28715e-07
2.38161e-07
-1.95281e-07
3.06626e-07
-2.72849e-07
3.70032e-07
-3.59906e-07
4.26616e-07
-4.54855e-07
4.75104e-07
-5.56037e-07
5.14635e-07
-6.61758e-07
5.44687e-07
-7.7031e-07
5.65019e-07
-8.79996e-07
5.75618e-07
-9.8916e-07
5.76655e-07
-1.0962e-06
5.68446e-07
-1.19959e-06
5.51423e-07
-1.29788e-06
5.26109e-07
-1.38976e-06
4.93097e-07
-1.47398e-06
4.53039e-07
-1.54944e-06
4.06627e-07
-1.61517e-06
3.54592e-07
-1.67031e-06
2.97694e-07
-1.71416e-06
2.36719e-07
-1.74615e-06
1.72476e-07
-1.76584e-06
1.05798e-07
-1.77297e-06
3.75373e-08
-1.76739e-06
-3.14333e-08
-1.74915e-06
-1.00222e-07
-1.71842e-06
-1.6792e-07
-1.67555e-06
-2.33605e-07
-1.62104e-06
-2.96347e-07
-1.55556e-06
-3.55213e-07
-1.47994e-06
-4.09276e-07
-1.39515e-06
-4.57627e-07
-1.30235e-06
-4.99388e-07
-1.2028e-06
-5.33724e-07
-1.09792e-06
-5.59869e-07
-9.89262e-07
-5.77139e-07
-8.78452e-07
-5.84961e-07
-7.67214e-07
-5.82898e-07
-6.57322e-07
-5.70678e-07
-5.50575e-07
-5.48229e-07
-4.48767e-07
-5.15714e-07
-3.53646e-07
-4.73571e-07
-2.66887e-07
-4.2256e-07
-1.90054e-07
-3.6381e-07
-1.24578e-07
-2.98877e-07
-7.17421e-08
-2.29801e-07
-3.26873e-08
-1.59149e-07
-8.44259e-09
-9.00648e-08
-2.65142e-08
-1.02166e-08
3.91952e-08
-3.90416e-08
1.24772e-07
-8.47808e-08
2.12694e-07
-1.45781e-07
2.99162e-07
-2.20373e-07
3.81217e-07
-3.06842e-07
4.56501e-07
-4.03425e-07
5.23198e-07
-5.08309e-07
5.79989e-07
-6.19651e-07
6.25977e-07
-7.35593e-07
6.60629e-07
-8.54286e-07
6.83712e-07
-9.73911e-07
6.95243e-07
-1.0927e-06
6.95444e-07
-1.20896e-06
6.84701e-07
-1.32106e-06
6.6353e-07
-1.42751e-06
6.32553e-07
-1.52688e-06
5.92474e-07
-1.61791e-06
5.44063e-07
-1.69942e-06
4.8814e-07
-1.7704e-06
4.25568e-07
-1.82995e-06
3.57246e-07
-1.87733e-06
2.84102e-07
-1.91195e-06
2.07091e-07
-1.93334e-06
1.27195e-07
-1.94123e-06
4.54205e-08
-1.93546e-06
-3.72024e-08
-1.91606e-06
-1.19622e-07
-1.88321e-06
-2.00766e-07
-1.83727e-06
-2.79547e-07
-1.77875e-06
-3.54867e-07
-1.70834e-06
-4.25622e-07
-1.6269e-06
-4.90718e-07
-1.53545e-06
-5.49077e-07
-1.43518e-06
-5.99659e-07
-1.32743e-06
-6.41473e-07
-1.21369e-06
-6.73606e-07
-1.09559e-06
-6.95241e-07
-9.74861e-07
-7.05689e-07
-8.53341e-07
-7.04418e-07
-7.32932e-07
-6.91087e-07
-6.15581e-07
-6.65581e-07
-5.03241e-07
-6.28053e-07
-3.97847e-07
-5.78965e-07
-3.01276e-07
-5.1913e-07
-2.15324e-07
-4.49763e-07
-1.41677e-07
-3.72525e-07
-8.19041e-08
-2.89573e-07
-3.74615e-08
-2.03592e-07
-9.71494e-09
-1.17811e-07
-3.62291e-08
-1.14643e-08
5.06594e-08
-4.37145e-08
1.57022e-07
-9.47125e-08
2.63692e-07
-1.62465e-07
3.66914e-07
-2.44985e-07
4.63737e-07
-3.40272e-07
5.51788e-07
-4.46304e-07
6.29231e-07
-5.61046e-07
6.94731e-07
-6.82461e-07
7.47391e-07
-8.0852e-07
7.86688e-07
-9.37231e-07
8.12422e-07
-1.06665e-06
8.2466e-07
-1.19489e-06
8.23691e-07
-1.32018e-06
8.09985e-07
-1.4408e-06
7.84156e-07
-1.55519e-06
7.46937e-07
-1.66187e-06
6.99152e-07
-1.7595e-06
6.41698e-07
-1.84689e-06
5.75528e-07
-1.92297e-06
5.01646e-07
-1.98681e-06
4.21093e-07
-2.03766e-06
3.34944e-07
-2.07487e-06
2.44305e-07
-2.09799e-06
1.50312e-07
-2.1067e-06
5.41285e-08
-2.10084e-06
-4.30553e-08
-2.08044e-06
-1.40024e-07
-2.04567e-06
-2.35537e-07
-1.99688e-06
-3.28336e-07
-1.9346e-06
-4.17148e-07
-1.85953e-06
-5.00696e-07
-1.77254e-06
-5.77707e-07
-1.67469e-06
-6.46928e-07
-1.5672e-06
-7.07144e-07
-1.45148e-06
-7.57197e-07
-1.32907e-06
-7.96013e-07
-1.20168e-06
-8.22629e-07
-1.07115e-06
-8.36223e-07
-9.39416e-07
-8.36152e-07
-8.08518e-07
-8.21984e-07
-6.80554e-07
-7.93545e-07
-5.57651e-07
-7.50956e-07
-4.41938e-07
-6.94678e-07
-3.35512e-07
-6.25556e-07
-2.4041e-07
-5.44864e-07
-1.58589e-07
-4.54346e-07
-9.1909e-08
-3.56254e-07
-4.21339e-08
-2.53367e-07
-1.09495e-08
-1.48996e-07
-4.71786e-08
-1.26769e-08
6.33364e-08
-4.8278e-08
1.92623e-07
-1.04446e-07
3.19861e-07
-1.78866e-07
4.41334e-07
-2.69239e-07
5.54111e-07
-3.73279e-07
6.55827e-07
-4.88704e-07
7.44656e-07
-6.13249e-07
8.19276e-07
-7.44673e-07
8.78815e-07
-8.80775e-07
9.22791e-07
-1.01941e-06
9.51059e-07
-1.15851e-06
9.63758e-07
-1.29608e-06
9.61265e-07
-1.43025e-06
9.44152e-07
-1.55924e-06
9.13145e-07
-1.6814e-06
8.69101e-07
-1.79522e-06
8.12972e-07
-1.89932e-06
7.45792e-07
-1.99245e-06
6.68657e-07
-2.07351e-06
5.82714e-07
-2.14157e-06
4.89154e-07
-2.19583e-06
3.892e-07
-2.23564e-06
2.84115e-07
-2.26052e-06
1.75187e-07
-2.27013e-06
6.37413e-08
-2.26431e-06
-4.88712e-08
-2.24307e-06
-1.61268e-07
-2.20657e-06
-2.72039e-07
-2.15515e-06
-3.79751e-07
-2.08935e-06
-4.82955e-07
-2.00985e-06
-5.80189e-07
-1.91756e-06
-6.69997e-07
-1.81355e-06
-7.50942e-07
-1.69907e-06
-8.21625e-07
-1.57556e-06
-8.80706e-07
-1.44463e-06
-9.26937e-07
-1.30807e-06
-9.59191e-07
-1.1678e-06
-9.76496e-07
-1.02588e-06
-9.78074e-07
-8.84473e-07
-9.63386e-07
-7.45847e-07
-9.32172e-07
-6.12306e-07
-8.84496e-07
-4.86188e-07
-8.20796e-07
-3.69822e-07
-7.41923e-07
-2.65502e-07
-6.49184e-07
-1.75461e-07
-5.44386e-07
-1.01857e-07
-4.29858e-07
-4.67613e-08
-3.08463e-07
-1.21654e-08
-1.83592e-07
-5.9344e-08
-1.38688e-08
7.72052e-08
-5.27748e-08
2.31529e-07
-1.14058e-07
3.81144e-07
-1.95091e-07
5.22367e-07
-2.93271e-07
6.52291e-07
-4.06024e-07
7.68579e-07
-5.30806e-07
8.69438e-07
-6.65116e-07
9.53586e-07
-8.06505e-07
1.0202e-06
-9.52594e-07
1.06888e-06
-1.10108e-06
1.09955e-06
-1.24977e-06
1.11245e-06
-1.39656e-06
1.10806e-06
-1.53949e-06
1.08708e-06
-1.67671e-06
1.05036e-06
-1.80651e-06
9.98901e-07
-1.92733e-06
9.33792e-07
-2.03775e-06
8.56213e-07
-2.1365e-06
7.67411e-07
-2.22247e-06
6.68681e-07
-2.29468e-06
5.61366e-07
-2.35232e-06
4.46844e-07
-2.39474e-06
3.2653e-07
-2.42142e-06
2.01871e-07
-2.43203e-06
7.43503e-08
-2.42639e-06
-5.45186e-08
-2.40447e-06
-1.83187e-07
-2.36643e-06
-3.10074e-07
-2.31261e-06
-4.33571e-07
-2.24352e-06
-5.52045e-07
-2.15986e-06
-6.63852e-07
-2.06251e-06
-7.67344e-07
-1.95256e-06
-8.60889e-07
-1.8313e-06
-9.42893e-07
-1.70018e-06
-1.01182e-06
-1.56087e-06
-1.06624e-06
-1.41523e-06
-1.10483e-06
-1.26527e-06
-1.12646e-06
-1.11315e-06
-1.13019e-06
-9.61201e-07
-1.11534e-06
-8.1183e-07
-1.08154e-06
-6.67544e-07
-1.02878e-06
-5.30896e-07
-9.57444e-07
-4.04463e-07
-8.68356e-07
-2.90807e-07
-7.62841e-07
-1.92451e-07
-6.42741e-07
-1.11856e-07
-5.10453e-07
-5.14019e-08
-3.68917e-07
-1.33812e-08
-2.21612e-07
-7.27252e-08
-1.50526e-08
9.22578e-08
-5.72454e-08
2.73722e-07
-1.23623e-07
4.47521e-07
-2.11249e-07
6.09993e-07
-3.1722e-07
7.58262e-07
-4.38672e-07
8.90032e-07
-5.72796e-07
1.00356e-06
-7.1685e-07
1.09764e-06
-8.68172e-07
1.17153e-06
-1.0242e-06
1.2249e-06
-1.18247e-06
1.25782e-06
-1.34066e-06
1.27063e-06
-1.49656e-06
1.26396e-06
-1.64812e-06
1.23864e-06
-1.79343e-06
1.19567e-06
-1.93072e-06
1.1362e-06
-2.0584e-06
1.06147e-06
-2.17502e-06
9.72831e-07
-2.27928e-06
8.71674e-07
-2.37006e-06
7.59454e-07
-2.44636e-06
6.37667e-07
-2.50736e-06
5.07848e-07
-2.5524e-06
3.71565e-07
-2.58095e-06
2.30421e-07
-2.59265e-06
8.60556e-08
-2.58732e-06
-5.9856e-08
-2.5649e-06
-2.05601e-07
-2.52555e-06
-3.49429e-07
-2.46956e-06
-4.89555e-07
-2.39744e-06
-6.24164e-07
-2.30987e-06
-7.51422e-07
-2.20773e-06
-8.69486e-07
-2.0921e-06
-9.76521e-07
-1.96427e-06
-1.07073e-06
-1.82573e-06
-1.15036e-06
-1.67819e-06
-1.21378e-06
-1.52357e-06
-1.25946e-06
-1.36396e-06
-1.28607e-06
-1.20165e-06
-1.2925e-06
-1.03909e-06
-1.2779e-06
-8.78875e-07
-1.24176e-06
-7.23706e-07
-1.18395e-06
-5.7637e-07
-1.10478e-06
-4.397e-07
-1.00503e-06
-3.16543e-07
-8.85998e-07
-2.09723e-07
-7.49561e-07
-1.22015e-07
-5.98161e-07
-5.61129e-08
-4.3482e-07
-1.46144e-08
-2.63111e-07
-8.73396e-08
-1.62398e-08
1.08498e-07
-6.1727e-08
3.19209e-07
-1.33209e-07
5.19003e-07
-2.27443e-07
7.04227e-07
-3.4122e-07
8.72038e-07
-4.71383e-07
1.0202e-06
-6.14852e-07
1.14703e-06
-7.68639e-07
1.25143e-06
-9.29863e-07
1.33275e-06
-1.09577e-06
1.39081e-06
-1.26375e-06
1.4258e-06
-1.43134e-06
1.43822e-06
-1.59623e-06
1.42885e-06
-1.75628e-06
1.39869e-06
-1.90952e-06
1.34891e-06
-2.05414e-06
1.28082e-06
-2.18852e-06
1.19585e-06
-2.31118e-06
1.09549e-06
-2.42082e-06
9.81311e-07
-2.51629e-06
8.54925e-07
-2.5966e-06
7.17984e-07
-2.66093e-06
5.72179e-07
-2.7086e-06
4.1923e-07
-2.73907e-06
2.60893e-07
-2.75198e-06
9.89624e-08
-2.7471e-06
-6.47313e-08
-2.72439e-06
-2.28314e-07
-2.68395e-06
-3.89869e-07
-2.62606e-06
-5.47439e-07
-2.5512e-06
-6.99025e-07
-2.46002e-06
-8.42602e-07
-2.35338e-06
-9.76126e-07
-2.23235e-06
-1.09755e-06
-2.09821e-06
-1.20486e-06
-1.95248e-06
-1.29609e-06
-1.79689e-06
-1.36937e-06
-1.63341e-06
-1.42294e-06
-1.46422e-06
-1.45526e-06
-1.29172e-06
-1.465e-06
-1.1185e-06
-1.45111e-06
-9.47331e-07
-1.41293e-06
-7.81125e-07
-1.35016e-06
-6.22912e-07
-1.26299e-06
-4.75797e-07
-1.15214e-06
-3.42925e-07
-1.01887e-06
-2.27439e-07
-8.65047e-07
-1.32439e-07
-6.9316e-07
-6.09496e-08
-5.06309e-07
-1.58817e-08
-3.08179e-07
-1.03221e-07
-1.74406e-08
1.25938e-07
-6.62533e-08
3.68022e-07
-1.42882e-07
5.95632e-07
-2.4377e-07
8.05115e-07
-3.65395e-07
9.93664e-07
-5.04304e-07
1.1591e-06
-6.57135e-07
1.29986e-06
-8.20649e-07
1.41494e-06
-9.91742e-07
1.50384e-06
-1.16747e-06
1.56654e-06
-1.34506e-06
1.60339e-06
-1.52191e-06
1.61507e-06
-1.69563e-06
1.60256e-06
-1.86398e-06
1.56705e-06
-2.02496e-06
1.50988e-06
-2.17671e-06
1.43257e-06
-2.31757e-06
1.33672e-06
-2.44608e-06
1.224e-06
-2.56092e-06
1.09615e-06
-2.66095e-06
9.54951e-07
-2.74518e-06
8.02213e-07
-2.81278e-06
6.39778e-07
-2.86307e-06
4.69519e-07
-2.89551e-06
2.93338e-07
-2.90973e-06
1.13177e-07
-2.90547e-06
-6.89826e-08
-2.88268e-06
-2.51113e-07
-2.84141e-06
-4.31136e-07
-2.78192e-06
-6.06924e-07
-2.70465e-06
-7.763e-07
-2.61021e-06
-9.37046e-07
-2.49942e-06
-1.08691e-06
-2.37333e-06
-1.22364e-06
-2.2332e-06
-1.34499e-06
-2.08056e-06
-1.44874e-06
-1.91714e-06
-1.53278e-06
-1.74498e-06
-1.59511e-06
-1.56631e-06
-1.63393e-06
-1.38365e-06
-1.64766e-06
-1.19974e-06
-1.63503e-06
-1.01751e-06
-1.59515e-06
-8.40109e-07
-1.52756e-06
-6.70808e-07
-1.43229e-06
-5.13005e-07
-1.30994e-06
-3.7016e-07
-1.16172e-06
-2.45752e-07
-9.89455e-07
-1.43231e-07
-7.95682e-07
-6.59642e-08
-5.83576e-07
-1.71984e-08
-3.56945e-07
-1.2042e-07
-1.86639e-08
1.44602e-07
-7.08551e-08
4.20213e-07
-1.52701e-07
6.77478e-07
-2.60318e-07
9.12731e-07
-3.89861e-07
1.12321e-06
-5.37566e-07
1.30681e-06
-6.99786e-07
1.46208e-06
-8.73019e-07
1.58817e-06
-1.05393e-06
1.68476e-06
-1.23939e-06
1.752e-06
-1.42645e-06
1.79045e-06
-1.6124e-06
1.80102e-06
-1.79473e-06
1.7849e-06
-1.97116e-06
1.74347e-06
-2.1396e-06
1.67833e-06
-2.29821e-06
1.59117e-06
-2.4453e-06
1.48381e-06
-2.5794e-06
1.3581e-06
-2.69921e-06
1.21596e-06
-2.8036e-06
1.05934e-06
-2.8916e-06
8.90208e-07
-2.96237e-06
7.10556e-07
-3.01526e-06
5.22401e-07
-3.04971e-06
3.2779e-07
-3.06533e-06
1.28802e-07
-3.06188e-06
-7.24401e-08
-3.03923e-06
-2.73763e-07
-2.99743e-06
-4.72935e-07
-2.93668e-06
-6.67667e-07
-2.85738e-06
-8.55607e-07
-2.76008e-06
-1.03435e-06
-2.64556e-06
-1.20143e-06
-2.51482e-06
-1.35438e-06
-2.36911e-06
-1.4907e-06
-2.20991e-06
-1.60794e-06
-2.03898e-06
-1.7037e-06
-1.85837e-06
-1.77572e-06
-1.6704e-06
-1.8219e-06
-1.47767e-06
-1.84038e-06
-1.28306e-06
-1.82964e-06
-1.0897e-06
-1.78852e-06
-9.00933e-07
-1.71632e-06
-7.20322e-07
-1.61291e-06
-5.5156e-07
-1.47871e-06
-3.98445e-07
-1.31483e-06
-2.64813e-07
-1.12309e-06
-1.54486e-07
-9.06009e-07
-7.12067e-08
-6.66855e-07
-1.85791e-08
-4.09572e-07
-1.38999e-07
-1.99183e-08
1.6452e-07
-7.55607e-08
4.75856e-07
-1.62719e-07
7.64637e-07
-2.77166e-07
1.02718e-06
-4.14719e-07
1.26076e-06
-5.71288e-07
1.46338e-06
-7.42925e-07
1.63372e-06
-9.2586e-07
1.77111e-06
-1.11652e-06
1.87542e-06
-1.31158e-06
1.94706e-06
-1.50794e-06
1.98681e-06
-1.70275e-06
1.99583e-06
-1.89341e-06
1.97556e-06
-2.07759e-06
1.92765e-06
-2.25317e-06
1.85391e-06
-2.41827e-06
1.75628e-06
-2.57123e-06
1.63677e-06
-2.7106e-06
1.49746e-06
-2.83508e-06
1.34044e-06
-2.94357e-06
1.16783e-06
-3.03512e-06
9.81761e-07
-3.10893e-06
7.84369e-07
-3.16434e-06
5.7781e-07
-3.20081e-06
3.64261e-07
-3.21794e-06
1.45931e-07
-3.21545e-06
-7.49285e-08
-3.19321e-06
-2.96009e-07
-3.1512e-06
-5.1494e-07
-3.08959e-06
-7.29276e-07
-3.0087e-06
-9.365e-07
-2.90903e-06
-1.13402e-06
-2.79129e-06
-1.31917e-06
-2.65642e-06
-1.48925e-06
-2.50561e-06
-1.64151e-06
-2.34031e-06
-1.77324e-06
-2.16228e-06
-1.88174e-06
-1.97356e-06
-1.96443e-06
-1.77654e-06
-2.01892e-06
-1.57389e-06
-2.04303e-06
-1.36864e-06
-2.03489e-06
-1.16409e-06
-1.99307e-06
-9.63834e-07
-1.91658e-06
-7.71689e-07
-1.80505e-06
-5.9168e-07
-1.65872e-06
-4.27962e-07
-1.47855e-06
-2.8476e-07
-1.26629e-06
-1.66298e-07
-1.02447e-06
-7.67245e-08
-7.56429e-07
-2.00379e-08
-4.66259e-07
-1.59037e-07
-2.12114e-08
1.85732e-07
-8.03967e-08
5.35041e-07
-1.72989e-07
8.57229e-07
-2.94392e-07
1.14858e-06
-4.40064e-07
1.40643e-06
-6.05572e-07
1.62889e-06
-7.86652e-07
1.8148e-06
-9.79251e-07
1.9637e-06
-1.17956e-06
2.07573e-06
-1.38404e-06
2.15154e-06
-1.58944e-06
2.19221e-06
-1.79279e-06
2.19918e-06
-1.99142e-06
2.17419e-06
-2.18293e-06
2.11916e-06
-2.3652e-06
2.03617e-06
-2.53634e-06
1.92742e-06
-2.69472e-06
1.79515e-06
-2.8389e-06
1.64164e-06
-2.96765e-06
1.46919e-06
-3.0799e-06
1.28008e-06
-3.17473e-06
1.07659e-06
-3.25137e-06
8.61015e-07
-3.30919e-06
6.35628e-07
-3.34766e-06
4.02729e-07
-3.36637e-06
1.6464e-07
-3.36503e-06
-7.62699e-08
-3.34346e-06
-3.17577e-07
-3.30162e-06
-5.56782e-07
-3.23959e-06
-7.91301e-07
-3.15763e-06
-1.01846e-06
-3.05616e-06
-1.23549e-06
-2.93581e-06
-1.43952e-06
-2.79743e-06
-1.62763e-06
-2.64214e-06
-1.79681e-06
-2.47133e-06
-1.94404e-06
-2.28673e-06
-2.06634e-06
-2.09036e-06
-2.1608e-06
-1.88464e-06
-2.22464e-06
-1.67234e-06
-2.25533e-06
-1.45658e-06
-2.25065e-06
-1.24086e-06
-2.20879e-06
-1.029e-06
-2.12845e-06
-8.25113e-07
-2.00894e-06
-6.3356e-07
-1.85027e-06
-4.58883e-07
-1.65323e-06
-3.05727e-07
-1.41944e-06
-1.78755e-07
-1.15144e-06
-8.25637e-08
-8.5262e-07
-2.15883e-08
-5.27234e-07
-1.80625e-07
-2.25511e-08
2.08283e-07
-8.53895e-08
5.97879e-07
-1.83559e-07
9.55398e-07
-3.12068e-07
1.27709e-06
-4.65984e-07
1.56035e-06
-6.40511e-07
1.80341e-06
-8.31048e-07
2.00534e-06
-1.03325e-06
2.1659e-06
-1.24304e-06
2.28553e-06
-1.4567e-06
2.36519e-06
-1.67081e-06
2.40631e-06
-1.88229e-06
2.41066e-06
-2.0884e-06
2.3803e-06
-2.28671e-06
2.31747e-06
-2.47508e-06
2.22455e-06
-2.65168e-06
2.10402e-06
-2.81489e-06
1.95836e-06
-2.96333e-06
1.79009e-06
-3.09583e-06
1.60169e-06
-3.21137e-06
1.39562e-06
-3.3091e-06
1.17432e-06
-3.38829e-06
9.40209e-07
-3.44834e-06
6.95677e-07
-3.48874e-06
4.43129e-07
-3.50909e-06
1.84986e-07
-3.50907e-06
-7.6289e-08
-3.48848e-06
-3.38171e-07
-3.44721e-06
-5.98053e-07
-3.38528e-06
-8.53229e-07
-3.30285e-06
-1.10088e-06
-3.20026e-06
-1.33808e-06
-3.07803e-06
-1.56176e-06
-2.9369e-06
-1.76876e-06
-2.77789e-06
-1.95582e-06
-2.60231e-06
-2.11962e-06
-2.41181e-06
-2.25685e-06
-2.2084e-06
-2.36421e-06
-1.99449e-06
-2.43855e-06
-1.7729e-06
-2.47692e-06
-1.54688e-06
-2.47667e-06
-1.32009e-06
-2.43558e-06
-1.09657e-06
-2.35196e-06
-8.80762e-07
-2.22475e-06
-6.77375e-07
-2.05365e-06
-4.91367e-07
-1.83923e-06
-3.2784e-07
-1.58297e-06
-1.91944e-07
-1.28734e-06
-8.87696e-08
-9.55795e-07
-2.32437e-08
-5.9276e-07
-2.03869e-07
-2.39453e-08
2.32228e-07
-9.05665e-08
6.645e-07
-1.94481e-07
1.05931e-06
-3.30266e-07
1.41288e-06
-4.92567e-07
1.72265e-06
-6.76191e-07
1.98704e-06
-8.76179e-07
2.20533e-06
-1.08787e-06
2.37759e-06
-1.30694e-06
2.5046e-06
-1.52944e-06
2.5877e-06
-1.75182e-06
2.62869e-06
-1.97089e-06
2.62973e-06
-2.18386e-06
2.59326e-06
-2.38828e-06
2.52189e-06
-2.58204e-06
2.41832e-06
-2.76334e-06
2.28532e-06
-2.93064e-06
2.12566e-06
-3.08263e-06
1.94208e-06
-3.21822e-06
1.73727e-06
-3.33647e-06
1.51387e-06
-3.43661e-06
1.27446e-06
-3.51798e-06
1.02157e-06
-3.58e-06
7.57702e-07
-3.62221e-06
4.85341e-07
-3.64422e-06
2.06989e-07
-3.64569e-06
-7.48184e-08
-3.62638e-06
-3.57479e-07
-3.58613e-06
-6.38302e-07
-3.52488e-06
-9.1448e-07
-3.44269e-06
-1.18307e-06
-3.33977e-06
-1.441e-06
-3.21652e-06
-1.68501e-06
-3.07355e-06
-1.91172e-06
-2.91175e-06
-2.11761e-06
-2.73232e-06
-2.29906e-06
-2.53679e-06
-2.45237e-06
-2.32712e-06
-2.57388e-06
-2.10569e-06
-2.65998e-06
-1.87535e-06
-2.70726e-06
-1.63943e-06
-2.71259e-06
-1.40176e-06
-2.67325e-06
-1.16663e-06
-2.58709e-06
-9.38768e-07
-2.45261e-06
-7.23277e-07
-2.26915e-06
-5.2556e-07
-2.03695e-06
-3.51221e-07
-1.75731e-06
-2.05948e-07
-1.43261e-06
-9.53873e-08
-1.06636e-06
-2.50176e-08
-6.6313e-07
-2.28886e-07
-2.54031e-08
2.57631e-07
-9.59579e-08
7.35055e-07
-2.05812e-07
1.16917e-06
-3.49066e-07
1.55613e-06
-5.19903e-07
1.89349e-06
-7.12696e-07
2.17983e-06
-9.22101e-07
2.41473e-06
-1.14312e-06
2.59861e-06
-1.37117e-06
2.73265e-06
-1.60208e-06
2.81861e-06
-1.83216e-06
2.85876e-06
-2.05813e-06
2.85571e-06
-2.27717e-06
2.8123e-06
-2.48684e-06
2.73156e-06
-2.68508e-06
2.61656e-06
-2.87016e-06
2.47039e-06
-3.04062e-06
2.29613e-06
-3.19528e-06
2.09674e-06
-3.33314e-06
1.87513e-06
-3.45337e-06
1.63411e-06
-3.5553e-06
1.37639e-06
-3.63833e-06
1.10461e-06
-3.70199e-06
8.21355e-07
-3.74582e-06
5.29178e-07
-3.76946e-06
2.30629e-07
-3.77258e-06
-7.17058e-08
-3.75488e-06
-3.75177e-07
-3.71614e-06
-6.77036e-07
-3.65622e-06
-9.74401e-07
-3.57506e-06
-1.26424e-06
-3.47273e-06
-1.54332e-06
-3.34948e-06
-1.80826e-06
-3.20577e-06
-2.05544e-06
-3.0423e-06
-2.28108e-06
-2.86013e-06
-2.48123e-06
-2.66065e-06
-2.65185e-06
-2.44571e-06
-2.78882e-06
-2.21764e-06
-2.88806e-06
-1.97927e-06
-2.94563e-06
-1.734e-06
-2.95785e-06
-1.4858e-06
-2.92145e-06
-1.2392e-06
-2.8337e-06
-9.99222e-07
-2.69259e-06
-7.71394e-07
-2.49697e-06
-5.61598e-07
-2.24675e-06
-3.75989e-07
-1.94292e-06
-2.20854e-07
-1.58775e-06
-1.02463e-07
-1.18475e-06
-2.69243e-08
-7.38669e-07
-2.55811e-07
-2.69349e-08
2.84566e-07
-1.01598e-07
8.09719e-07
-2.17616e-07
1.28518e-06
-3.68557e-07
1.70707e-06
-5.48091e-07
2.07302e-06
-7.50116e-07
2.38186e-06
-9.68865e-07
2.63348e-06
-1.19899e-06
2.82874e-06
-1.43561e-06
2.96927e-06
-1.67437e-06
3.05738e-06
-1.91143e-06
3.09582e-06
-2.14344e-06
3.08772e-06
-2.36757e-06
3.03643e-06
-2.58142e-06
2.94541e-06
-2.78301e-06
2.81815e-06
-2.97072e-06
2.6581e-06
-3.14322e-06
2.46862e-06
-3.29945e-06
2.25297e-06
-3.43857e-06
2.01424e-06
-3.55987e-06
1.75541e-06
-3.66281e-06
1.47932e-06
-3.7469e-06
1.1887e-06
-3.81172e-06
8.86182e-07
-3.85691e-06
5.74369e-07
-3.88212e-06
2.55834e-07
-3.887e-06
-6.68219e-08
-3.87125e-06
-3.90932e-07
-3.83456e-06
-7.13722e-07
-3.77669e-06
-1.03227e-06
-3.69746e-06
-1.34347e-06
-3.59678e-06
-1.644e-06
-3.47472e-06
-1.93032e-06
-3.33154e-06
-2.19862e-06
-3.16775e-06
-2.44487e-06
-2.98419e-06
-2.66479e-06
-2.78209e-06
-2.85395e-06
-2.56313e-06
-3.00777e-06
-2.32953e-06
-3.12165e-06
-2.08409e-06
-3.19107e-06
-1.83022e-06
-3.21172e-06
-1.57202e-06
-3.17966e-06
-1.31421e-06
-3.09151e-06
-1.06217e-06
-2.94463e-06
-8.21833e-07
-2.73731e-06
-5.99609e-07
-2.46897e-06
-4.02262e-07
-2.14027e-06
-2.36748e-07
-1.75326e-06
-1.10047e-07
-1.31145e-06
-2.89791e-08
-8.19737e-07
-2.8479e-07
-2.85534e-08
3.1312e-07
-1.0753e-07
8.88696e-07
-2.2997e-07
1.40762e-06
-3.88844e-07
1.86594e-06
-5.77247e-07
2.26142e-06
-7.88549e-07
2.59316e-06
-1.01652e-06
2.86145e-06
-1.25543e-06
3.06765e-06
-1.50012e-06
3.21396e-06
-1.746e-06
3.30326e-06
-1.98912e-06
3.33894e-06
-2.2261e-06
3.3247e-06
-2.45411e-06
3.26444e-06
-2.67083e-06
3.16214e-06
-2.87441e-06
3.02172e-06
-3.06335e-06
2.84704e-06
-3.23651e-06
2.64179e-06
-3.393e-06
2.40946e-06
-3.53215e-06
2.15339e-06
-3.65342e-06
1.87669e-06
-3.75642e-06
1.58232e-06
-3.84078e-06
1.27306e-06
-3.90621e-06
9.51606e-07
-3.95239e-06
6.20552e-07
-3.97902e-06
2.82466e-07
-3.98577e-06
-6.00704e-08
-3.97229e-06
-4.0441e-07
-3.93822e-06
-7.47791e-07
-3.88321e-06
-1.08729e-06
-3.80691e-06
-1.41976e-06
-3.70908e-06
-1.74183e-06
-3.58957e-06
-2.04983e-06
-3.44842e-06
-2.33978e-06
-3.28589e-06
-2.6074e-06
-3.10257e-06
-2.84811e-06
-2.89945e-06
-3.05707e-06
-2.67802e-06
-3.22921e-06
-2.44031e-06
-3.35936e-06
-2.18902e-06
-3.44236e-06
-1.92756e-06
-3.47318e-06
-1.66009e-06
-3.44713e-06
-1.39155e-06
-3.36005e-06
-1.12761e-06
-3.20856e-06
-8.74676e-07
-2.99025e-06
-6.39714e-07
-2.70393e-06
-4.3016e-07
-2.34982e-06
-2.53725e-07
-1.9297e-06
-1.18191e-07
-1.44698e-06
-3.11988e-08
-9.06729e-07
-3.15988e-07
-3.02745e-08
3.43394e-07
-1.13806e-07
9.72228e-07
-2.42969e-07
1.53679e-06
-4.10056e-07
2.03303e-06
-6.07513e-07
2.45888e-06
-8.28117e-07
2.81376e-06
-1.06513e-06
3.09846e-06
-1.31241e-06
3.31493e-06
-1.56449e-06
3.46603e-06
-1.81658e-06
3.55536e-06
-2.06463e-06
3.58699e-06
-2.30525e-06
3.56531e-06
-2.53565e-06
3.49485e-06
-2.75366e-06
3.38014e-06
-2.95756e-06
3.22562e-06
-3.14607e-06
3.03555e-06
-3.31825e-06
2.81396e-06
-3.47343e-06
2.56464e-06
-3.61114e-06
2.2911e-06
-3.73107e-06
1.99662e-06
-3.83297e-06
1.68422e-06
-3.91667e-06
1.35676e-06
-3.98197e-06
1.01691e-06
-4.02867e-06
6.67253e-07
-4.05651e-06
3.10309e-07
-4.06519e-06
-5.13979e-08
-4.05431e-06
-4.15284e-07
-4.02346e-06
-7.78644e-07
-3.97216e-06
-1.13859e-06
-3.89992e-06
-1.492e-06
-3.80629e-06
-1.83546e-06
-3.6909e-06
-2.16523e-06
-3.5535e-06
-2.47718e-06
-3.39407e-06
-2.76682e-06
-3.21291e-06
-3.02927e-06
-3.01071e-06
-3.25926e-06
-2.78867e-06
-3.45125e-06
-2.5486e-06
-3.59943e-06
-2.29303e-06
-3.69793e-06
-2.02529e-06
-3.74092e-06
-1.74957e-06
-3.72285e-06
-1.47097e-06
-3.63865e-06
-1.19549e-06
-3.48404e-06
-9.2998e-07
-3.25576e-06
-6.82028e-07
-2.95188e-06
-4.5981e-07
-2.57204e-06
-2.71886e-07
-2.11762e-06
-1.26955e-07
-1.59191e-06
-3.36024e-08
-1.00008e-06
-3.49591e-07
-3.21185e-08
3.75512e-07
-1.20493e-07
1.0606e-06
-2.56734e-07
1.67303e-06
-4.32356e-07
2.20865e-06
-6.39063e-07
2.66559e-06
-8.68963e-07
3.04366e-06
-1.11476e-06
3.34426e-06
-1.36985e-06
3.57003e-06
-1.62847e-06
3.72465e-06
-1.88564e-06
3.81253e-06
-2.13722e-06
3.83857e-06
-2.37985e-06
3.80794e-06
-2.61087e-06
3.72586e-06
-2.82824e-06
3.59752e-06
-3.03049e-06
3.42787e-06
-3.21658e-06
3.22164e-06
-3.38583e-06
2.98321e-06
-3.53783e-06
2.71664e-06
-3.67238e-06
2.42565e-06
-3.78939e-06
2.11363e-06
-3.88886e-06
1.78368e-06
-3.97076e-06
1.43866e-06
-4.03507e-06
1.08122e-06
-4.08169e-06
7.13876e-07
-4.11044e-06
3.3906e-07
-4.12103e-06
-4.08059e-08
-4.11307e-06
-4.23246e-07
-4.08606e-06
-8.05659e-07
-4.0394e-06
-1.18525e-06
-3.97245e-06
-1.55895e-06
-3.88453e-06
-1.92338e-06
-3.775e-06
-2.27475e-06
-3.64332e-06
-2.60886e-06
-3.48915e-06
-2.921e-06
-3.31239e-06
-3.20602e-06
-3.1134e-06
-3.45826e-06
-2.89301e-06
-3.67164e-06
-2.65272e-06
-3.83972e-06
-2.39482e-06
-3.95583e-06
-2.12247e-06
-4.01327e-06
-1.83984e-06
-4.00548e-06
-1.55215e-06
-3.92634e-06
-1.26569e-06
-3.7705e-06
-9.87779e-07
-3.53367e-06
-7.26665e-07
-3.213e-06
-4.91348e-07
-2.80735e-06
-2.91345e-07
-2.31763e-06
-1.36408e-07
-1.74685e-06
-3.62125e-08
-1.10028e-06
-3.85803e-07
-3.41116e-08
4.09624e-07
-1.27676e-07
1.15417e-06
-2.71417e-07
1.81677e-06
-4.55949e-07
2.39319e-06
-6.72117e-07
2.88175e-06
-9.11271e-07
3.28282e-06
-1.16548e-06
3.59847e-06
-1.42768e-06
3.83223e-06
-1.69177e-06
3.98873e-06
-1.9526e-06
4.07336e-06
-2.206e-06
4.09197e-06
-2.44868e-06
4.05061e-06
-2.67814e-06
3.95533e-06
-2.8926e-06
3.81198e-06
-3.09086e-06
3.62613e-06
-3.27219e-06
3.40297e-06
-3.43622e-06
3.14725e-06
-3.58288e-06
2.8633e-06
-3.71225e-06
2.55502e-06
-3.82454e-06
2.22591e-06
-3.91997e-06
1.87911e-06
-3.99875e-06
1.51744e-06
-4.06103e-06
1.1435e-06
-4.10685e-06
7.5969e-07
-4.1361e-06
3.68312e-07
-4.14854e-06
-2.83621e-08
-4.14377e-06
-4.28016e-07
-4.12122e-06
-8.28206e-07
-4.08019e-06
-1.22628e-06
-4.01985e-06
-1.61929e-06
-3.9393e-06
-2.00394e-06
-3.83759e-06
-2.37645e-06
-3.71387e-06
-2.73258e-06
-3.56738e-06
-3.06749e-06
-3.39764e-06
-3.37576e-06
-3.20453e-06
-3.65137e-06
-2.98847e-06
-3.88769e-06
-2.75056e-06
-4.07763e-06
-2.49272e-06
-4.21367e-06
-2.21788e-06
-4.28811e-06
-1.93009e-06
-4.29327e-06
-1.63462e-06
-4.22181e-06
-1.33801e-06
-4.0671e-06
-1.04807e-06
-3.82361e-06
-7.7374e-07
-3.48733e-06
-5.24927e-07
-3.05617e-06
-3.12236e-07
-2.53032e-06
-1.46631e-07
-1.91245e-06
-3.90558e-08
-1.20785e-06
-4.24859e-07
-3.6288e-08
4.45912e-07
-1.35464e-07
1.25334e-06
-2.87217e-07
1.96852e-06
-4.81096e-07
2.58707e-06
-7.06952e-07
3.10761e-06
-9.55265e-07
3.53113e-06
-1.2174e-06
3.8606e-06
-1.48579e-06
4.10062e-06
-1.75399e-06
4.25693e-06
-2.01674e-06
4.33611e-06
-2.26986e-06
4.34509e-06
-2.51022e-06
4.29097e-06
-2.73556e-06
4.18067e-06
-2.94441e-06
4.02083e-06
-3.13593e-06
3.81765e-06
-3.30977e-06
3.5768e-06
-3.46595e-06
3.30343e-06
-3.60475e-06
3.00211e-06
-3.72663e-06
2.6769e-06
-3.8321e-06
2.33138e-06
-3.92168e-06
1.96869e-06
-3.99581e-06
1.59158e-06
-4.05485e-06
1.20254e-06
-4.09898e-06
8.03822e-07
-4.12822e-06
3.97549e-07
-4.14237e-06
-1.42117e-08
-4.14103e-06
-4.29357e-07
-4.12358e-06
-8.45656e-07
-4.0892e-06
-1.26066e-06
-4.03688e-06
-1.67161e-06
-3.96548e-06
-2.07534e-06
-3.87376e-06
-2.46818e-06
-3.76046e-06
-2.84588e-06
-3.62442e-06
-3.20354e-06
-3.46466e-06
-3.53552e-06
-3.28056e-06
-3.83547e-06
-3.07199e-06
-4.09626e-06
-2.83955e-06
-4.31007e-06
-2.5847e-06
-4.46852e-06
-2.31e-06
-4.56282e-06
-2.01927e-06
-4.584e-06
-1.71775e-06
-4.52333e-06
-1.41218e-06
-4.37267e-06
-1.11083e-06
-4.12497e-06
-8.23371e-07
-3.77479e-06
-5.60721e-07
-3.31882e-06
-3.34717e-07
-2.75632e-06
-1.57723e-07
-2.08945e-06
-4.21653e-08
-1.32341e-06
-4.67024e-07
-3.86923e-08
4.84604e-07
-1.44003e-07
1.35865e-06
-3.04383e-07
2.1289e-06
-5.08126e-07
2.79081e-06
-7.43911e-07
3.34339e-06
-1.00122e-06
3.78844e-06
-1.27063e-06
4.13001e-06
-1.54402e-06
4.37401e-06
-1.81466e-06
4.52757e-06
-2.07717e-06
4.59862e-06
-2.32748e-06
4.5954e-06
-2.56267e-06
4.52616e-06
-2.78084e-06
4.39884e-06
-2.98091e-06
4.22091e-06
-3.16249e-06
3.99923e-06
-3.32569e-06
3.74e-06
-3.47098e-06
3.44872e-06
-3.59909e-06
3.13021e-06
-3.71085e-06
2.78867e-06
-3.80714e-06
2.42768e-06
-3.8888e-06
2.05034e-06
-3.95655e-06
1.65933e-06
-4.01096e-06
1.25694e-06
-4.05239e-06
8.45251e-07
-4.08097e-06
4.26136e-07
-4.0966e-06
1.41164e-09
-4.09887e-06
-4.27086e-07
-4.08712e-06
-8.574e-07
-4.06043e-06
-1.28735e-06
-4.01762e-06
-1.71443e-06
-3.95728e-06
-2.13567e-06
-3.87787e-06
-2.54759e-06
-3.77772e-06
-2.94602e-06
-3.6552e-06
-3.32606e-06
-3.50879e-06
-3.68193e-06
-3.33727e-06
-4.00699e-06
-3.13988e-06
-4.29364e-06
-2.91658e-06
-4.53337e-06
-2.66824e-06
-4.71687e-06
-2.3969e-06
-4.83415e-06
-2.10604e-06
-4.87487e-06
-1.80072e-06
-4.82865e-06
-1.4878e-06
-4.68558e-06
-1.17597e-06
-4.43679e-06
-8.7568e-07
-4.07508e-06
-5.98935e-07
-3.59556e-06
-3.58981e-07
-2.99627e-06
-1.69805e-07
-2.27862e-06
-4.55821e-08
-1.44763e-06
-5.12607e-07
-4.13826e-08
5.25987e-07
-1.53475e-07
1.47075e-06
-3.2324e-07
2.29867e-06
-5.37457e-07
3.00503e-06
-7.83421e-07
3.58936e-06
-1.04945e-06
4.05447e-06
-1.32526e-06
4.40582e-06
-1.60215e-06
4.6509e-06
-1.87311e-06
4.79853e-06
-2.13275e-06
4.85826e-06
-2.37717e-06
4.83982e-06
-2.6038e-06
4.7528e-06
-2.8112e-06
4.60623e-06
-2.9988e-06
4.40851e-06
-3.16676e-06
4.16719e-06
-3.31573e-06
3.88897e-06
-3.44671e-06
3.5797e-06
-3.56091e-06
3.24441e-06
-3.65962e-06
2.88737e-06
-3.7441e-06
2.51216e-06
-3.81555e-06
2.12179e-06
-3.87498e-06
1.71875e-06
-3.92319e-06
1.30516e-06
-3.96075e-06
8.82812e-07
-3.98793e-06
4.53317e-07
-4.0047e-06
1.81782e-08
-4.01069e-06
-4.21092e-07
-4.00522e-06
-8.62872e-07
-3.98726e-06
-1.30531e-06
-3.95547e-06
-1.74622e-06
-3.90821e-06
-2.18294e-06
-3.84358e-06
-2.61221e-06
-3.75954e-06
-3.03007e-06
-3.65392e-06
-3.43168e-06
-3.52461e-06
-3.81124e-06
-3.36971e-06
-4.16189e-06
-3.18774e-06
-4.47561e-06
-2.97788e-06
-4.74323e-06
-2.74024e-06
-4.9545e-06
-2.4762e-06
-5.09819e-06
-2.18868e-06
-5.16239e-06
-1.88245e-06
-5.13488e-06
-1.56433e-06
-5.0037e-06
-1.24337e-06
-4.75775e-06
-9.30796e-07
-4.38766e-06
-6.39815e-07
-3.88654e-06
-3.85265e-07
-3.25082e-06
-1.83032e-07
-2.48086e-06
-4.93588e-08
-1.58131e-06
-5.61965e-07
-4.44356e-08
5.70423e-07
-1.64122e-07
1.59043e-06
-3.442e-07
2.47875e-06
-5.69612e-07
3.23044e-06
-8.25998e-07
3.84574e-06
-1.10034e-06
4.3288e-06
-1.38137e-06
4.68685e-06
-1.65982e-06
4.92936e-06
-1.92846e-06
5.06717e-06
-2.18198e-06
5.11177e-06
-2.41681e-06
5.07465e-06
-2.63086e-06
4.96685e-06
-2.82328e-06
4.79865e-06
-2.99415e-06
4.57938e-06
-3.14428e-06
4.31732e-06
-3.27497e-06
4.01966e-06
-3.38781e-06
3.69254e-06
-3.48455e-06
3.34116e-06
-3.56697e-06
2.96979e-06
-3.63678e-06
2.58197e-06
-3.69551e-06
2.18052e-06
-3.7445e-06
1.76774e-06
-3.78481e-06
1.34547e-06
-3.8172e-06
9.15206e-07
-3.84211e-06
4.7822e-07
-3.85959e-06
3.56573e-08
-3.86933e-06
-4.11348e-07
-3.87064e-06
-8.61564e-07
-3.86241e-06
-1.31354e-06
-3.84316e-06
-1.76547e-06
-3.81102e-06
-2.21508e-06
-3.76378e-06
-2.65945e-06
-3.69897e-06
-3.09488e-06
-3.61389e-06
-3.51676e-06
-3.5058e-06
-3.91933e-06
-3.37206e-06
-4.29564e-06
-3.21032e-06
-4.63734e-06
-3.01888e-06
-4.93468e-06
-2.79691e-06
-5.17647e-06
-2.5449e-06
-5.3502e-06
-2.26503e-06
-5.44226e-06
-1.96153e-06
-5.43839e-06
-1.64103e-06
-5.32419e-06
-1.31281e-06
-5.08597e-06
-9.88853e-07
-4.71162e-06
-6.83657e-07
-4.19174e-06
-4.13868e-07
-3.52061e-06
-1.97599e-07
-2.69713e-06
-5.35631e-08
-1.72534e-06
-6.15528e-07
-4.79526e-08
6.18375e-07
-1.76258e-07
1.71874e-06
-3.67792e-07
2.67028e-06
-6.05241e-07
3.46789e-06
-8.72258e-07
4.11276e-06
-1.15427e-06
4.61081e-06
-1.43895e-06
4.97153e-06
-1.71647e-06
5.20688e-06
-1.97949e-06
5.33019e-06
-2.22291e-06
5.3552e-06
-2.44369e-06
5.29542e-06
-2.64039e-06
5.16355e-06
-2.81293e-06
4.97119e-06
-2.9622e-06
4.72864e-06
-3.08976e-06
4.44488e-06
-3.19765e-06
4.12755e-06
-3.28814e-06
3.78303e-06
-3.36356e-06
3.41658e-06
-3.42622e-06
3.03245e-06
-3.47826e-06
2.63401e-06
-3.52161e-06
2.22387e-06
-3.5579e-06
1.80404e-06
-3.58848e-06
1.37604e-06
-3.61429e-06
9.41024e-07
-3.63594e-06
4.99869e-07
-3.6536e-06
5.33182e-08
-3.66703e-06
-3.97921e-07
-3.67553e-06
-8.5306e-07
-3.67797e-06
-1.3111e-06
-3.67273e-06
-1.77071e-06
-3.65776e-06
-2.23005e-06
-3.63056e-06
-2.68665e-06
-3.58822e-06
-3.13722e-06
-3.52756e-06
-3.57743e-06
-3.44514e-06
-4.00175e-06
-3.33752e-06
-4.40326e-06
-3.20143e-06
-4.77343e-06
-3.03409e-06
-5.10202e-06
-2.83358e-06
-5.37698e-06
-2.59927e-06
-5.58451e-06
-2.3323e-06
-5.70923e-06
-2.0361e-06
-5.73458e-06
-1.71688e-06
-5.64341e-06
-1.38396e-06
-5.41889e-06
-1.04998e-06
-5.0456e-06
-7.3082e-07
-4.5109e-06
-4.45171e-07
-3.80626e-06
-2.13762e-07
-2.92853e-06
-5.82842e-08
-1.88082e-06
-6.73813e-07
-5.2068e-08
6.70443e-07
-1.90289e-07
1.85696e-06
-3.94688e-07
2.87468e-06
-6.45146e-07
3.71834e-06
-9.22918e-07
4.39053e-06
-1.21163e-06
4.89952e-06
-1.49783e-06
5.25773e-06
-1.7712e-06
5.48026e-06
-2.02443e-06
5.58341e-06
-2.2529e-06
5.58367e-06
-2.45427e-06
5.4968e-06
-2.62804e-06
5.33732e-06
-2.77506e-06
5.11821e-06
-2.89718e-06
4.85077e-06
-2.99689e-06
4.54459e-06
-3.07704e-06
4.2077e-06
-3.14062e-06
3.84661e-06
-3.19061e-06
3.46657e-06
-3.22984e-06
3.07168e-06
-3.2609e-06
2.66507e-06
-3.28608e-06
2.24905e-06
-3.30735e-06
1.82531e-06
-3.32628e-06
1.39497e-06
-3.34404e-06
9.58781e-07
-3.36137e-06
5.17206e-07
-3.37859e-06
7.05378e-08
-3.39553e-06
-3.80983e-07
-3.41154e-06
-8.37054e-07
-3.42545e-06
-1.29718e-06
-3.4356e-06
-1.76056e-06
-3.43976e-06
-2.22589e-06
-3.43519e-06
-2.69123e-06
-3.41862e-06
-3.15378e-06
-3.38636e-06
-3.60969e-06
-3.33431e-06
-4.0538e-06
-3.25818e-06
-4.47939e-06
-3.1537e-06
-4.87791e-06
-3.0169e-06
-5.23882e-06
-2.84454e-06
-5.54934e-06
-2.63461e-06
-5.79444e-06
-2.38691e-06
-5.95693e-06
-2.10374e-06
-6.01776e-06
-1.7905e-06
-5.95666e-06
-1.45629e-06
-5.7531e-06
-1.11428e-06
-5.38761e-06
-7.81739e-07
-4.84344e-06
-4.79657e-07
-4.10835e-06
-2.31854e-07
-3.17634e-06
-6.36408e-08
-2.04903e-06
-7.37453e-07
-5.69622e-08
7.27405e-07
-2.06753e-07
2.00675e-06
-4.25748e-07
3.09367e-06
-6.90305e-07
3.9829e-06
-9.78773e-07
4.679e-06
-1.27272e-06
5.19347e-06
-1.55754e-06
5.54256e-06
-1.82257e-06
5.74528e-06
-2.06079e-06
5.82163e-06
-2.26834e-06
5.79122e-06
-2.44393e-06
5.67239e-06
-2.58823e-06
5.48162e-06
-2.70329e-06
5.23327e-06
-2.79209e-06
4.93957e-06
-2.85816e-06
4.61066e-06
-2.90525e-06
4.25478e-06
-2.93712e-06
3.87848e-06
-2.9574e-06
3.48685e-06
-2.96943e-06
3.08371e-06
-2.97624e-06
2.67188e-06
-2.98048e-06
2.25329e-06
-2.98439e-06
1.82921e-06
-2.98976e-06
1.40034e-06
-2.99795e-06
9.66977e-07
-3.00988e-06
5.2913e-07
-3.02596e-06
8.66168e-08
-3.04613e-06
-3.60815e-07
-3.0698e-06
-8.13381e-07
-3.09585e-06
-1.27114e-06
-3.12257e-06
-1.73384e-06
-3.14766e-06
-2.2008e-06
-3.16818e-06
-2.6707e-06
-3.18059e-06
-3.14137e-06
-3.18072e-06
-3.60957e-06
-3.16386e-06
-4.07066e-06
-3.12489e-06
-4.51835e-06
-3.05847e-06
-4.94433e-06
-2.95934e-06
-5.33795e-06
-2.82275e-06
-5.68593e-06
-2.64502e-06
-5.97217e-06
-2.42426e-06
-6.17769e-06
-2.16117e-06
-6.28084e-06
-1.85993e-06
-6.2579e-06
-1.529e-06
-6.08403e-06
-1.18179e-06
-5.73482e-06
-8.36932e-07
-5.1883e-06
-5.17949e-07
-4.42733e-06
-2.52319e-07
-3.44197e-06
-6.97936e-08
-2.23156e-06
-8.07247e-07
-6.28801e-08
7.90285e-07
-2.26357e-07
2.17023e-06
-4.62061e-07
3.32938e-06
-7.41885e-07
4.26272e-06
-1.04066e-06
4.97777e-06
-1.33763e-06
5.49044e-06
-1.6171e-06
5.82203e-06
-1.86831e-06
5.99649e-06
-2.08494e-06
6.03826e-06
-2.2643e-06
5.97059e-06
-2.40654e-06
5.81463e-06
-2.51382e-06
5.5889e-06
-2.58966e-06
5.30911e-06
-2.63836e-06
4.98827e-06
-2.66458e-06
4.63688e-06
-2.67302e-06
4.26323e-06
-2.66825e-06
3.87371e-06
-2.65451e-06
3.4731e-06
-2.63564e-06
3.06484e-06
-2.61504e-06
2.65129e-06
-2.59567e-06
2.23392e-06
-2.57999e-06
1.81353e-06
-2.56998e-06
1.39033e-06
-2.56717e-06
9.64162e-07
-2.57258e-06
5.34544e-07
-2.58677e-06
1.00807e-07
-2.60978e-06
-3.37805e-07
-2.64112e-06
-7.8204e-07
-2.67974e-06
-1.23252e-06
-2.72397e-06
-1.68961e-06
-2.7715e-06
-2.15327e-06
-2.81931e-06
-2.62289e-06
-2.86364e-06
-3.09704e-06
-2.89999e-06
-3.57322e-06
-2.92311e-06
-4.04754e-06
-2.9271e-06
-4.51437e-06
-2.90555e-06
-4.96588e-06
-2.85183e-06
-5.39166e-06
-2.75954e-06
-5.77823e-06
-2.62304e-06
-6.10867e-06
-2.43833e-06
-6.3624e-06
-2.20401e-06
-6.51516e-06
-1.92241e-06
-6.53949e-06
-1.60081e-06
-6.40563e-06
-1.25242e-06
-6.08322e-06
-8.96999e-07
-5.54372e-06
-5.60847e-07
-4.76348e-06
-2.75751e-07
-3.72706e-06
-7.69634e-08
-2.43035e-06
-8.84211e-07
-7.01591e-08
8.60445e-07
-2.50045e-07
2.35011e-06
-5.05015e-07
3.58435e-06
-8.01251e-07
4.55896e-06
-1.10933e-06
5.28586e-06
-1.406e-06
5.78711e-06
-1.67465e-06
6.09067e-06
-1.9049e-06
6.22674e-06
-2.09166e-06
6.22502e-06
-2.234e-06
6.11292e-06
-2.33397e-06
5.91461e-06
-2.39563e-06
5.65056e-06
-2.42422e-06
5.33769e-06
-2.4255e-06
4.98955e-06
-2.40537e-06
4.61675e-06
-2.36952e-06
4.22738e-06
-2.32324e-06
3.82744e-06
-2.27136e-06
3.42121e-06
-2.21812e-06
3.0116e-06
-2.16723e-06
2.6004e-06
-2.12185e-06
2.18855e-06
-2.08461e-06
1.77628e-06
-2.05761e-06
1.36333e-06
-2.04248e-06
9.49034e-07
-2.04036e-06
5.32423e-07
-2.0519e-06
1.12351e-07
-2.07727e-06
-3.1244e-07
-2.11609e-06
-7.43217e-07
-2.16744e-06
-1.18117e-06
-2.22977e-06
-1.62728e-06
-2.30085e-06
-2.08219e-06
-2.37769e-06
-2.54605e-06
-2.45647e-06
-3.01826e-06
-2.53248e-06
-3.49721e-06
-2.60008e-06
-3.97995e-06
-2.6527e-06
-4.46174e-06
-2.68296e-06
-4.93562e-06
-2.68287e-06
-5.39175e-06
-2.64423e-06
-5.81687e-06
-2.55921e-06
-6.19369e-06
-2.42126e-06
-6.50034e-06
-2.22628e-06
-6.71015e-06
-1.97403e-06
-6.79174e-06
-1.66976e-06
-6.7099e-06
-1.32577e-06
-6.4272e-06
-9.62596e-07
-5.90689e-06
-6.09373e-07
-5.1167e-06
-3.02953e-07
-4.03348e-06
-8.54592e-08
-2.64784e-06
-9.6967e-07
-7.92734e-08
9.39718e-07
-2.79085e-07
2.54992e-06
-5.56356e-07
3.86162e-06
-8.69922e-07
4.87253e-06
-1.1853e-06
5.60123e-06
-1.47665e-06
6.07846e-06
-1.72692e-06
6.34095e-06
-1.92685e-06
6.42666e-06
-2.07339e-06
6.37156e-06
-2.16806e-06
6.2076e-06
-2.21542e-06
5.96197e-06
-2.22182e-06
5.65696e-06
-2.19446e-06
5.31033e-06
-2.14072e-06
4.93581e-06
-2.06772e-06
4.54376e-06
-1.9821e-06
4.14175e-06
-1.8898e-06
3.73514e-06
-1.79609e-06
3.3275e-06
-1.70551e-06
2.92102e-06
-1.62194e-06
2.51683e-06
-1.54864e-06
2.11524e-06
-1.48829e-06
1.71593e-06
-1.44304e-06
1.31808e-06
-1.41455e-06
9.2055e-07
-1.40403e-06
5.21901e-07
-1.41221e-06
1.2053e-07
-1.43936e-06
-2.85285e-07
-1.48528e-06
-6.97304e-07
-1.54919e-06
-1.11725e-06
-1.62977e-06
-1.5467e-06
-1.72496e-06
-1.987e-06
-1.83195e-06
-2.43906e-06
-1.94703e-06
-2.90318e-06
-2.06547e-06
-3.37876e-06
-2.18145e-06
-3.86397e-06
-2.28795e-06
-4.35525e-06
-2.37677e-06
-4.84679e-06
-2.43868e-06
-5.32984e-06
-2.46366e-06
-5.7919e-06
-2.4415e-06
-6.21584e-06
-2.36272e-06
-6.57912e-06
-2.21982e-06
-6.85304e-06
-2.00909e-06
-7.00248e-06
-1.73268e-06
-6.9863e-06
-1.40093e-06
-6.75895e-06
-1.03436e-06
-6.27346e-06
-6.64829e-07
-5.48624e-06
-3.35026e-07
-4.36329e-06
-9.57226e-08
-2.88714e-06
-1.06539e-06
-9.09059e-08
1.03062e-06
-3.15203e-07
2.77422e-06
-6.18266e-07
4.16468e-06
-9.49452e-07
5.20371e-06
-1.26839e-06
5.92017e-06
-1.5469e-06
6.35697e-06
-1.76837e-06
6.56242e-06
-1.92579e-06
6.58408e-06
-2.01924e-06
6.46501e-06
-2.0536e-06
6.24196e-06
-2.03657e-06
5.94494e-06
-1.97718e-06
5.59758e-06
-1.88481e-06
5.21796e-06
-1.76846e-06
4.81946e-06
-1.63644e-06
4.41174e-06
-1.49614e-06
4.00146e-06
-1.35402e-06
3.59302e-06
-1.21558e-06
3.18906e-06
-1.08548e-06
2.79093e-06
-9.67621e-07
2.39897e-06
-8.65194e-07
2.01282e-06
-7.80812e-07
1.63155e-06
-7.16564e-07
1.25384e-06
-6.74073e-07
8.78058e-07
-6.54533e-07
5.02362e-07
-6.58734e-07
1.24731e-07
-6.87058e-07
-2.56962e-07
-7.39454e-07
-6.44908e-07
-8.15396e-07
-1.04131e-06
-9.13809e-07
-1.44829e-06
-1.03297e-06
-1.86784e-06
-1.1704e-06
-2.30163e-06
-1.32269e-06
-2.75089e-06
-1.48534e-06
-3.21611e-06
-1.65263e-06
-3.69668e-06
-1.81736e-06
-4.19051e-06
-1.97085e-06
-4.6933e-06
-2.10283e-06
-5.19787e-06
-2.20162e-06
-5.6931e-06
-2.25461e-06
-6.16286e-06
-2.24902e-06
-6.58471e-06
-2.17334e-06
-6.92873e-06
-2.0193e-06
-7.15652e-06
-1.78458e-06
-7.22103e-06
-1.476e-06
-7.06753e-06
-1.11275e-06
-6.6367e-06
-7.28831e-07
-5.87016e-06
-3.73492e-07
-4.71862e-06
-1.08401e-07
-3.15224e-06
-1.17379e-06
-1.06069e-07
1.13669e-06
-3.60769e-07
3.02892e-06
-6.934e-07
4.49731e-06
-1.04113e-06
5.55144e-06
-1.35707e-06
6.2361e-06
-1.61153e-06
6.61143e-06
-1.78989e-06
6.74079e-06
-1.88904e-06
6.68323e-06
-1.91364e-06
6.48961e-06
-1.87297e-06
6.20129e-06
-1.77852e-06
5.85049e-06
-1.64233e-06
5.46139e-06
-1.47598e-06
5.0516e-06
-1.29001e-06
4.63349e-06
-1.09367e-06
4.2154e-06
-8.94882e-07
3.80267e-06
-7.00309e-07
3.39844e-06
-5.15461e-07
3.00421e-06
-3.44861e-07
2.62033e-06
-1.92186e-07
2.2463e-06
-6.04128e-08
1.88104e-06
4.80715e-08
1.52306e-06
1.31366e-07
1.17054e-06
1.87985e-07
8.2144e-07
2.16799e-07
4.73547e-07
2.17015e-07
1.24516e-07
1.88159e-07
-2.28106e-07
1.30105e-07
-5.86854e-07
4.311e-08
-9.54311e-07
-7.21061e-08
-1.33307e-06
-2.14258e-07
-1.72569e-06
-3.81355e-07
-2.13454e-06
-5.70522e-07
-2.56173e-06
-7.77787e-07
-3.00884e-06
-9.97834e-07
-3.47664e-06
-1.22374e-06
-3.96461e-06
-1.4467e-06
-4.47034e-06
-1.65588e-06
-4.98869e-06
-1.8383e-06
-5.51068e-06
-1.97909e-06
-6.02207e-06
-2.0621e-06
-6.5017e-06
-2.07122e-06
-6.91961e-06
-1.99251e-06
-7.23523e-06
-1.81748e-06
-7.39606e-06
-1.54727e-06
-7.33774e-06
-1.19763e-06
-6.98635e-06
-8.03308e-07
-6.26448e-06
-4.20467e-07
-5.10147e-06
-1.24468e-07
-3.44823e-06
-1.29826e-06
-1.26311e-07
1.263e-06
-4.19064e-07
3.32167e-06
-7.84821e-07
4.86307e-06
-1.14532e-06
5.91194e-06
-1.44714e-06
6.53792e-06
-1.66098e-06
6.82528e-06
-1.77676e-06
6.85656e-06
-1.79759e-06
6.70406e-06
-1.73448e-06
6.4265e-06
-1.60222e-06
6.06903e-06
-1.4166e-06
5.66487e-06
-1.19278e-06
5.23757e-06
-9.44365e-07
4.80319e-06
-6.83094e-07
4.37222e-06
-4.18774e-07
3.95108e-06
-1.59442e-07
3.54334e-06
8.84231e-08
3.15058e-06
3.19654e-07
2.77298e-06
5.30161e-07
2.40982e-06
7.16718e-07
2.05974e-06
8.76787e-07
1.72097e-06
1.00837e-06
1.39148e-06
1.10988e-06
1.06903e-06
1.18006e-06
7.51254e-07
1.21794e-06
4.35667e-07
1.22276e-06
1.19694e-07
1.19399e-06
-1.99333e-07
1.13131e-06
-5.24178e-07
1.0347e-06
-8.57695e-07
9.04438e-07
-1.20282e-06
7.41279e-07
-1.56253e-06
5.46552e-07
-1.93981e-06
3.22376e-07
-2.33755e-06
7.19035e-08
-2.75837e-06
-2.00372e-07
-3.20436e-06
-4.88253e-07
-3.67673e-06
-7.83436e-07
-4.17515e-06
-1.07511e-06
-4.69701e-06
-1.34964e-06
-5.23615e-06
-1.5904e-06
-5.78131e-06
-1.77811e-06
-6.31399e-06
-1.89179e-06
-6.80593e-06
-1.91086e-06
-7.21616e-06
-1.81866e-06
-7.48826e-06
-1.60789e-06
-7.54851e-06
-1.28752e-06
-7.30672e-06
-8.90357e-07
-6.66164e-06
-4.7891e-07
-5.51291e-06
-1.45439e-07
-3.78171e-06
-1.4437e-06
-1.54085e-07
1.41709e-06
-4.94612e-07
3.6622e-06
-8.95624e-07
5.26408e-06
-1.26004e-06
6.27636e-06
-1.52939e-06
6.80727e-06
-1.67849e-06
6.97437e-06
-1.70564e-06
6.88371e-06
-1.6233e-06
6.62172e-06
-1.45075e-06
6.25395e-06
-1.20921e-06
5.82749e-06
-9.19004e-07
5.37466e-06
-5.98084e-07
4.91665e-06
-2.61572e-07
4.46668e-06
7.82427e-08
4.0324e-06
4.11619e-07
3.6177e-06
7.30982e-07
3.22398e-06
1.03052e-06
2.85104e-06
1.30584e-06
2.49767e-06
1.5536e-06
2.16206e-06
1.7713e-06
1.84203e-06
1.95706e-06
1.53521e-06
2.10943e-06
1.23912e-06
2.22726e-06
9.51199e-07
2.30965e-06
6.68869e-07
2.35582e-06
3.89497e-07
2.36511e-06
1.10398e-07
2.33697e-06
-1.71188e-07
2.27091e-06
-4.58117e-07
2.16658e-06
-7.53367e-07
2.02382e-06
-1.06006e-06
1.84275e-06
-1.38145e-06
1.6239e-06
-1.72096e-06
1.36842e-06
-2.08208e-06
1.07836e-06
-2.46831e-06
7.56973e-07
-2.88297e-06
4.09181e-07
-3.32893e-06
4.20997e-08
-3.80807e-06
-3.34345e-07
-4.32057e-06
-7.06778e-07
-4.86372e-06
-1.05781e-06
-5.43027e-06
-1.36579e-06
-6.00601e-06
-1.60516e-06
-6.56656e-06
-1.74808e-06
-7.07324e-06
-1.76791e-06
-7.46843e-06
-1.6454e-06
-7.67102e-06
-1.378e-06
-7.57412e-06
-9.91728e-07
-7.04791e-06
-5.52901e-07
-5.95174e-06
-1.73736e-07
-4.16087e-06
-1.61744e-06
-1.93372e-07
1.61046e-06
-5.93479e-07
4.06231e-06
-1.02777e-06
5.69837e-06
-1.37804e-06
6.62663e-06
-1.58545e-06
7.01468e-06
-1.63538e-06
7.0243e-06
-1.54014e-06
6.78847e-06
-1.32511e-06
6.40669e-06
-1.0196e-06
5.94844e-06
-6.5164e-07
5.45953e-06
-2.45557e-07
4.96857e-06
1.78767e-07
4.49233e-06
6.05736e-07
4.03971e-06
1.02349e-06
3.61464e-06
1.42324e-06
3.21795e-06
1.79859e-06
2.84863e-06
2.14498e-06
2.50465e-06
2.45922e-06
2.18343e-06
2.73909e-06
1.88219e-06
2.98307e-06
1.59805e-06
3.19012e-06
1.32817e-06
3.35947e-06
1.06977e-06
3.49055e-06
8.20121e-07
3.58285e-06
5.76566e-07
3.6359e-06
3.36455e-07
3.64916e-06
9.71322e-08
3.62209e-06
-1.44112e-07
3.55405e-06
-3.90082e-07
3.44441e-06
-6.43721e-07
3.29251e-06
-9.08159e-07
3.0978e-06
-1.18675e-06
2.85995e-06
-1.4831e-06
2.57897e-06
-1.8011e-06
2.25555e-06
-2.14488e-06
1.89132e-06
-2.51874e-06
1.48938e-06
-2.92699e-06
1.05489e-06
-3.37359e-06
5.9588e-07
-3.86156e-06
1.24183e-07
-4.39202e-06
-3.43508e-07
-4.96258e-06
-7.84661e-07
-5.56486e-06
-1.17036e-06
-6.18086e-06
-1.46585e-06
-6.77775e-06
-1.63321e-06
-7.30107e-06
-1.63759e-06
-7.66664e-06
-1.4586e-06
-7.75311e-06
-1.10742e-06
-7.39909e-06
-6.47832e-07
-6.41133e-06
-2.1332e-07
-4.59538e-06
-1.83076e-06
-2.50731e-07
1.86119e-06
-7.23122e-07
4.5347e-06
-1.17894e-06
6.15419e-06
-1.48096e-06
6.92865e-06
-1.58043e-06
7.11415e-06
-1.48383e-06
6.92769e-06
-1.22451e-06
6.52915e-06
-8.44248e-07
6.02643e-06
-3.83115e-07
5.48731e-06
1.24932e-07
4.95149e-06
6.53132e-07
4.44037e-06
1.18143e-06
3.96402e-06
1.69539e-06
3.52576e-06
2.18492e-06
3.12511e-06
2.64326e-06
2.75961e-06
3.06602e-06
2.42587e-06
3.45048e-06
2.12018e-06
3.7951e-06
1.83882e-06
4.09907e-06
1.57822e-06
4.36206e-06
1.33506e-06
4.58401e-06
1.10622e-06
4.76495e-06
8.88822e-07
4.90493e-06
6.80139e-07
5.00392e-06
4.77581e-07
5.06174e-06
2.78632e-07
5.07807e-06
8.08045e-08
5.05238e-06
-1.18419e-07
4.98394e-06
-3.21643e-07
4.87183e-06
-5.31616e-07
4.71497e-06
-7.51297e-07
4.51214e-06
-9.83917e-07
4.26208e-06
-1.23305e-06
3.96365e-06
-1.50267e-06
3.61599e-06
-1.79722e-06
3.21883e-06
-2.12159e-06
2.77298e-06
-2.48114e-06
2.28091e-06
-2.88152e-06
1.74767e-06
-3.32831e-06
1.18203e-06
-3.82638e-06
5.98027e-07
-4.37858e-06
1.66967e-08
-4.98353e-06
-5.32152e-07
-5.63201e-06
-1.0088e-06
-6.30111e-06
-1.36436e-06
-6.94551e-06
-1.54558e-06
-7.48542e-06
-1.50675e-06
-7.79193e-06
-1.23218e-06
-7.67367e-06
-7.70006e-07
-6.8735e-06
-2.70714e-07
-5.09468e-06
-2.10147e-06
-3.36802e-07
2.19799e-06
-8.9038e-07
5.08828e-06
-1.33486e-06
6.59867e-06
-1.52765e-06
7.12145e-06
-1.45054e-06
7.03704e-06
-1.14586e-06
6.62301e-06
-6.75356e-07
6.05865e-06
-9.87889e-08
5.44987e-06
5.34683e-07
4.85384e-06
1.18812e-06
4.29805e-06
1.83546e-06
3.79303e-06
2.45923e-06
3.34026e-06
3.04828e-06
2.93671e-06
3.59596e-06
2.57742e-06
4.09867e-06
2.2569e-06
4.55479e-06
1.96975e-06
4.96399e-06
1.71098e-06
5.32667e-06
1.47614e-06
5.64364e-06
1.26125e-06
5.91587e-06
1.06283e-06
6.14433e-06
8.77763e-07
6.32987e-06
7.03277e-07
6.47318e-06
5.36833e-07
6.57468e-06
3.76075e-07
6.63455e-06
2.18762e-07
6.65265e-06
6.27036e-08
6.62853e-06
-9.42969e-08
6.5614e-06
-2.5451e-07
6.45012e-06
-4.20343e-07
6.29324e-06
-5.94413e-07
6.08895e-06
-7.79627e-07
5.83517e-06
-9.79269e-07
5.52959e-06
-1.1971e-06
5.16984e-06
-1.43746e-06
4.75363e-06
-1.70539e-06
4.2792e-06
-2.00671e-06
3.74577e-06
-2.34809e-06
3.15444e-06
-2.73698e-06
2.5094e-06
-3.18134e-06
1.81971e-06
-3.68889e-06
1.10175e-06
-4.26556e-06
3.82214e-07
-4.91248e-06
-2.98502e-07
-5.62039e-06
-8.83903e-07
-6.36011e-06
-1.30234e-06
-7.06699e-06
-1.47629e-06
-7.61798e-06
-1.34725e-06
-7.8027e-06
-9.24094e-07
-7.29666e-06
-3.56369e-07
-5.6624e-06
-2.45784e-06
-4.67184e-07
2.66518e-06
-1.09316e-06
5.71425e-06
-1.45089e-06
6.95641e-06
-1.43191e-06
7.10246e-06
-1.08257e-06
6.6877e-06
-4.97949e-07
6.03839e-06
2.28113e-07
5.33259e-06
1.0213e-06
4.65668e-06
1.82923e-06
4.0459e-06
2.61788e-06
3.50939e-06
3.36671e-06
3.04421e-06
4.06437e-06
2.6426e-06
4.7055e-06
2.29558e-06
5.28844e-06
1.99448e-06
5.81374e-06
1.73161e-06
6.2831e-06
1.50039e-06
6.69882e-06
1.29526e-06
7.06339e-06
1.11157e-06
7.37922e-06
9.4542e-07
7.64853e-06
7.93519e-07
7.87325e-06
6.53046e-07
8.05497e-06
5.2155e-07
8.19495e-06
3.96857e-07
8.29403e-06
2.76993e-07
8.35269e-06
1.60108e-07
8.37097e-06
4.4419e-08
8.34852e-06
-7.18506e-08
8.28455e-06
-1.90534e-07
8.17779e-06
-3.13582e-07
8.02651e-06
-4.43133e-07
7.82848e-06
-5.81596e-07
7.58095e-06
-7.31742e-07
7.28067e-06
-8.96818e-07
6.9239e-06
-1.08069e-06
6.50651e-06
-1.288e-06
6.02418e-06
-1.52437e-06
5.47271e-06
-1.79662e-06
4.84868e-06
-2.11295e-06
4.15048e-06
-2.48315e-06
3.38005e-06
-2.91845e-06
2.54549e-06
-3.43101e-06
1.66512e-06
-4.03211e-06
7.72875e-07
-4.72814e-06
-7.51233e-08
-5.51211e-06
-7.95001e-07
-6.34711e-06
-1.2763e-06
-7.13669e-06
-1.40166e-06
-7.67734e-06
-1.10373e-06
-7.59459e-06
-4.85031e-07
-6.2811e-06
-2.94287e-06
-6.56505e-07
3.32168e-06
-1.29245e-06
6.3502e-06
-1.41024e-06
7.07419e-06
-1.02167e-06
6.71389e-06
-2.83232e-07
5.94926e-06
6.47605e-07
5.10755e-06
1.65263e-06
4.32756e-06
2.65562e-06
3.65369e-06
3.61276e-06
3.08876e-06
4.50179e-06
2.62037e-06
5.31361e-06
2.23238e-06
6.0467e-06
1.90951e-06
6.70353e-06
1.63876e-06
7.28845e-06
1.40956e-06
7.80654e-06
1.21352e-06
8.26289e-06
1.04403e-06
8.6623e-06
8.95849e-07
9.00907e-06
7.64796e-07
9.30698e-06
6.47515e-07
9.55923e-06
5.41268e-07
9.7685e-06
4.43778e-07
9.93693e-06
3.5312e-07
1.00662e-05
2.6762e-07
1.01574e-05
1.85787e-07
1.02112e-05
1.06246e-07
1.0228e-05
2.76842e-08
1.02073e-05
-5.11975e-08
1.01485e-05
-1.31737e-07
1.00503e-05
-2.15361e-07
9.91081e-06
-3.03647e-07
9.7276e-06
-3.98389e-07
9.49754e-06
-5.01685e-07
9.21677e-06
-6.16043e-07
8.8806e-06
-7.44518e-07
8.48349e-06
-8.90892e-07
8.01902e-06
-1.05991e-06
7.47997e-06
-1.25757e-06
6.85856e-06
-1.49154e-06
6.14703e-06
-1.77162e-06
5.33884e-06
-2.11026e-06
4.43088e-06
-2.52305e-06
3.42743e-06
-3.02865e-06
2.34668e-06
-3.6474e-06
1.23095e-06
-4.39638e-06
1.60279e-07
-5.27644e-06
-7.3432e-07
-6.24209e-06
-1.27128e-06
-7.14037e-06
-1.26188e-06
-7.60399e-06
-6.68285e-07
-6.8747e-06
-3.61115e-06
-8.88012e-07
4.20969e-06
-1.33347e-06
6.79565e-06
-9.3528e-07
6.676e-06
2.90716e-08
5.74954e-06
1.26053e-06
4.7178e-06
2.55889e-06
3.80919e-06
3.81175e-06
3.0747e-06
4.96621e-06
2.49923e-06
6.00389e-06
2.05108e-06
6.92416e-06
1.7001e-06
7.73447e-06
1.42207e-06
8.44522e-06
1.19876e-06
9.06725e-06
1.01673e-06
9.61068e-06
8.66126e-07
1.00845e-05
7.3972e-07
1.04964e-05
6.32123e-07
1.0853e-05
5.39275e-07
1.11597e-05
4.58067e-07
1.14211e-05
3.86079e-07
1.1641e-05
3.21389e-07
1.18224e-05
2.62439e-07
1.19675e-05
2.07938e-07
1.20784e-05
1.56785e-07
1.21561e-05
1.08012e-07
1.22017e-05
6.07388e-08
1.22152e-05
1.41333e-08
1.21966e-05
-3.26245e-08
1.21453e-05
-8.03769e-08
1.20599e-05
-1.30025e-07
1.19389e-05
-1.82568e-07
1.17796e-05
-2.39157e-07
1.15791e-05
-3.01152e-07
1.13333e-05
-3.70207e-07
1.10371e-05
-4.48374e-07
1.06845e-05
-5.38254e-07
1.02678e-05
-6.43203e-07
9.77783e-06
-7.67626e-07
9.20367e-06
-9.17386e-07
8.53247e-06
-1.10041e-06
7.74973e-06
-1.32753e-06
6.84031e-06
-1.61364e-06
5.79084e-06
-1.97918e-06
4.59509e-06
-2.45164e-06
3.26466e-06
-3.06595e-06
1.84835e-06
-3.86013e-06
4.61997e-07
-4.85573e-06
-6.76482e-07
-6.00189e-06
-1.2323e-06
-7.04817e-06
-8.81401e-07
-7.2256e-06
-4.49256e-06
-1.0153e-06
5.22499e-06
-7.47808e-07
6.52816e-06
5.84042e-07
5.34415e-06
2.29992e-06
4.03366e-06
4.0194e-06
2.99832e-06
5.58434e-06
2.24425e-06
6.94819e-06
1.71086e-06
8.11454e-06
1.33287e-06
9.10558e-06
1.06004e-06
9.94741e-06
8.58274e-07
1.06642e-05
7.05266e-07
1.12766e-05
5.86398e-07
1.18013e-05
4.91971e-07
1.2252e-05
4.15424e-07
1.26395e-05
3.52214e-07
1.29725e-05
2.99123e-07
1.3258e-05
2.53816e-07
1.35015e-05
2.14557e-07
1.37076e-05
1.80031e-07
1.38797e-05
1.49215e-07
1.40209e-05
1.21296e-07
1.41332e-05
9.56083e-08
1.42184e-05
7.15948e-08
1.42776e-05
4.87707e-08
1.43117e-05
2.66996e-08
1.43208e-05
4.97163e-09
1.4305e-05
-1.68151e-08
1.42637e-05
-3.90725e-08
1.41959e-05
-6.22422e-08
1.41002e-05
-8.68169e-08
1.39744e-05
-1.13367e-07
1.38158e-05
-1.42574e-07
1.36209e-05
-1.75275e-07
1.3385e-05
-2.12529e-07
1.31025e-05
-2.55698e-07
1.27659e-05
-3.0658e-07
1.23658e-05
-3.676e-07
1.18905e-05
-4.42098e-07
1.13249e-05
-5.34791e-07
1.06499e-05
-6.52496e-07
9.84158e-06
-8.05323e-07
8.871e-06
-1.0086e-06
7.70532e-06
-1.28596e-06
6.31337e-06
-1.67401e-06
4.68112e-06
-2.22787e-06
2.8468e-06
-3.02142e-06
9.70768e-07
-4.12586e-06
-5.42837e-07
-5.53457e-06
-9.63024e-07
-6.80541e-06
-5.45558e-06
-2.34944e-07
5.45994e-06
1.80406e-06
4.48916e-06
4.40157e-06
2.74664e-06
6.72186e-06
1.71337e-06
8.60688e-06
1.11331e-06
1.00972e-05
7.53947e-07
1.12735e-05
5.34566e-07
1.22103e-05
3.96034e-07
1.2966e-05
3.04335e-07
1.35837e-05
2.40626e-07
1.40945e-05
1.94405e-07
1.45213e-05
1.59615e-07
1.48807e-05
1.32606e-07
1.5185e-05
1.11087e-07
1.54437e-05
9.35536e-08
1.56638e-05
7.89858e-08
1.5851e-05
6.66645e-08
1.60094e-05
5.60685e-08
1.61427e-05
4.68097e-08
1.62533e-05
3.85913e-08
1.63434e-05
3.11801e-08
1.64146e-05
2.43883e-08
1.64682e-05
1.80593e-08
1.65049e-05
1.20587e-08
1.65253e-05
6.26592e-09
1.65297e-05
5.68771e-10
1.6518e-05
-5.14291e-09
1.649e-05
-1.09815e-08
1.64448e-05
-1.7068e-08
1.63815e-05
-2.35375e-08
1.62987e-05
-3.05479e-08
1.61944e-05
-3.82888e-08
1.60661e-05
-4.69957e-08
1.59106e-05
-5.69691e-08
1.57235e-05
-6.86015e-08
1.54993e-05
-8.24194e-08
1.52308e-05
-9.91465e-08
1.49086e-05
-1.19807e-07
1.45197e-05
-1.45899e-07
1.40469e-05
-1.79694e-07
1.34663e-05
-2.2479e-07
1.27449e-05
-2.87159e-07
1.18361e-05
-3.7721e-07
1.0676e-05
-5.13874e-07
9.1803e-06
-7.32164e-07
7.25425e-06
-1.09537e-06
4.84326e-06
-1.71487e-06
2.10373e-06
-2.79504e-06
-1.05738e-07
-4.59594e-06
-5.56132e-06
5.45994e-06
9.9491e-06
1.26957e-05
1.44091e-05
1.55224e-05
1.62764e-05
1.68109e-05
1.7207e-05
1.75113e-05
1.77519e-05
1.79463e-05
1.81059e-05
1.82386e-05
1.83496e-05
1.84432e-05
1.85222e-05
1.85888e-05
1.86449e-05
1.86917e-05
1.87303e-05
1.87615e-05
1.87859e-05
1.88039e-05
1.8816e-05
1.88223e-05
1.88228e-05
1.88177e-05
1.88067e-05
1.87896e-05
1.87661e-05
1.87356e-05
1.86973e-05
1.86503e-05
1.85933e-05
1.85247e-05
1.84423e-05
1.83431e-05
1.82233e-05
1.80774e-05
1.78977e-05
1.76729e-05
1.73858e-05
1.70086e-05
1.64947e-05
1.57625e-05
1.46672e-05
1.29523e-05
1.01573e-05
5.56132e-06
)
;

boundaryField
{
    movingWall
    {
        type            calculated;
        value           uniform 0;
    }
    fixedWalls
    {
        type            calculated;
        value           uniform 0;
    }
    frontAndBack
    {
        type            empty;
        value           nonuniform List<scalar> 0();
    }
}


// ************************************************************************* //
