/*--------------------------------*- C++ -*----------------------------------*\
| =========                 |                                                 |
| \\      /  F ield         | OpenFOAM: The Open Source CFD Toolbox           |
|  \\    /   O peration     | Version:  v2012                                 |
|   \\  /    A nd           | Website:  www.openfoam.com                      |
|    \\/     M anipulation  |                                                 |
\*---------------------------------------------------------------------------*/
FoamFile
{
    version     2.0;
    format      ascii;
    class       volVectorField;
    location    "0.1";
    object      U;
}
// * * * * * * * * * * * * * * * * * * * * * * * * * * * * * * * * * * * * * //

dimensions      [0 1 -1 0 0 0 0];


internalField   nonuniform List<vector> 
2500
(
(3.23748e-05 -3.2292e-05 0)
(9.76236e-05 -4.0089e-05 0)
(0.000135386 -2.05912e-05 0)
(0.000104346 7.89841e-06 0)
(-9.56548e-06 3.74163e-05 0)
(-0.000204814 6.46984e-05 0)
(-0.00047414 8.84485e-05 0)
(-0.000807837 0.000108259 0)
(-0.00119509 0.000124106 0)
(-0.00162478 0.00013613 0)
(-0.00208586 0.000144532 0)
(-0.00256769 0.000149541 0)
(-0.00306008 0.000151395 0)
(-0.00355347 0.000150331 0)
(-0.00403889 0.000146587 0)
(-0.00450805 0.000140393 0)
(-0.00495336 0.000131976 0)
(-0.00536788 0.000121557 0)
(-0.0057454 0.000109354 0)
(-0.00608037 9.55814e-05 0)
(-0.00636798 8.04521e-05 0)
(-0.00660411 6.41819e-05 0)
(-0.00678536 4.69869e-05 0)
(-0.00690907 2.90873e-05 0)
(-0.00697333 1.07111e-05 0)
(-0.006977 -7.90866e-06 0)
(-0.00691973 -2.65304e-05 0)
(-0.00680201 -4.49015e-05 0)
(-0.00662515 -6.27621e-05 0)
(-0.00639134 -7.9846e-05 0)
(-0.00610365 -9.58774e-05 0)
(-0.00576606 -0.000110573 0)
(-0.00538343 -0.000123648 0)
(-0.00496156 -0.000134818 0)
(-0.0045071 -0.000143799 0)
(-0.0040276 -0.000150315 0)
(-0.0035314 -0.000154098 0)
(-0.00302762 -0.000154898 0)
(-0.00252607 -0.00015248 0)
(-0.00203712 -0.000146631 0)
(-0.00157163 -0.000137167 0)
(-0.00114075 -0.000123942 0)
(-0.000755716 -0.000106862 0)
(-0.000427559 -8.59225e-05 0)
(-0.000166586 -6.13004e-05 0)
(1.84135e-05 -3.35747e-05 0)
(0.000121529 -4.20843e-06 0)
(0.000142898 2.33871e-05 0)
(9.86186e-05 4.12391e-05 0)
(3.17771e-05 3.17094e-05 0)
(4.05766e-05 -9.77404e-05 0)
(9.25464e-05 -9.14156e-05 0)
(4.41826e-05 1.48684e-05 0)
(-0.000168079 0.000160488 0)
(-0.000570792 0.000315096 0)
(-0.00116525 0.000462895 0)
(-0.0019392 0.000595667 0)
(-0.00287264 0.000709406 0)
(-0.00394118 0.000802395 0)
(-0.00511824 0.000874184 0)
(-0.00637648 0.000925045 0)
(-0.00768871 0.000955684 0)
(-0.00902847 0.000967068 0)
(-0.0103704 0.000960325 0)
(-0.0116906 0.000936682 0)
(-0.0129668 0.000897428 0)
(-0.0141781 0.00084389 0)
(-0.0153059 0.000777416 0)
(-0.0163329 0.000699366 0)
(-0.0172441 0.000611119 0)
(-0.0180262 0.000514064 0)
(-0.0186679 0.000409616 0)
(-0.0191599 0.00029921 0)
(-0.019495 0.000184314 0)
(-0.019668 6.64332e-05 0)
(-0.019676 -5.28842e-05 0)
(-0.019518 -0.000172046 0)
(-0.0191957 -0.000289414 0)
(-0.0187128 -0.000403303 0)
(-0.0180753 -0.000511993 0)
(-0.017292 -0.000613734 0)
(-0.0163737 -0.000706755 0)
(-0.0153338 -0.000789286 0)
(-0.0141881 -0.000859579 0)
(-0.0129548 -0.000915929 0)
(-0.0116541 -0.000956703 0)
(-0.0103085 -0.000980375 0)
(-0.00894222 -0.00098556 0)
(-0.00758117 -0.000971055 0)
(-0.00625251 -0.000935891 0)
(-0.00498425 -0.000879403 0)
(-0.00380466 -0.000801331 0)
(-0.00274151 -0.00070197 0)
(-0.00182105 -0.00058245 0)
(-0.00106652 -0.000445235 0)
(-0.000495838 -0.000295098 0)
(-0.000118384 -0.000140946 0)
(7.05332e-05 9.26141e-07 0)
(0.000101395 0.000100298 0)
(4.16253e-05 9.86298e-05 0)
(2.21528e-05 -0.000137203 0)
(-1.03022e-05 -4.43154e-05 0)
(-0.000232224 0.000237889 0)
(-0.000699103 0.000603205 0)
(-0.00143636 0.000991994 0)
(-0.00244545 0.00136839 0)
(-0.00371073 0.00171115 0)
(-0.00520543 0.00200832 0)
(-0.00689586 0.00225365 0)
(-0.00874436 0.00244443 0)
(-0.0107114 0.00258021 0)
(-0.0127569 0.00266198 0)
(-0.0148416 0.00269169 0)
(-0.0169272 0.00267194 0)
(-0.0189774 0.00260573 0)
(-0.0209582 0.00249638 0)
(-0.0228377 0.00234737 0)
(-0.024587 0.00216234 0)
(-0.0261796 0.00194502 0)
(-0.0275922 0.00169923 0)
(-0.0288042 0.00142885 0)
(-0.0297981 0.00113784 0)
(-0.0305596 0.000830248 0)
(-0.0310775 0.000510223 0)
(-0.031344 0.000182009 0)
(-0.0313544 -0.000150036 0)
(-0.0311078 -0.000481438 0)
(-0.0306064 -0.000807609 0)
(-0.0298564 -0.00112386 0)
(-0.0288673 -0.00142539 0)
(-0.0276525 -0.00170739 0)
(-0.026229 -0.00196498 0)
(-0.0246177 -0.00219332 0)
(-0.0228427 -0.00238769 0)
(-0.0209319 -0.0025435 0)
(-0.0189164 -0.00265641 0)
(-0.0168304 -0.00272244 0)
(-0.0147106 -0.00273807 0)
(-0.0125961 -0.00270035 0)
(-0.0105276 -0.00260713 0)
(-0.00854664 -0.00245722 0)
(-0.00669462 -0.00225074 0)
(-0.00501174 -0.00198957 0)
(-0.00353524 -0.00167805 0)
(-0.00229723 -0.00132422 0)
(-0.00132176 -0.000941777 0)
(-0.00062074 -0.000553481 0)
(-0.000188285 -0.000196144 0)
(6.38885e-06 7.08784e-05 0)
(2.49634e-05 0.000144505 0)
(-4.9218e-06 -0.000110336 0)
(-0.000152402 0.000163918 0)
(-0.000593813 0.000703567 0)
(-0.00135844 0.0013654 0)
(-0.0024607 0.00206244 0)
(-0.00389797 0.00273807 0)
(-0.0056498 0.00335617 0)
(-0.00768322 0.00389476 0)
(-0.00995709 0.00434126 0)
(-0.0124251 0.00468939 0)
(-0.0150382 0.00493707 0)
(-0.0177462 0.00508515 0)
(-0.0204994 0.00513646 0)
(-0.0232491 0.00509526 0)
(-0.0259489 0.00496673 0)
(-0.0285548 0.00475678 0)
(-0.0310258 0.00447178 0)
(-0.0333243 0.00411845 0)
(-0.035416 0.00370377 0)
(-0.0372704 0.00323495 0)
(-0.0388608 0.00271937 0)
(-0.0401645 0.00216458 0)
(-0.0411627 0.00157833 0)
(-0.0418411 0.000968532 0)
(-0.0421892 0.000343325 0)
(-0.0422015 -0.00028896 0)
(-0.0418764 -0.000919783 0)
(-0.0412174 -0.0015404 0)
(-0.0402322 -0.00214189 0)
(-0.0389337 -0.0027152 0)
(-0.0373393 -0.00325119 0)
(-0.0354711 -0.00374072 0)
(-0.0333563 -0.00417472 0)
(-0.0310262 -0.00454438 0)
(-0.028517 -0.00484119 0)
(-0.0258687 -0.00505722 0)
(-0.0231252 -0.00518523 0)
(-0.0203337 -0.00521894 0)
(-0.017544 -0.0051533 0)
(-0.0148076 -0.00498485 0)
(-0.012177 -0.00471209 0)
(-0.00970419 -0.00433615 0)
(-0.00743896 -0.00386154 0)
(-0.00542725 -0.00329742 0)
(-0.00370846 -0.0026594 0)
(-0.00231246 -0.00197245 0)
(-0.00125538 -0.00127522 0)
(-0.000534635 -0.00062595 0)
(-0.000129068 -0.000111541 0)
(-7.17657e-07 0.000128095 0)
(-3.33431e-05 -2.50588e-06 0)
(-0.000306628 0.000562814 0)
(-0.000989077 0.00144317 0)
(-0.00207426 0.00247026 0)
(-0.00355913 0.0035352 0)
(-0.0054331 0.00456304 0)
(-0.0076688 0.00550338 0)
(-0.0102264 0.00632384 0)
(-0.0130577 0.00700477 0)
(-0.0161089 0.00753551 0)
(-0.0193231 0.00791179 0)
(-0.0226416 0.00813388 0)
(-0.0260063 0.00820534 0)
(-0.0293598 0.0081321 0)
(-0.0326474 0.00792177 0)
(-0.0358169 0.00758321 0)
(-0.0388195 0.00712616 0)
(-0.0416104 0.00656106 0)
(-0.0441487 0.00589881 0)
(-0.0463978 0.00515075 0)
(-0.0483259 0.00432857 0)
(-0.0499058 0.00344426 0)
(-0.0511151 0.00251013 0)
(-0.0519364 0.0015388 0)
(-0.0523576 0.00054321 0)
(-0.0523718 -0.000463373 0)
(-0.0519774 -0.00146737 0)
(-0.0511785 -0.00245491 0)
(-0.0499847 -0.00341186 0)
(-0.0484111 -0.00432391 0)
(-0.0464789 -0.00517664 0)
(-0.0442144 -0.0059557 0)
(-0.04165 -0.00664688 0)
(-0.0388233 -0.00723642 0)
(-0.035777 -0.00771114 0)
(-0.0325589 -0.00805879 0)
(-0.0292209 -0.00826832 0)
(-0.0258188 -0.00833031 0)
(-0.0224114 -0.00823735 0)
(-0.0190591 -0.00798466 0)
(-0.0158234 -0.00757068 0)
(-0.012765 -0.00699803 0)
(-0.00994198 -0.00627462 0)
(-0.0074079 -0.00541531 0)
(-0.00520917 -0.00444425 0)
(-0.00338231 -0.00339821 0)
(-0.00194996 -0.00233141 0)
(-0.000916775 -0.00132142 0)
(-0.000277662 -0.000477787 0)
(-2.79996e-05 3.39635e-05 0)
(-6.04546e-05 0.000187108 0)
(-0.000460414 0.00116091 0)
(-0.0013904 0.0024703 0)
(-0.002805 0.00393213 0)
(-0.00468008 0.00542145 0)
(-0.00699417 0.00684841 0)
(-0.0097109 0.00815007 0)
(-0.0127824 0.00928434 0)
(-0.0161531 0.0102246 0)
(-0.0197621 0.0109555 0)
(-0.0235452 0.0114705 0)
(-0.0274366 0.011769 0)
(-0.0313707 0.0118553 0)
(-0.0352832 0.011737 0)
(-0.0391119 0.0114243 0)
(-0.042798 0.0109294 0)
(-0.0462863 0.0102658 0)
(-0.0495257 0.00944801 0)
(-0.0524698 0.00849158 0)
(-0.0550771 0.00741257 0)
(-0.0573114 0.00622763 0)
(-0.0591414 0.00495393 0)
(-0.060542 0.00360909 0)
(-0.0614932 0.00221119 0)
(-0.0619813 0.000778792 0)
(-0.0619985 -0.0006691 0)
(-0.0615429 -0.00211305 0)
(-0.0606192 -0.00353321 0)
(-0.0592384 -0.00490941 0)
(-0.0574177 -0.00622124 0)
(-0.0551811 -0.00744822 0)
(-0.0525587 -0.00856992 0)
(-0.049587 -0.00956629 0)
(-0.0463089 -0.0104179 0)
(-0.0427727 -0.0111061 0)
(-0.0390324 -0.0116139 0)
(-0.0351469 -0.0119259 0)
(-0.0311791 -0.0120292 0)
(-0.0271953 -0.0119138 0)
(-0.0232637 -0.0115736 0)
(-0.0194536 -0.011007 0)
(-0.0158333 -0.0102183 0)
(-0.0124686 -0.00921929 0)
(-0.00942027 -0.00803079 0)
(-0.0067424 -0.00668555 0)
(-0.00447939 -0.00523173 0)
(-0.00266255 -0.00373766 0)
(-0.00130672 -0.00229722 0)
(-0.000426529 -0.00103722 0)
(-5.41147e-05 -0.000139171 0)
(-8.54935e-05 0.000455284 0)
(-0.000608472 0.00195716 0)
(-0.00178409 0.00378716 0)
(-0.00352822 0.00575475 0)
(-0.00579421 0.0077241 0)
(-0.00854779 0.00959407 0)
(-0.0117418 0.0112915 0)
(-0.0153193 0.0127659 0)
(-0.0192166 0.0139844 0)
(-0.0233654 0.0149275 0)
(-0.0276947 0.0155861 0)
(-0.0321319 0.0159592 0)
(-0.036605 0.0160517 0)
(-0.0410433 0.015873 0)
(-0.0453786 0.0154363 0)
(-0.0495462 0.0147573 0)
(-0.0534853 0.0138535 0)
(-0.0571399 0.0127443 0)
(-0.0604589 0.01145 0)
(-0.0633965 0.00999209 0)
(-0.0659127 0.0083927 0)
(-0.0679735 0.00667475 0)
(-0.0695506 0.00486182 0)
(-0.0706224 0.00297812 0)
(-0.0711735 0.00104846 0)
(-0.0711953 -0.000901726 0)
(-0.0706859 -0.00284646 0)
(-0.0696503 -0.00475923 0)
(-0.0681004 -0.00661313 0)
(-0.0660552 -0.00838096 0)
(-0.063541 -0.0100354 0)
(-0.0605908 -0.0115495 0)
(-0.0572448 -0.0128964 0)
(-0.0535499 -0.0140505 0)
(-0.0495594 -0.0149873 0)
(-0.0453325 -0.0156843 0)
(-0.0409338 -0.0161214 0)
(-0.0364325 -0.0162817 0)
(-0.0319014 -0.0161526 0)
(-0.0274157 -0.0157262 0)
(-0.0230517 -0.015001 0)
(-0.0188849 -0.013983 0)
(-0.0149885 -0.0126876 0)
(-0.0114313 -0.0111414 0)
(-0.00827546 -0.00938528 0)
(-0.00557468 -0.00747774 0)
(-0.00337074 -0.0054992 0)
(-0.00169064 -0.00355669 0)
(-0.000570234 -0.0017896 0)
(-7.82387e-05 -0.000388411 0)
(-0.000108481 0.000797759 0)
(-0.000749259 0.00294622 0)
(-0.00216464 0.00538984 0)
(-0.00423371 0.00793557 0)
(-0.00688718 0.0104409 0)
(-0.0100769 0.0127966 0)
(-0.0137438 0.0149218 0)
(-0.0178206 0.0167593 0)
(-0.022235 0.0182711 0)
(-0.0269109 0.0194341 0)
(-0.0317703 0.0202375 0)
(-0.0367342 0.0206798 0)
(-0.0417243 0.0207671 0)
(-0.0466644 0.020511 0)
(-0.0514808 0.0199276 0)
(-0.0561038 0.0190364 0)
(-0.060468 0.0178598 0)
(-0.0645129 0.0164219 0)
(-0.0681835 0.0147484 0)
(-0.0714306 0.0128667 0)
(-0.074211 0.0108048 0)
(-0.0764879 0.00859194 0)
(-0.0782311 0.00625813 0)
(-0.0794171 0.00383422 0)
(-0.0800293 0.00135184 0)
(-0.0800584 -0.00115663 0)
(-0.079502 -0.00365809 0)
(-0.0783654 -0.00611881 0)
(-0.0766614 -0.00850456 0)
(-0.0744102 -0.0107808 0)
(-0.0716398 -0.0129128 0)
(-0.0683858 -0.0148663 0)
(-0.0646911 -0.0166074 0)
(-0.060606 -0.0181036 0)
(-0.0561879 -0.0193239 0)
(-0.0515004 -0.0202399 0)
(-0.0466132 -0.0208263 0)
(-0.041601 -0.0210621 0)
(-0.0365425 -0.0209311 0)
(-0.0315192 -0.0204238 0)
(-0.0266142 -0.0195383 0)
(-0.0219103 -0.0182819 0)
(-0.0174884 -0.0166731 0)
(-0.0134254 -0.0147441 0)
(-0.00979285 -0.0125426 0)
(-0.00665482 -0.0101362 0)
(-0.00406483 -0.00761537 0)
(-0.00206321 -0.00509733 0)
(-0.000707229 -0.00273042 0)
(-0.000100369 -0.000709749 0)
(-0.000129727 0.00121031 0)
(-0.000883027 0.00412127 0)
(-0.00253103 0.00727179 0)
(-0.00491847 0.0104691 0)
(-0.007954 0.0135671 0)
(-0.0115751 0.0164513 0)
(-0.0157102 0.0190354 0)
(-0.0202808 0.0212573 0)
(-0.025205 0.023075 0)
(-0.0303989 0.0244632 0)
(-0.035777 0.0254098 0)
(-0.0412539 0.0259137 0)
(-0.0467456 0.0259823 0)
(-0.0521702 0.0256299 0)
(-0.0574494 0.0248762 0)
(-0.0625088 0.0237448 0)
(-0.067279 0.0222629 0)
(-0.0716958 0.0204601 0)
(-0.0757009 0.018368 0)
(-0.0792421 0.0160198 0)
(-0.0822737 0.0134502 0)
(-0.0847566 0.0106951 0)
(-0.0866587 0.00779117 0)
(-0.087955 0.00477646 0)
(-0.088628 0.00168979 0)
(-0.0886674 -0.00142904 0)
(-0.0880706 -0.00453939 0)
(-0.086843 -0.00759986 0)
(-0.0849978 -0.0105684 0)
(-0.082556 -0.0134026 0)
(-0.079547 -0.0160601 0)
(-0.0760081 -0.0184985 0)
(-0.0719847 -0.0206764 0)
(-0.0675298 -0.022554 0)
(-0.062704 -0.0240933 0)
(-0.057575 -0.0252593 0)
(-0.0522168 -0.0260212 0)
(-0.0467091 -0.0263529 0)
(-0.0411361 -0.0262349 0)
(-0.0355855 -0.0256549 0)
(-0.030147 -0.0246103 0)
(-0.024911 -0.0231092 0)
(-0.0199663 -0.0211727 0)
(-0.015399 -0.0188371 0)
(-0.0112905 -0.0161564 0)
(-0.00771636 -0.0132055 0)
(-0.00474274 -0.010083 0)
(-0.00242386 -0.00691428 0)
(-0.000837898 -0.00385387 0)
(-0.000120826 -0.00109925 0)
(-0.000149603 0.00168928 0)
(-0.0010108 0.00547563 0)
(-0.00288457 0.00942586 0)
(-0.00558357 0.013349 0)
(-0.0089953 0.0170973 0)
(-0.0130429 0.0205534 0)
(-0.0176415 0.0236275 0)
(-0.0227011 0.0262543 0)
(-0.0281299 0.0283895 0)
(-0.0338352 0.0300063 0)
(-0.039724 0.0310928 0)
(-0.0457044 0.0316487 0)
(-0.0516865 0.0316836 0)
(-0.0575833 0.031215 0)
(-0.0633119 0.0302664 0)
(-0.0687939 0.0288663 0)
(-0.0739562 0.0270471 0)
(-0.0787315 0.024844 0)
(-0.0830586 0.022295 0)
(-0.0868827 0.0194396 0)
(-0.0901561 0.0163194 0)
(-0.0928379 0.0129771 0)
(-0.0948943 0.00945674 0)
(-0.0962993 0.00580367 0)
(-0.097034 0.00206427 0)
(-0.0970875 -0.00171393 0)
(-0.096457 -0.0054824 0)
(-0.0951475 -0.00919171 0)
(-0.0931723 -0.0127917 0)
(-0.0905533 -0.0162316 0)
(-0.0873204 -0.0194608 0)
(-0.0835124 -0.0224287 0)
(-0.0791763 -0.0250859 0)
(-0.0743675 -0.0273844 0)
(-0.0691493 -0.0292789 0)
(-0.0635927 -0.0307274 0)
(-0.0577758 -0.0316926 0)
(-0.0517827 -0.0321432 0)
(-0.0457032 -0.0320551 0)
(-0.0396309 -0.0314132 0)
(-0.0336625 -0.0302131 0)
(-0.0278959 -0.0284628 0)
(-0.0224287 -0.0261853 0)
(-0.0173565 -0.02342 0)
(-0.0127717 -0.0202259 0)
(-0.00876201 -0.0166838 0)
(-0.00540686 -0.0128988 0)
(-0.00277456 -0.00900254 0)
(-0.000963511 -0.00515452 0)
(-0.00014002 -0.00155363 0)
(-0.000168476 0.00223174 0)
(-0.00113391 0.00700351 0)
(-0.00322767 0.0118455 0)
(-0.00623227 0.016569 0)
(-0.0100149 0.0210262 0)
(-0.0144844 0.0250983 0)
(-0.0195427 0.0286937 0)
(-0.0250876 0.0317458 0)
(-0.031017 0.0342093 0)
(-0.037229 0.0360575 0)
(-0.0436229 0.0372792 0)
(-0.0500999 0.0378764 0)
(-0.0565645 0.0378614 0)
(-0.0629245 0.0372556 0)
(-0.0690928 0.036087 0)
(-0.0749871 0.0343894 0)
(-0.0805311 0.0322007 0)
(-0.0856548 0.0295626 0)
(-0.0902945 0.0265194 0)
(-0.0943935 0.0231176 0)
(-0.0979022 0.0194056 0)
(-0.100778 0.0154334 0)
(-0.102986 0.0112527 0)
(-0.104499 0.00691618 0)
(-0.105298 0.00247816 0)
(-0.10537 -0.00200592 0)
(-0.104713 -0.00647939 0)
(-0.10333 -0.0108845 0)
(-0.101236 -0.0151627 0)
(-0.0984512 -0.0192547 0)
(-0.0950075 -0.023101 0)
(-0.0909439 -0.0266427 0)
(-0.0863086 -0.0298215 0)
(-0.0811589 -0.0325812 0)
(-0.0755603 -0.0348683 0)
(-0.0695867 -0.0366331 0)
(-0.0633197 -0.0378315 0)
(-0.0568481 -0.0384259 0)
(-0.0502665 -0.038387 0)
(-0.0436749 -0.0376959 0)
(-0.0371769 -0.0363456 0)
(-0.0308786 -0.0343433 0)
(-0.0248868 -0.0317122 0)
(-0.0193074 -0.0284942 0)
(-0.0142443 -0.0247517 0)
(-0.00979809 -0.0205702 0)
(-0.00606204 -0.0160602 0)
(-0.00311859 -0.0113583 0)
(-0.00108571 -0.00662828 0)
(-0.000158371 -0.0020705 0)
(-0.00018667 0.00283556 0)
(-0.00125371 0.00870048 0)
(-0.00356318 0.0145255 0)
(-0.00686885 0.0201242 0)
(-0.0110183 0.0253493 0)
(-0.0159063 0.0300821 0)
(-0.0214213 0.0342308 0)
(-0.0274488 0.0377286 0)
(-0.0338758 0.040531 0)
(-0.0405912 0.0426124 0)
(-0.047486 0.0439639 0)
(-0.0544548 0.0445905 0)
(-0.0613958 0.0445084 0)
(-0.0682121 0.0437435 0)
(-0.0748124 0.0423292 0)
(-0.081111 0.0403049 0)
(-0.0870287 0.037715 0)
(-0.0924929 0.0346076 0)
(-0.097438 0.0310339 0)
(-0.101806 0.0270475 0)
(-0.105545 0.0227041 0)
(-0.108612 0.0180614 0)
(-0.11097 0.0131782 0)
(-0.112593 0.00811545 0)
(-0.113458 0.00293512 0)
(-0.113554 -0.00229919 0)
(-0.112876 -0.00752255 0)
(-0.111429 -0.0126687 0)
(-0.109226 -0.0176705 0)
(-0.106288 -0.0224598 0)
(-0.102645 -0.0269683 0)
(-0.0983386 -0.0311277 0)
(-0.0934164 -0.034871 0)
(-0.0879372 -0.038133 0)
(-0.0819684 -0.0408513 0)
(-0.0755864 -0.0429682 0)
(-0.0688761 -0.0444315 0)
(-0.0619304 -0.0451967 0)
(-0.054849 -0.0452286 0)
(-0.0477382 -0.044503 0)
(-0.040709 -0.0430096 0)
(-0.0338757 -0.0407532 0)
(-0.0273551 -0.0377567 0)
(-0.021264 -0.0340627 0)
(-0.0157186 -0.0297361 0)
(-0.0108329 -0.0248658 0)
(-0.00671442 -0.0195667 0)
(-0.00345983 -0.0139799 0)
(-0.00120625 -0.00827282 0)
(-0.00017627 -0.00264844 0)
(-0.000204472 0.00349936 0)
(-0.00137153 0.0105635 0)
(-0.00389403 0.0174623 0)
(-0.00749794 0.0240109 0)
(-0.0120117 0.0300635 0)
(-0.0173161 0.0355022 0)
(-0.0232859 0.0402363 0)
(-0.0297943 0.0442004 0)
(-0.036717 0.0473518 0)
(-0.0439332 0.0496679 0)
(-0.0513258 0.051143 0)
(-0.058782 0.0517863 0)
(-0.0661945 0.051619 0)
(-0.0734613 0.0506724 0)
(-0.080487 0.048986 0)
(-0.0871829 0.0466058 0)
(-0.093467 0.0435827 0)
(-0.0992649 0.0399721 0)
(-0.104509 0.0358324 0)
(-0.10914 0.0312245 0)
(-0.113106 0.0262117 0)
(-0.116361 0.0208592 0)
(-0.11887 0.0152337 0)
(-0.120603 0.00940377 0)
(-0.121538 0.00343948 0)
(-0.121664 -0.00258746 0)
(-0.120974 -0.00860378 0)
(-0.119472 -0.0145347 0)
(-0.11717 -0.0203042 0)
(-0.11409 -0.0258353 0)
(-0.110261 -0.0310503 0)
(-0.105723 -0.0358718 0)
(-0.100526 -0.040223 0)
(-0.0947288 -0.0440294 0)
(-0.0883995 -0.0472193 0)
(-0.0816171 -0.0497257 0)
(-0.0744693 -0.0514878 0)
(-0.067053 -0.0524532 0)
(-0.059473 -0.0525794 0)
(-0.0518418 -0.0518363 0)
(-0.044278 -0.0502084 0)
(-0.036905 -0.0476974 0)
(-0.0298495 -0.0443241 0)
(-0.0232403 -0.0401308 0)
(-0.0172063 -0.0351837 0)
(-0.0118758 -0.0295742 0)
(-0.00737067 -0.0234205 0)
(-0.00380233 -0.0168679 0)
(-0.00132687 -0.0100878 0)
(-0.000194075 -0.00328698 0)
(-0.000222129 0.00422242 0)
(-0.00148858 0.0125911 0)
(-0.00422306 0.0206539 0)
(-0.00812412 0.0282274 0)
(-0.0130013 0.0351673 0)
(-0.0187213 0.0413574 0)
(-0.0251454 0.0467091 0)
(-0.0321337 0.0511597 0)
(-0.0395508 0.05467 0)
(-0.0472658 0.0572213 0)
(-0.0551532 0.0588129 0)
(-0.0630931 0.0594593 0)
(-0.070972 0.0591878 0)
(-0.0786834 0.0580363 0)
(-0.086128 0.056051 0)
(-0.093214 0.0532851 0)
(-0.0998575 0.0497971 0)
(-0.105982 0.0456499 0)
(-0.111519 0.0409093 0)
(-0.116408 0.0356442 0)
(-0.120596 0.0299254 0)
(-0.124038 0.0238257 0)
(-0.126697 0.0174198 0)
(-0.128542 0.0107839 0)
(-0.129552 0.00399607 0)
(-0.129712 -0.0028639 0)
(-0.129018 -0.00971443 0)
(-0.127471 -0.0164722 0)
(-0.125082 -0.0230524 0)
(-0.121872 -0.0293689 0)
(-0.11787 -0.0353346 0)
(-0.113115 -0.0408624 0)
(-0.107656 -0.0458658 0)
(-0.101552 -0.0502599 0)
(-0.0948731 -0.0539632 0)
(-0.0876987 -0.0568986 0)
(-0.0801196 -0.0589959 0)
(-0.0722363 -0.0601933 0)
(-0.0641587 -0.0604399 0)
(-0.0560056 -0.0596983 0)
(-0.0479031 -0.0579468 0)
(-0.0399842 -0.055182 0)
(-0.0323864 -0.0514215 0)
(-0.0252507 -0.0467061 0)
(-0.0187196 -0.0411018 0)
(-0.0129361 -0.0347014 0)
(-0.00803758 -0.0276263 0)
(-0.00415013 -0.0200254 0)
(-0.00144924 -0.0120749 0)
(-0.000212111 -0.00398656 0)
(-0.000239848 0.00500464 0)
(-0.00160593 0.0147828 0)
(-0.00455288 0.0241 0)
(-0.00875175 0.0327736 0)
(-0.0139931 0.0406606 0)
(-0.0201295 0.0476475 0)
(-0.0270082 0.0536488 0)
(-0.0344764 0.0586058 0)
(-0.0423869 0.0624841 0)
(-0.0505988 0.0652704 0)
(-0.0589777 0.0669703 0)
(-0.0673967 0.0676051 0)
(-0.0757364 0.0672094 0)
(-0.0838855 0.0658286 0)
(-0.0917413 0.0635168 0)
(-0.0992094 0.0603354 0)
(-0.106204 0.0563508 0)
(-0.112647 0.0516339 0)
(-0.11847 0.0462587 0)
(-0.123611 0.0403018 0)
(-0.128017 0.033842 0)
(-0.131642 0.0269597 0)
(-0.13445 0.0197373 0)
(-0.136409 0.0122588 0)
(-0.137497 0.00461006 0)
(-0.137699 -0.00312116 0)
(-0.137009 -0.0108451 0)
(-0.135428 -0.0184702 0)
(-0.132965 -0.0259026 0)
(-0.12964 -0.0330472 0)
(-0.125479 -0.0398073 0)
(-0.120522 -0.046086 0)
(-0.114815 -0.0517862 0)
(-0.108418 -0.0568127 0)
(-0.101401 -0.061073 0)
(-0.0938454 -0.0644793 0)
(-0.0858427 -0.0669504 0)
(-0.0774972 -0.0684144 0)
(-0.0689238 -0.0688104 0)
(-0.0602473 -0.0680922 0)
(-0.0516021 -0.0662301 0)
(-0.0431306 -0.0632144 0)
(-0.0349818 -0.0590578 0)
(-0.0273094 -0.0537979 0)
(-0.0202705 -0.0474996 0)
(-0.0140235 -0.0402563 0)
(-0.00872182 -0.0321915 0)
(-0.00450713 -0.0234582 0)
(-0.00157494 -0.0142377 0)
(-0.000230673 -0.00474848 0)
(-0.000257811 0.00584645 0)
(-0.00172458 0.0171398 0)
(-0.00488587 0.0278021 0)
(-0.00938484 0.0376509 0)
(-0.0149927 0.046545 0)
(-0.0215474 0.0543738 0)
(-0.0288822 0.0610561 0)
(-0.0368305 0.0665384 0)
(-0.0452335 0.0707925 0)
(-0.0539398 0.0738123 0)
(-0.0628063 0.075611 0)
(-0.0716986 0.0762181 0)
(-0.0804918 0.0756768 0)
(-0.0890701 0.0740414 0)
(-0.0973275 0.071375 0)
(-0.105167 0.0677477 0)
(-0.112502 0.0632349 0)
(-0.119254 0.0579159 0)
(-0.125353 0.0518731 0)
(-0.130738 0.0451913 0)
(-0.135356 0.0379572 0)
(-0.139161 0.0302589 0)
(-0.142116 0.0221863 0)
(-0.14419 0.0138312 0)
(-0.14536 0.00528679 0)
(-0.145611 -0.00335139 0)
(-0.144935 -0.0119857 0)
(-0.143331 -0.0205163 0)
(-0.140808 -0.0288408 0)
(-0.137383 -0.036855 0)
(-0.133081 -0.0444526 0)
(-0.127938 -0.0515264 0)
(-0.122002 -0.057969 0)
(-0.115329 -0.0636736 0)
(-0.107989 -0.0685364 0)
(-0.100065 -0.0724576 0)
(-0.0916485 -0.0753443 0)
(-0.0828479 -0.0771124 0)
(-0.0737822 -0.0776901 0)
(-0.0645824 -0.0770203 0)
(-0.0553909 -0.0750638 0)
(-0.04636 -0.0718026 0)
(-0.0376506 -0.067243 0)
(-0.0294301 -0.0614177 0)
(-0.0218706 -0.0543891 0)
(-0.0151471 -0.0462502 0)
(-0.00942979 -0.0371263 0)
(-0.00487708 -0.0271745 0)
(-0.00170547 -0.0165818 0)
(-0.000250033 -0.00557483 0)
(-0.00027618 0.00674877 0)
(-0.00184538 0.0196642 0)
(-0.00522423 0.031763 0)
(-0.0100271 0.0428625 0)
(-0.0160052 0.0528233 0)
(-0.0229815 0.0615384 0)
(-0.0307743 0.0689321 0)
(-0.0392034 0.0749572 0)
(-0.0480976 0.0795935 0)
(-0.0572948 0.0828433 0)
(-0.0666432 0.0847292 0)
(-0.0760012 0.0852907 0)
(-0.0852381 0.0845809 0)
(-0.0942342 0.0826644 0)
(-0.102881 0.0796142 0)
(-0.111079 0.0755104 0)
(-0.118741 0.0704377 0)
(-0.125788 0.0644848 0)
(-0.132151 0.0577427 0)
(-0.137769 0.0503046 0)
(-0.14259 0.0422649 0)
(-0.146569 0.0337197 0)
(-0.149668 0.0247662 0)
(-0.151857 0.0155033 0)
(-0.153113 0.00603154 0)
(-0.153419 -0.00354627 0)
(-0.152767 -0.013125 0)
(-0.151154 -0.0225968 0)
(-0.148587 -0.0318511 0)
(-0.14508 -0.0407746 0)
(-0.140656 -0.0492517 0)
(-0.13535 -0.0571648 0)
(-0.129204 -0.0643954 0)
(-0.122276 -0.0708251 0)
(-0.114633 -0.0763376 0)
(-0.106356 -0.0808204 0)
(-0.0975405 -0.0841673 0)
(-0.0882952 -0.0862809 0)
(-0.0787436 -0.0870763 0)
(-0.0690226 -0.0864838 0)
(-0.0592827 -0.0844528 0)
(-0.0496863 -0.080955 0)
(-0.0404067 -0.075988 0)
(-0.0316254 -0.0695784 0)
(-0.0235308 -0.0617842 0)
(-0.0163154 -0.0526972 0)
(-0.0101676 -0.0424438 0)
(-0.00526352 -0.031185 0)
(-0.00184224 -0.0191145 0)
(-0.000270443 -0.00646846 0)
(-0.000295097 0.00771295 0)
(-0.00196916 0.0223591 0)
(-0.00556996 0.0359868 0)
(-0.0106819 0.0484127 0)
(-0.0170352 0.0594994 0)
(-0.0244372 0.0691445 0)
(-0.0326906 0.0772782 0)
(-0.0416009 0.0838618 0)
(-0.050984 0.0888841 0)
(-0.0606674 0.0923581 0)
(-0.0704898 0.0943174 0)
(-0.0803029 0.094813 0)
(-0.0899706 0.0939099 0)
(-0.0993695 0.0916839 0)
(-0.108388 0.0882198 0)
(-0.116927 0.0836081 0)
(-0.124899 0.0779441 0)
(-0.132224 0.0713261 0)
(-0.138835 0.0638543 0)
(-0.144672 0.0556303 0)
(-0.149684 0.0467566 0)
(-0.153827 0.0373366 0)
(-0.157065 0.0274746 0)
(-0.159368 0.0172764 0)
(-0.160712 0.0068493 0)
(-0.161081 -0.00369713 0)
(-0.160463 -0.0142507 0)
(-0.158856 -0.0246962 0)
(-0.156263 -0.0349151 0)
(-0.152695 -0.0447856 0)
(-0.148173 -0.0541826 0)
(-0.142728 -0.0629782 0)
(-0.136399 -0.0710425 0)
(-0.129241 -0.0782452 0)
(-0.121318 -0.0844566 0)
(-0.112711 -0.0895502 0)
(-0.103515 -0.0934053 0)
(-0.0938398 -0.0959096 0)
(-0.0838125 -0.0969631 0)
(-0.0735757 -0.0964815 0)
(-0.0632876 -0.0944004 0)
(-0.053121 -0.090679 0)
(-0.0432618 -0.0853042 0)
(-0.0339068 -0.0782941 0)
(-0.0252613 -0.0697009 0)
(-0.0175367 -0.0596136 0)
(-0.0109411 -0.0481592 0)
(-0.00566985 -0.0355026 0)
(-0.00198659 -0.0218448 0)
(-0.000292146 -0.00743293 0)
(-0.0003147 0.00874072 0)
(-0.00209667 0.0252286 0)
(-0.00592497 0.040479 0)
(-0.0113525 0.0543073 0)
(-0.0180872 0.0665786 0)
(-0.0259197 0.0771955 0)
(-0.0346363 0.0860959 0)
(-0.0440276 0.0932508 0)
(-0.0538963 0.0986601 0)
(-0.0640585 0.102349 0)
(-0.0743444 0.104365 0)
(-0.0845984 0.104772 0)
(-0.0946796 0.103648 0)
(-0.104461 0.101082 0)
(-0.113831 0.0971722 0)
(-0.122688 0.0920208 0)
(-0.130945 0.0857342 0)
(-0.138526 0.0784209 0)
(-0.145363 0.0701907 0)
(-0.151401 0.0611537 0)
(-0.156588 0.0514203 0)
(-0.160884 0.0411011 0)
(-0.164252 0.0303071 0)
(-0.166665 0.0191504 0)
(-0.168099 0.00774441 0)
(-0.168536 -0.00379509 0)
(-0.167965 -0.0153496 0)
(-0.166379 -0.0267972 0)
(-0.163781 -0.038012 0)
(-0.160177 -0.048864 0)
(-0.155584 -0.0592189 0)
(-0.15003 -0.0689388 0)
(-0.143549 -0.0778823 0)
(-0.136192 -0.0859063 0)
(-0.12802 -0.0928673 0)
(-0.119111 -0.0986238 0)
(-0.109559 -0.103039 0)
(-0.099475 -0.105983 0)
(-0.0889877 -0.107341 0)
(-0.0782448 -0.107009 0)
(-0.0674122 -0.104908 0)
(-0.0566731 -0.100981 0)
(-0.0462263 -0.0952027 0)
(-0.0362845 -0.0875795 0)
(-0.0270714 -0.0781563 0)
(-0.0188188 -0.0670176 0)
(-0.0117559 -0.0542903 0)
(-0.00609937 -0.0401426 0)
(-0.00213983 -0.0247834 0)
(-0.000315378 -0.00847248 0)
(-0.000335121 0.00983423 0)
(-0.00222867 0.0282778 0)
(-0.00629115 0.0452462 0)
(-0.0120419 0.0605532 0)
(-0.0191653 0.0740668 0)
(-0.0274336 0.0856955 0)
(-0.0366161 0.0953864 0)
(-0.0464872 0.103122 0)
(-0.056836 0.108915 0)
(-0.0674671 0.112806 0)
(-0.0782018 0.114857 0)
(-0.0888778 0.115148 0)
(-0.0993498 0.113773 0)
(-0.109489 0.110835 0)
(-0.119181 0.106446 0)
(-0.128327 0.100723 0)
(-0.13684 0.0937821 0)
(-0.144648 0.0857444 0)
(-0.151685 0.076729 0)
(-0.157897 0.0668548 0)
(-0.163239 0.0562396 0)
(-0.16767 0.0450011 0)
(-0.171158 0.0332564 0)
(-0.173675 0.0211232 0)
(-0.175198 0.00872027 0)
(-0.175709 -0.00383128 0)
(-0.175196 -0.0164075 0)
(-0.17365 -0.0288804 0)
(-0.171069 -0.0411176 0)
(-0.167457 -0.0529817 0)
(-0.162826 -0.0643296 0)
(-0.157198 -0.0750134 0)
(-0.150603 -0.0848803 0)
(-0.143085 -0.0937743 0)
(-0.134702 -0.101537 0)
(-0.125527 -0.108011 0)
(-0.115652 -0.113042 0)
(-0.105186 -0.116481 0)
(-0.094261 -0.118194 0)
(-0.0830277 -0.118057 0)
(-0.071659 -0.115973 0)
(-0.0603483 -0.111865 0)
(-0.0493081 -0.105693 0)
(-0.0387675 -0.0974496 0)
(-0.0289698 -0.0871688 0)
(-0.0201689 -0.0749295 0)
(-0.0126173 -0.0608567 0)
(-0.00655527 -0.0451221 0)
(-0.00230327 -0.0279427 0)
(-0.000340375 -0.00959203 0)
(-0.0003565 0.010996 0)
(-0.00236594 0.0315127 0)
(-0.00667043 0.0502962 0)
(-0.0127535 0.0671584 0)
(-0.0202736 0.0819705 0)
(-0.0289836 0.0946484 0)
(-0.038634 0.10515 0)
(-0.0489822 0.113471 0)
(-0.059803 0.11964 0)
(-0.0708894 0.123715 0)
(-0.0820535 0.125776 0)
(-0.093127 0.12592 0)
(-0.103961 0.124258 0)
(-0.114424 0.120913 0)
(-0.124403 0.11601 0)
(-0.1338 0.10968 0)
(-0.142533 0.102055 0)
(-0.15053 0.0932652 0)
(-0.157732 0.0834403 0)
(-0.164089 0.0727078 0)
(-0.169558 0.0611932 0)
(-0.174103 0.0490204 0)
(-0.177694 0.0363119 0)
(-0.180305 0.0231903 0)
(-0.181915 0.00977891 0)
(-0.182505 -0.00379704 0)
(-0.182062 -0.017409 0)
(-0.180574 -0.0309243 0)
(-0.178037 -0.0442048 0)
(-0.174449 -0.0571063 0)
(-0.169818 -0.069478 0)
(-0.164157 -0.0811622 0)
(-0.157492 -0.0919952 0)
(-0.14986 -0.101807 0)
(-0.141312 -0.110425 0)
(-0.131917 -0.117674 0)
(-0.12176 -0.12338 0)
(-0.11095 -0.127375 0)
(-0.0996168 -0.1295 0)
(-0.0879158 -0.129611 0)
(-0.0760255 -0.127588 0)
(-0.0641492 -0.123333 0)
(-0.0525129 -0.116784 0)
(-0.0413632 -0.107919 0)
(-0.0309642 -0.0967574 0)
(-0.0215938 -0.0833707 0)
(-0.0135305 -0.0678803 0)
(-0.00704076 -0.0504604 0)
(-0.00247822 -0.0313364 0)
(-0.00036738 -0.0107972 0)
(-0.000378995 0.012229 0)
(-0.00250935 0.0349402 0)
(-0.00706496 0.055638 0)
(-0.0134905 0.074132 0)
(-0.0214165 0.0902971 0)
(-0.0305742 0.104058 0)
(-0.0406937 0.115385 0)
(-0.0515145 0.124291 0)
(-0.0627959 0.130822 0)
(-0.0743191 0.135057 0)
(-0.0858874 0.137095 0)
(-0.0973268 0.137055 0)
(-0.108485 0.135069 0)
(-0.119231 0.131277 0)
(-0.129452 0.125823 0)
(-0.139055 0.118853 0)
(-0.14796 0.110512 0)
(-0.156101 0.100944 0)
(-0.163425 0.0902877 0)
(-0.169887 0.0786801 0)
(-0.175449 0.0662535 0)
(-0.18008 0.0531373 0)
(-0.183753 0.0394588 0)
(-0.186445 0.0253443 0)
(-0.188136 0.0109205 0)
(-0.188809 -0.00368429 0)
(-0.188447 -0.0183384 0)
(-0.187039 -0.0329053 0)
(-0.184574 -0.0472427 0)
(-0.181046 -0.0612007 0)
(-0.176457 -0.0746214 0)
(-0.170814 -0.0873385 0)
(-0.164132 -0.099177 0)
(-0.156442 -0.109954 0)
(-0.147786 -0.119481 0)
(-0.138224 -0.127564 0)
(-0.127838 -0.134009 0)
(-0.116731 -0.138625 0)
(-0.105031 -0.141228 0)
(-0.0928938 -0.141649 0)
(-0.0805043 -0.13974 0)
(-0.0680744 -0.135379 0)
(-0.0558439 -0.12848 0)
(-0.0440774 -0.118999 0)
(-0.0330615 -0.106941 0)
(-0.0231004 -0.0923638 0)
(-0.0145009 -0.0753845 0)
(-0.00755912 -0.0561787 0)
(-0.00266605 -0.0349801 0)
(-0.000396652 -0.0120941 0)
(-0.000402789 0.0135365 0)
(-0.00265993 0.0385684 0)
(-0.0074772 0.0612819 0)
(-0.014257 0.0814841 0)
(-0.0225989 0.0990545 0)
(-0.0322104 0.113928 0)
(-0.0427992 0.12609 0)
(-0.0540852 0.135573 0)
(-0.0658117 0.142445 0)
(-0.0777476 0.146807 0)
(-0.0896878 0.148783 0)
(-0.101453 0.148517 0)
(-0.112889 0.146162 0)
(-0.123866 0.14188 0)
(-0.134275 0.135834 0)
(-0.144025 0.128188 0)
(-0.153045 0.119101 0)
(-0.161275 0.108731 0)
(-0.168669 0.0972257 0)
(-0.175187 0.084731 0)
(-0.180799 0.0713857 0)
(-0.18548 0.057324 0)
(-0.189208 0.0426771 0)
(-0.191963 0.0275738 0)
(-0.193727 0.0121428 0)
(-0.194483 -0.00348588 0)
(-0.194215 -0.0191789 0)
(-0.192908 -0.0347978 0)
(-0.190547 -0.050197 0)
(-0.187121 -0.0652225 0)
(-0.182623 -0.0797107 0)
(-0.177053 -0.0934872 0)
(-0.170417 -0.106367 0)
(-0.162734 -0.118154 0)
(-0.154037 -0.128643 0)
(-0.144378 -0.137622 0)
(-0.133827 -0.144873 0)
(-0.122482 -0.150182 0)
(-0.110468 -0.153337 0)
(-0.0979382 -0.154138 0)
(-0.0850815 -0.152408 0)
(-0.0721182 -0.147994 0)
(-0.0593013 -0.140782 0)
(-0.0469145 -0.130702 0)
(-0.0352681 -0.117737 0)
(-0.0246949 -0.101932 0)
(-0.0155337 -0.0833944 0)
(-0.00811377 -0.0623 0)
(-0.00286821 -0.0388908 0)
(-0.000428475 -0.01349 0)
(-0.000428109 0.0149227 0)
(-0.0028189 0.0424069 0)
(-0.00791013 0.0672401 0)
(-0.0150578 0.0892264 0)
(-0.0238268 0.108251 0)
(-0.0338981 0.124261 0)
(-0.0449547 0.13726 0)
(-0.0566952 0.147303 0)
(-0.068846 0.154485 0)
(-0.0811635 0.158933 0)
(-0.0934345 0.1608 0)
(-0.105476 0.160257 0)
(-0.117132 0.157482 0)
(-0.128277 0.152662 0)
(-0.138805 0.145982 0)
(-0.148634 0.137623 0)
(-0.157699 0.127762 0)
(-0.16595 0.116567 0)
(-0.173349 0.104199 0)
(-0.179865 0.0908106 0)
(-0.185476 0.0765468 0)
(-0.190164 0.0615459 0)
(-0.193913 0.0459413 0)
(-0.196707 0.0298633 0)
(-0.198531 0.0134408 0)
(-0.19937 -0.00319604 0)
(-0.199206 -0.019914 0)
(-0.198022 -0.0365741 0)
(-0.195799 -0.0530296 0)
(-0.19252 -0.0691241 0)
(-0.188169 -0.0846894 0)
(-0.182736 -0.0995447 0)
(-0.176218 -0.113495 0)
(-0.168621 -0.126333 0)
(-0.159965 -0.137837 0)
(-0.150289 -0.147774 0)
(-0.139653 -0.155904 0)
(-0.128145 -0.161984 0)
(-0.115882 -0.165772 0)
(-0.103016 -0.167036 0)
(-0.0897365 -0.16556 0)
(-0.0762699 -0.16116 0)
(-0.0628825 -0.153684 0)
(-0.049877 -0.143033 0)
(-0.0375895 -0.129164 0)
(-0.0263839 -0.112099 0)
(-0.0166346 -0.0919365 0)
(-0.00870841 -0.0688494 0)
(-0.00308632 -0.0430875 0)
(-0.000463166 -0.0149925 0)
(-0.000455241 0.0163922 0)
(-0.00298781 0.0464666 0)
(-0.00836745 0.0735263 0)
(-0.0158985 0.0973719 0)
(-0.0251072 0.117895 0)
(-0.0356441 0.135059 0)
(-0.047165 0.148888 0)
(-0.0593452 0.159464 0)
(-0.0718932 0.166913 0)
(-0.0845527 0.171395 0)
(-0.097103 0.173095 0)
(-0.109358 0.172215 0)
(-0.121164 0.168963 0)
(-0.132399 0.163552 0)
(-0.142965 0.156191 0)
(-0.152789 0.147082 0)
(-0.161816 0.136417 0)
(-0.170007 0.12438 0)
(-0.177334 0.11114 0)
(-0.183779 0.0968584 0)
(-0.189327 0.0816847 0)
(-0.193969 0.0657601 0)
(-0.197696 0.0492193 0)
(-0.200499 0.0321919 0)
(-0.202366 0.0148058 0)
(-0.203284 -0.00281091 0)
(-0.203234 -0.0205269 0)
(-0.202196 -0.0382048 0)
(-0.200148 -0.0556989 0)
(-0.197065 -0.0728521 0)
(-0.192924 -0.0894937 0)
(-0.187702 -0.105438 0)
(-0.181384 -0.120482 0)
(-0.173962 -0.134407 0)
(-0.165441 -0.146975 0)
(-0.155846 -0.157933 0)
(-0.145221 -0.167017 0)
(-0.133642 -0.173953 0)
(-0.121215 -0.178465 0)
(-0.108085 -0.180284 0)
(-0.0944404 -0.179155 0)
(-0.0805132 -0.174849 0)
(-0.066581 -0.167175 0)
(-0.0529659 -0.155996 0)
(-0.0400308 -0.141234 0)
(-0.028174 -0.122888 0)
(-0.0178095 -0.101039 0)
(-0.00934717 -0.0758541 0)
(-0.0033222 -0.0475908 0)
(-0.000501093 -0.0166104 0)
(-0.000484553 0.0179505 0)
(-0.00316863 0.0507606 0)
(-0.00885384 0.0801569 0)
(-0.0167866 0.105936 0)
(-0.0264489 0.127997 0)
(-0.0374571 0.146322 0)
(-0.0494362 0.160962 0)
(-0.0620361 0.172032 0)
(-0.0749462 0.179693 0)
(-0.0878978 0.184143 0)
(-0.100663 0.185605 0)
(-0.113056 0.184318 0)
(-0.124926 0.180523 0)
(-0.136158 0.174463 0)
(-0.146664 0.166372 0)
(-0.156383 0.156474 0)
(-0.165273 0.144979 0)
(-0.173308 0.132084 0)
(-0.180474 0.11797 0)
(-0.186763 0.102803 0)
(-0.192175 0.086737 0)
(-0.196709 0.0699152 0)
(-0.200365 0.0524713 0)
(-0.20314 0.0345331 0)
(-0.205028 0.0162249 0)
(-0.206015 -0.00232904 0)
(-0.206087 -0.0210016 0)
(-0.205219 -0.0396595 0)
(-0.203385 -0.05816 0)
(-0.200553 -0.0763478 0)
(-0.196689 -0.0940522 0)
(-0.19176 -0.111084 0)
(-0.185736 -0.127236 0)
(-0.178593 -0.142276 0)
(-0.170318 -0.155953 0)
(-0.160917 -0.167994 0)
(-0.150418 -0.178109 0)
(-0.138878 -0.185991 0)
(-0.126389 -0.191329 0)
(-0.113088 -0.19381 0)
(-0.0991548 -0.193133 0)
(-0.0848251 -0.18902 0)
(-0.0703864 -0.181233 0)
(-0.0561796 -0.169585 0)
(-0.0425963 -0.15396 0)
(-0.030072 -0.134322 0)
(-0.0190652 -0.11073 0)
(-0.0100348 -0.0833433 0)
(-0.00357801 -0.0524236 0)
(-0.000542695 -0.0183534 0)
(-0.000516524 0.0196045 0)
(-0.00336389 0.0553047 0)
(-0.0093753 0.0871511 0)
(-0.0177314 0.114935 0)
(-0.0278633 0.138566 0)
(-0.0393479 0.158049 0)
(-0.0517757 0.173468 0)
(-0.0647686 0.184974 0)
(-0.077996 0.192775 0)
(-0.0911771 0.197112 0)
(-0.104079 0.198253 0)
(-0.116517 0.196477 0)
(-0.128347 0.192064 0)
(-0.139464 0.185289 0)
(-0.149794 0.176416 0)
(-0.15929 0.16569 0)
(-0.167927 0.153342 0)
(-0.175694 0.13958 0)
(-0.182593 0.124595 0)
(-0.188631 0.108559 0)
(-0.193821 0.0916303 0)
(-0.198174 0.07395 0)
(-0.2017 0.05565 0)
(-0.204402 0.0368538 0)
(-0.206281 0.0176805 0)
(-0.207327 -0.00175201 0)
(-0.207525 -0.0213233 0)
(-0.20685 -0.0409066 0)
(-0.20527 -0.0603649 0)
(-0.202747 -0.0795474 0)
(-0.199236 -0.0982857 0)
(-0.194691 -0.116391 0)
(-0.189065 -0.13365 0)
(-0.182318 -0.149825 0)
(-0.174416 -0.16465 0)
(-0.165343 -0.177833 0)
(-0.155105 -0.189056 0)
(-0.143737 -0.197982 0)
(-0.131313 -0.204256 0)
(-0.117953 -0.207519 0)
(-0.103829 -0.207418 0)
(-0.0891744 -0.203618 0)
(-0.0742831 -0.195822 0)
(-0.0595146 -0.183788 0)
(-0.04529 -0.167346 0)
(-0.0320855 -0.146421 0)
(-0.0204094 -0.12104 0)
(-0.0107767 -0.0913488 0)
(-0.00385628 -0.0576113 0)
(-0.000588503 -0.0202325 0)
(-0.000551782 0.0213623 0)
(-0.0035769 0.0601178 0)
(-0.00993954 0.0945319 0)
(-0.0187446 0.12439 0)
(-0.0293644 0.149614 0)
(-0.0413299 0.170238 0)
(-0.0541924 0.186384 0)
(-0.0675433 0.198252 0)
(-0.0810313 0.206101 0)
(-0.0943639 0.210226 0)
(-0.107306 0.210945 0)
(-0.119677 0.208585 0)
(-0.131342 0.203469 0)
(-0.142211 0.195909 0)
(-0.152228 0.186197 0)
(-0.161363 0.174606 0)
(-0.169612 0.161382 0)
(-0.176982 0.146749 0)
(-0.183493 0.130907 0)
(-0.18917 0.114031 0)
(-0.19404 0.0962794 0)
(-0.198127 0.0777931 0)
(-0.201453 0.0586989 0)
(-0.204031 0.0391141 0)
(-0.205866 0.0191497 0)
(-0.206955 -0.001085 0)
(-0.207281 -0.0214789 0)
(-0.20682 -0.0419145 0)
(-0.205536 -0.0622633 0)
(-0.203382 -0.0823821 0)
(-0.200304 -0.102108 0)
(-0.196241 -0.121255 0)
(-0.191131 -0.139608 0)
(-0.184911 -0.156925 0)
(-0.177526 -0.172927 0)
(-0.168934 -0.187305 0)
(-0.159115 -0.199714 0)
(-0.148078 -0.209783 0)
(-0.135871 -0.217113 0)
(-0.122593 -0.221294 0)
(-0.108401 -0.221912 0)
(-0.09352 -0.218567 0)
(-0.0782494 -0.210894 0)
(-0.0629642 -0.19858 0)
(-0.0481153 -0.181394 0)
(-0.0342229 -0.159204 0)
(-0.0218512 -0.132 0)
(-0.0115798 -0.0999051 0)
(-0.00416016 -0.0631823 0)
(-0.000639176 -0.0222599 0)
(-0.000591157 0.023234 0)
(-0.00381194 0.0652234 0)
(-0.0105565 0.102327 0)
(-0.0198416 0.134324 0)
(-0.03097 0.161153 0)
(-0.0434196 0.182881 0)
(-0.0566971 0.199682 0)
(-0.0703603 0.211813 0)
(-0.0840367 0.219596 0)
(-0.0974242 0.223387 0)
(-0.110288 0.223566 0)
(-0.122456 0.220512 0)
(-0.133808 0.214598 0)
(-0.144273 0.206174 0)
(-0.153816 0.195567 0)
(-0.162431 0.183073 0)
(-0.170136 0.168959 0)
(-0.176961 0.15346 0)
(-0.182947 0.136782 0)
(-0.188137 0.119106 0)
(-0.192576 0.100587 0)
(-0.196303 0.0813629 0)
(-0.199351 0.0615532 0)
(-0.201744 0.0412665 0)
(-0.203494 0.0206038 0)
(-0.204602 -0.000337372 0)
(-0.205056 -0.0214577 0)
(-0.204829 -0.0426519 0)
(-0.203881 -0.0638033 0)
(-0.20216 -0.0847794 0)
(-0.199599 -0.105426 0)
(-0.196126 -0.125563 0)
(-0.191657 -0.14498 0)
(-0.186111 -0.163429 0)
(-0.179405 -0.180626 0)
(-0.171469 -0.196243 0)
(-0.162252 -0.209912 0)
(-0.15173 -0.221226 0)
(-0.139921 -0.229741 0)
(-0.126895 -0.23499 0)
(-0.112787 -0.236491 0)
(-0.0978088 -0.23377 0)
(-0.0822563 -0.226379 0)
(-0.0665181 -0.213924 0)
(-0.0510748 -0.196093 0)
(-0.0364936 -0.172687 0)
(-0.0234015 -0.143642 0)
(-0.0124522 -0.10905 0)
(-0.00449355 -0.0691686 0)
(-0.000695548 -0.0244501 0)
(-0.000635747 0.0252324 0)
(-0.00407463 0.0706502 0)
(-0.0112391 0.110571 0)
(-0.0210416 0.144765 0)
(-0.0327025 0.173194 0)
(-0.0456372 0.195969 0)
(-0.0593017 0.213325 0)
(-0.0732175 0.225592 0)
(-0.0869912 0.233165 0)
(-0.100314 0.236477 0)
(-0.112955 0.235976 0)
(-0.124757 0.232104 0)
(-0.13562 0.225285 0)
(-0.145497 0.215915 0)
(-0.154381 0.204354 0)
(-0.162293 0.190925 0)
(-0.169278 0.175911 0)
(-0.175392 0.159559 0)
(-0.180698 0.142082 0)
(-0.185263 0.123659 0)
(-0.189147 0.104445 0)
(-0.192407 0.0845674 0)
(-0.19509 0.0641389 0)
(-0.197229 0.0432565 0)
(-0.198846 0.0220079 0)
(-0.199947 0.000476889 0)
(-0.200522 -0.0212522 0)
(-0.200546 -0.0430893 0)
(-0.199975 -0.0649326 0)
(-0.198749 -0.0866638 0)
(-0.196795 -0.108142 0)
(-0.194022 -0.129196 0)
(-0.190332 -0.149623 0)
(-0.185617 -0.169177 0)
(-0.179769 -0.187568 0)
(-0.172685 -0.204457 0)
(-0.164278 -0.219452 0)
(-0.154488 -0.232112 0)
(-0.143292 -0.241947 0)
(-0.130724 -0.248428 0)
(-0.116888 -0.250999 0)
(-0.101972 -0.2491 0)
(-0.0862645 -0.242186 0)
(-0.0701611 -0.229764 0)
(-0.0541702 -0.211424 0)
(-0.0389089 -0.18688 0)
(-0.0250736 -0.155997 0)
(-0.0134043 -0.118824 0)
(-0.00486141 -0.0756065 0)
(-0.00075869 -0.0268195 0)
(-0.000687015 0.0273735 0)
(-0.00437231 0.0764344 0)
(-0.0120039 0.119306 0)
(-0.0223691 0.155747 0)
(-0.0345896 0.185751 0)
(-0.0480068 0.209485 0)
(-0.0620191 0.227263 0)
(-0.0761095 0.239503 0)
(-0.0898651 0.246692 0)
(-0.102974 0.24935 0)
(-0.115218 0.248007 0)
(-0.126458 0.243175 0)
(-0.136624 0.235337 0)
(-0.1457 0.224934 0)
(-0.153712 0.212362 0)
(-0.160714 0.197969 0)
(-0.166781 0.182056 0)
(-0.171998 0.164879 0)
(-0.176456 0.146652 0)
(-0.180241 0.127554 0)
(-0.183437 0.107731 0)
(-0.186114 0.0873048 0)
(-0.188335 0.0663741 0)
(-0.190146 0.0450221 0)
(-0.191575 0.0233214 0)
(-0.192636 0.00133881 0)
(-0.193322 -0.0208588 0)
(-0.19361 -0.0431994 0)
(-0.193453 -0.0655996 0)
(-0.192787 -0.0879589 0)
(-0.191527 -0.110153 0)
(-0.189572 -0.132025 0)
(-0.186803 -0.153384 0)
(-0.183089 -0.173991 0)
(-0.178294 -0.193557 0)
(-0.17228 -0.211732 0)
(-0.164918 -0.228109 0)
(-0.156105 -0.242212 0)
(-0.145773 -0.253504 0)
(-0.133908 -0.261394 0)
(-0.120572 -0.265243 0)
(-0.10592 -0.264394 0)
(-0.0902218 -0.258191 0)
(-0.0738715 -0.24602 0)
(-0.0574019 -0.227352 0)
(-0.0414815 -0.201787 0)
(-0.0268842 -0.169099 0)
(-0.0144492 -0.129275 0)
(-0.00527018 -0.0825382 0)
(-0.000830004 -0.0293877 0)
(-0.000746927 0.0296776 0)
(-0.00471469 0.0826212 0)
(-0.0128725 0.128581 0)
(-0.0238552 0.167308 0)
(-0.036665 0.198834 0)
(-0.0505558 0.223404 0)
(-0.0648611 0.241429 0)
(-0.0790237 0.253438 0)
(-0.0926143 0.260029 0)
(-0.105326 0.261828 0)
(-0.116958 0.259458 0)
(-0.127404 0.253508 0)
(-0.13663 0.244526 0)
(-0.144659 0.233001 0)
(-0.151557 0.219366 0)
(-0.157416 0.203992 0)
(-0.162347 0.187194 0)
(-0.166466 0.169233 0)
(-0.16989 0.150323 0)
(-0.172732 0.130639 0)
(-0.175094 0.110317 0)
(-0.177067 0.0894655 0)
(-0.178724 0.0681694 0)
(-0.180124 0.0464953 0)
(-0.181306 0.0244977 0)
(-0.182289 0.00222433 0)
(-0.183072 -0.0202783 0)
(-0.183631 -0.0429589 0)
(-0.183922 -0.0657556 0)
(-0.183874 -0.0885891 0)
(-0.183397 -0.111356 0)
(-0.182376 -0.13392 0)
(-0.180676 -0.156104 0)
(-0.178142 -0.177684 0)
(-0.174608 -0.198377 0)
(-0.169899 -0.217831 0)
(-0.163844 -0.235625 0)
(-0.156289 -0.251257 0)
(-0.147109 -0.264144 0)
(-0.136237 -0.273628 0)
(-0.123677 -0.278987 0)
(-0.109539 -0.27945 0)
(-0.0940582 -0.274236 0)
(-0.0776178 -0.262586 0)
(-0.0607675 -0.243822 0)
(-0.0442266 -0.217402 0)
(-0.0288539 -0.182979 0)
(-0.0156039 -0.140454 0)
(-0.00572828 -0.0900131 0)
(-0.000911356 -0.032178 0)
(-0.000818148 0.032171 0)
(-0.00511457 0.089268 0)
(-0.0138726 0.138462 0)
(-0.0255392 0.179495 0)
(-0.0389698 0.212454 0)
(-0.0533148 0.237687 0)
(-0.0678356 0.255732 0)
(-0.0819349 0.267256 0)
(-0.0951737 0.272992 0)
(-0.107259 0.273692 0)
(-0.118022 0.270084 0)
(-0.127398 0.262845 0)
(-0.1354 0.25259 0)
(-0.142101 0.239859 0)
(-0.147614 0.225117 0)
(-0.152073 0.208757 0)
(-0.155629 0.191104 0)
(-0.158432 0.17242 0)
(-0.160629 0.152917 0)
(-0.162355 0.132757 0)
(-0.163735 0.112065 0)
(-0.164874 0.0909338 0)
(-0.165862 0.0694307 0)
(-0.166767 0.0476032 0)
(-0.167638 0.0254857 0)
(-0.1685 0.00310447 0)
(-0.169359 -0.0195165 0)
(-0.170194 -0.0423493 0)
(-0.170959 -0.0653562 0)
(-0.171585 -0.0884827 0)
(-0.171973 -0.11165 0)
(-0.172 -0.134746 0)
(-0.171515 -0.157617 0)
(-0.170343 -0.180058 0)
(-0.168287 -0.201798 0)
(-0.165136 -0.222494 0)
(-0.160673 -0.241717 0)
(-0.154687 -0.258945 0)
(-0.146991 -0.273555 0)
(-0.137449 -0.284824 0)
(-0.125997 -0.29194 0)
(-0.112679 -0.294013 0)
(-0.0976793 -0.290114 0)
(-0.0813548 -0.279314 0)
(-0.0642601 -0.260752 0)
(-0.0471613 -0.233705 0)
(-0.0310089 -0.197667 0)
(-0.0168906 -0.15242 0)
(-0.00624688 -0.0980898 0)
(-0.00100527 -0.0352189 0)
(-0.000904331 0.0348875 0)
(-0.00558912 0.0964476 0)
(-0.0150406 0.149026 0)
(-0.02747 0.192358 0)
(-0.041552 0.226614 0)
(-0.056315 0.252277 0)
(-0.0709413 0.27005 0)
(-0.0847974 0.280775 0)
(-0.0974453 0.285351 0)
(-0.108621 0.284674 0)
(-0.118202 0.279594 0)
(-0.126182 0.270883 0)
(-0.132634 0.259226 0)
(-0.13769 0.245212 0)
(-0.141516 0.229336 0)
(-0.144298 0.212006 0)
(-0.146226 0.193551 0)
(-0.147486 0.17423 0)
(-0.148254 0.154245 0)
(-0.14869 0.133744 0)
(-0.148936 0.112835 0)
(-0.149114 0.0915917 0)
(-0.149326 0.0700614 0)
(-0.149651 0.0482706 0)
(-0.150146 0.026231 0)
(-0.150843 0.00394593 0)
(-0.151753 -0.0185847 0)
(-0.15286 -0.0413585 0)
(-0.15412 -0.0643641 0)
(-0.155464 -0.0875746 0)
(-0.156792 -0.11094 0)
(-0.157972 -0.134377 0)
(-0.158843 -0.15776 0)
(-0.159212 -0.180911 0)
(-0.158855 -0.203581 0)
(-0.157524 -0.225443 0)
(-0.154956 -0.246073 0)
(-0.15088 -0.264936 0)
(-0.145041 -0.281379 0)
(-0.137219 -0.294621 0)
(-0.127266 -0.303755 0)
(-0.115141 -0.307767 0)
(-0.100956 -0.30556 0)
(-0.0850165 -0.296008 0)
(-0.0678645 -0.278025 0)
(-0.0503043 -0.250659 0)
(-0.0333819 -0.213191 0)
(-0.018338 -0.165239 0)
(-0.00684108 -0.106839 0)
(-0.00111522 -0.0385458 0)
(-0.00101058 0.0378714 0)
(-0.00616145 0.104253 0)
(-0.0164238 0.160367 0)
(-0.0297088 0.205955 0)
(-0.0444671 0.241304 0)
(-0.0595839 0.267084 0)
(-0.0741589 0.284215 0)
(-0.0875316 0.293758 0)
(-0.0992823 0.296813 0)
(-0.109197 0.294446 0)
(-0.117221 0.287641 0)
(-0.123423 0.277272 0)
(-0.127952 0.264094 0)
(-0.131009 0.248737 0)
(-0.132823 0.231722 0)
(-0.133632 0.213464 0)
(-0.133669 0.19429 0)
(-0.133156 0.174446 0)
(-0.132295 0.154119 0)
(-0.131269 0.133437 0)
(-0.130237 0.112488 0)
(-0.129333 0.0913236 0)
(-0.128668 0.0699672 0)
(-0.128332 0.0484224 0)
(-0.128387 0.0266778 0)
(-0.128873 0.00471213 0)
(-0.129806 -0.0174998 0)
(-0.131174 -0.039982 0)
(-0.132939 -0.0627513 0)
(-0.135035 -0.0858105 0)
(-0.137362 -0.109141 0)
(-0.139787 -0.132693 0)
(-0.142142 -0.156376 0)
(-0.144219 -0.180045 0)
(-0.145775 -0.203483 0)
(-0.146529 -0.22639 0)
(-0.146171 -0.248358 0)
(-0.144372 -0.268857 0)
(-0.140798 -0.287213 0)
(-0.135139 -0.302596 0)
(-0.127145 -0.314015 0)
(-0.116666 -0.320321 0)
(-0.103711 -0.320238 0)
(-0.0885053 -0.312408 0)
(-0.0715516 -0.295475 0)
(-0.0536742 -0.268195 0)
(-0.0360137 -0.22957 0)
(-0.0199847 -0.178989 0)
(-0.00753151 -0.116349 0)
(-0.00124608 -0.0422033 0)
(-0.00114415 0.0411814 0)
(-0.00686322 0.112804 0)
(-0.0180841 0.172604 0)
(-0.0323311 0.220346 0)
(-0.0477751 0.256495 0)
(-0.0631372 0.281976 0)
(-0.0774365 0.297997 0)
(-0.0900036 0.305895 0)
(-0.100464 0.307012 0)
(-0.108683 0.302608 0)
(-0.114702 0.293815 0)
(-0.118684 0.281609 0)
(-0.120871 0.266808 0)
(-0.121545 0.25008 0)
(-0.121002 0.231956 0)
(-0.119534 0.212849 0)
(-0.117418 0.193072 0)
(-0.114907 0.172855 0)
(-0.11223 0.152357 0)
(-0.109584 0.131684 0)
(-0.107141 0.110897 0)
(-0.105046 0.0900227 0)
(-0.103417 0.0690604 0)
(-0.102347 0.0479888 0)
(-0.101904 0.0267722 0)
(-0.102135 0.00536489 0)
(-0.103058 -0.0162837 0)
(-0.104671 -0.0382243 0)
(-0.10694 -0.0605021 0)
(-0.109805 -0.0831511 0)
(-0.113173 -0.106186 0)
(-0.116912 -0.129595 0)
(-0.120856 -0.153326 0)
(-0.124789 -0.177275 0)
(-0.128455 -0.201268 0)
(-0.131547 -0.225043 0)
(-0.133714 -0.248226 0)
(-0.13457 -0.270305 0)
(-0.133702 -0.290607 0)
(-0.130702 -0.308269 0)
(-0.125197 -0.322224 0)
(-0.116904 -0.331198 0)
(-0.105695 -0.333719 0)
(-0.0916758 -0.328168 0)
(-0.0752678 -0.312867 0)
(-0.0572857 -0.286205 0)
(-0.0389545 -0.246812 0)
(-0.0218817 -0.193757 0)
(-0.00834684 -0.126727 0)
(-0.0014049 -0.0462489 0)
(-0.00131568 0.044896 0)
(-0.00773846 0.122253 0)
(-0.0201032 0.185875 0)
(-0.0354281 0.235586 0)
(-0.0515357 0.272117 0)
(-0.0669641 0.296753 0)
(-0.0806655 0.311079 0)
(-0.0919947 0.31678 0)
(-0.100663 0.315486 0)
(-0.106654 0.308676 0)
(-0.110136 0.297635 0)
(-0.111395 0.283435 0)
(-0.110779 0.266949 0)
(-0.108661 0.248863 0)
(-0.105408 0.229707 0)
(-0.101364 0.209877 0)
(-0.0968466 0.189661 0)
(-0.0921355 0.169257 0)
(-0.0874759 0.148794 0)
(-0.0830779 0.128348 0)
(-0.0791193 0.10795 0)
(-0.0757479 0.0875988 0)
(-0.0730842 0.0672673 0)
(-0.071223 0.0469096 0)
(-0.0702357 0.0264659 0)
(-0.0701707 0.00586663 0)
(-0.0710535 -0.014963 0)
(-0.072886 -0.0360995 0)
(-0.0756445 -0.0576158 0)
(-0.0792774 -0.0795769 0)
(-0.0837011 -0.102032 0)
(-0.0887957 -0.125009 0)
(-0.0943992 -0.148497 0)
(-0.100302 -0.172442 0)
(-0.106242 -0.196722 0)
(-0.111898 -0.221126 0)
(-0.116889 -0.24533 0)
(-0.120777 -0.268863 0)
(-0.123075 -0.291074 0)
(-0.12327 -0.311095 0)
(-0.120855 -0.327806 0)
(-0.115386 -0.339817 0)
(-0.10656 -0.345461 0)
(-0.0943083 -0.342835 0)
(-0.0789172 -0.329876 0)
(-0.0611419 -0.304517 0)
(-0.0422641 -0.264901 0)
(-0.0240971 -0.209642 0)
(-0.00932765 -0.138111 0)
(-0.00160208 -0.0507588 0)
(-0.00154121 0.0491217 0)
(-0.00884967 0.132802 0)
(-0.022589 0.200345 0)
(-0.0391071 0.251712 0)
(-0.0557952 0.288038 0)
(-0.0710006 0.311112 0)
(-0.0836426 0.323022 0)
(-0.0931545 0.325884 0)
(-0.0993921 0.321661 0)
(-0.102507 0.312071 0)
(-0.102835 0.298547 0)
(-0.10081 0.282245 0)
(-0.0969011 0.264068 0)
(-0.0915755 0.244703 0)
(-0.0852689 0.224654 0)
(-0.0783752 0.204285 0)
(-0.0712407 0.183841 0)
(-0.0641637 0.163482 0)
(-0.0573976 0.143298 0)
(-0.0511548 0.123327 0)
(-0.0456115 0.103567 0)
(-0.0409122 0.0839875 0)
(-0.0371734 0.0645355 0)
(-0.0344874 0.0451407 0)
(-0.0329242 0.0257204 0)
(-0.0325334 0.00618325 0)
(-0.0333443 -0.0135678 0)
(-0.0353656 -0.0336324 0)
(-0.0385837 -0.0541096 0)
(-0.0429595 -0.0750932 0)
(-0.0484245 -0.0966665 0)
(-0.0548753 -0.118895 0)
(-0.0621664 -0.141817 0)
(-0.0701027 -0.165429 0)
(-0.0784305 -0.189668 0)
(-0.0868287 -0.214391 0)
(-0.0949014 -0.239341 0)
(-0.102174 -0.264112 0)
(-0.108094 -0.288105 0)
(-0.112048 -0.31048 0)
(-0.113386 -0.330098 0)
(-0.111481 -0.345483 0)
(-0.10581 -0.354789 0)
(-0.0960693 -0.355807 0)
(-0.0823325 -0.346043 0)
(-0.0652181 -0.322867 0)
(-0.0460099 -0.283776 0)
(-0.0267223 -0.226753 0)
(-0.0105325 -0.150676 0)
(-0.00185354 -0.0558354 0)
(-0.00184592 0.0540064 0)
(-0.0102875 0.144708 0)
(-0.0256839 0.216201 0)
(-0.0434863 0.268717 0)
(-0.060562 0.304015 0)
(-0.0750839 0.324603 0)
(-0.0860077 0.333222 0)
(-0.0929311 0.332516 0)
(-0.0959345 0.324824 0)
(-0.0954016 0.312106 0)
(-0.0918765 0.295926 0)
(-0.0859636 0.277492 0)
(-0.078263 0.257707 0)
(-0.0693324 0.237225 0)
(-0.0596685 0.216503 0)
(-0.0497004 0.195846 0)
(-0.0397914 0.175447 0)
(-0.0302439 0.155412 0)
(-0.0213071 0.135785 0)
(-0.0131841 0.116562 0)
(-0.00603981 0.0977077 0)
(-6.82818e-06 0.0791611 0)
(0.00480864 0.060843 0)
(0.0083227 0.042661 0)
(0.0104705 0.0245126 0)
(0.0112042 0.00628752 0)
(0.0104921 -0.0121299 0)
(0.00831879 -0.030859 0)
(0.00468679 -0.0500207 0)
(-0.000380525 -0.0697346 0)
(-0.00683453 -0.0901148 0)
(-0.0145953 -0.111265 0)
(-0.0235435 -0.133267 0)
(-0.033511 -0.156175 0)
(-0.0442686 -0.179992 0)
(-0.0555135 -0.204649 0)
(-0.0668559 -0.229978 0)
(-0.0778062 -0.255661 0)
(-0.0877685 -0.28119 0)
(-0.0960417 -0.305791 0)
(-0.101839 -0.328359 0)
(-0.104333 -0.347379 0)
(-0.102739 -0.36086 0)
(-0.0964496 -0.366303 0)
(-0.085225 -0.360733 0)
(-0.0694327 -0.340847 0)
(-0.0502585 -0.303305 0)
(-0.0298784 -0.245197 0)
(-0.0120477 -0.164648 0)
(-0.00218458 -0.0616205 0)
(-0.00227095 0.0597605 0)
(-0.0121867 0.15831 0)
(-0.0295738 0.233635 0)
(-0.0486785 0.286499 0)
(-0.0657558 0.319634 0)
(-0.0788727 0.336554 0)
(-0.0871464 0.340851 0)
(-0.090468 0.335789 0)
(-0.0892472 0.324111 0)
(-0.0841713 0.307995 0)
(-0.0760319 0.289094 0)
(-0.065618 0.26862 0)
(-0.0536558 0.247429 0)
(-0.040781 0.226102 0)
(-0.0275314 0.205018 0)
(-0.0143508 0.184405 0)
(-0.0015992 0.164383 0)
(0.0104352 0.144997 0)
(0.0215237 0.126238 0)
(0.0314858 0.10806 0)
(0.0401795 0.0903901 0)
(0.0474928 0.0731399 0)
(0.0533376 0.056207 0)
(0.0576438 0.0394798 0)
(0.0603562 0.0228399 0)
(0.0614318 0.0061628 0)
(0.0608384 -0.0106811 0)
(0.0585545 -0.0278258 0)
(0.0545708 -0.0454089 0)
(0.0488928 -0.0635703 0)
(0.041545 -0.0824499 0)
(0.0325771 -0.102184 0)
(0.0220727 -0.122899 0)
(0.0101602 -0.1447 0)
(-0.0029734 -0.167661 0)
(-0.0170656 -0.191798 0)
(-0.0317588 -0.21704 0)
(-0.04658 -0.243189 0)
(-0.0609209 -0.269857 0)
(-0.0740247 -0.296393 0)
(-0.084987 -0.321788 0)
(-0.092783 -0.344562 0)
(-0.0963395 -0.362649 0)
(-0.0946704 -0.373303 0)
(-0.0871021 -0.373059 0)
(-0.0735899 -0.357834 0)
(-0.0550536 -0.323223 0)
(-0.0337233 -0.265065 0)
(-0.0140032 -0.180317 0)
(-0.00263696 -0.0683165 0)
(-0.00288625 0.0666912 0)
(-0.014751 0.174043 0)
(-0.0344925 0.252814 0)
(-0.0547466 0.304782 0)
(-0.0711104 0.334196 0)
(-0.081711 0.345977 0)
(-0.0860371 0.344785 0)
(-0.0844544 0.334584 0)
(-0.077828 0.3185 0)
(-0.0672179 0.298868 0)
(-0.0536881 0.277356 0)
(-0.0382064 0.255104 0)
(-0.0216023 0.232862 0)
(-0.00455916 0.211095 0)
(0.0123767 0.190069 0)
(0.0287772 0.169912 0)
(0.0443125 0.150661 0)
(0.0587313 0.132289 0)
(0.0718439 0.114735 0)
(0.0835076 0.0979071 0)
(0.0936149 0.0817019 0)
(0.102084 0.0660044 0)
(0.108852 0.0506935 0)
(0.113868 0.0356438 0)
(0.11709 0.0207259 0)
(0.118485 0.00580677 0)
(0.11802 -0.00925114 0)
(0.11567 -0.02459 0)
(0.111414 -0.0403576 0)
(0.105237 -0.0567072 0)
(0.0971376 -0.0737974 0)
(0.0871295 -0.0917901 0)
(0.0752525 -0.110848 0)
(0.0615824 -0.131125 0)
(0.046247 -0.152761 0)
(0.0294448 -0.175858 0)
(0.0114698 -0.200455 0)
(-0.00725985 -0.226488 0)
(-0.0261693 -0.25373 0)
(-0.0444951 -0.281705 0)
(-0.0612614 -0.309575 0)
(-0.075277 -0.335996 0)
(-0.0851776 -0.358938 0)
(-0.0895421 -0.375507 0)
(-0.0871311 -0.381799 0)
(-0.0772752 -0.372883 0)
(-0.0603632 -0.343037 0)
(-0.038451 -0.286381 0)
(-0.0165971 -0.198057 0)
(-0.00328229 -0.0762218 0)
(-0.00381469 0.0752639 0)
(-0.0182914 0.192455 0)
(-0.0407079 0.273785 0)
(-0.0615994 0.322953 0)
(-0.0759882 0.34656 0)
(-0.0823981 0.351442 0)
(-0.0810165 0.343542 0)
(-0.0729163 0.327533 0)
(-0.0595474 0.306838 0)
(-0.0423886 0.283828 0)
(-0.0227668 0.260063 0)
(-0.00179003 0.236521 0)
(0.0196597 0.213773 0)
(0.0409037 0.192118 0)
(0.061434 0.17168 0)
(0.0808782 0.152469 0)
(0.0989691 0.13443 0)
(0.115518 0.117467 0)
(0.130393 0.101464 0)
(0.143506 0.0862906 0)
(0.154792 0.0718157 0)
(0.164211 0.0579051 0)
(0.171728 0.0444253 0)
(0.177319 0.0312431 0)
(0.180959 0.0182246 0)
(0.182623 0.00523475 0)
(0.182285 -0.00786504 0)
(0.179915 -0.0212181 0)
(0.175481 -0.0349746 0)
(0.16895 -0.0492928 0)
(0.160291 -0.064341 0)
(0.14948 -0.0802972 0)
(0.136505 -0.0973494 0)
(0.121382 -0.115692 0)
(0.104163 -0.13552 0)
(0.0849591 -0.157015 0)
(0.0639695 -0.180327 0)
(0.0415127 -0.205538 0)
(0.018073 -0.232604 0)
(-0.00564951 -0.261278 0)
(-0.0286843 -0.290975 0)
(-0.0497469 -0.320605 0)
(-0.0672282 -0.348333 0)
(-0.0792589 -0.371294 0)
(-0.0839188 -0.385288 0)
(-0.0796626 -0.384563 0)
(-0.0659609 -0.361863 0)
(-0.0442685 -0.308998 0)
(-0.0201327 -0.218329 0)
(-0.00424683 -0.0857913 0)
(-0.00527556 0.0862072 0)
(-0.0232758 0.214198 0)
(-0.0484467 0.296299 0)
(-0.0687536 0.339808 0)
(-0.0790319 0.354906 0)
(-0.0788091 0.35093 0)
(-0.0694323 0.335223 0)
(-0.0529373 0.313049 0)
(-0.0314494 0.287925 0)
(-0.00685031 0.262055 0)
(0.0193397 0.236736 0)
(0.0459611 0.212665 0)
(0.0721657 0.190161 0)
(0.0973549 0.169318 0)
(0.12112 0.150094 0)
(0.14319 0.132378 0)
(0.163396 0.116023 0)
(0.181638 0.100868 0)
(0.197859 0.0867498 0)
(0.212036 0.073511 0)
(0.22416 0.0609996 0)
(0.234231 0.0490712 0)
(0.242255 0.0375876 0)
(0.24823 0.0264153 0)
(0.252153 0.0154236 0)
(0.254012 0.00448192 0)
(0.253786 -0.00654194 0)
(0.251443 -0.017785 0)
(0.246942 -0.0293915 0)
(0.240232 -0.041516 0)
(0.231255 -0.0543255 0)
(0.219948 -0.068003 0)
(0.206248 -0.0827486 0)
(0.190103 -0.0987809 0)
(0.17148 -0.116336 0)
(0.150387 -0.13566 0)
(0.126895 -0.157001 0)
(0.101181 -0.18058 0)
(0.0735731 -0.20655 0)
(0.0446225 -0.234921 0)
(0.0151834 -0.26544 0)
(-0.0134923 -0.297399 0)
(-0.0396718 -0.329354 0)
(-0.0611101 -0.35873 0)
(-0.0751634 -0.381318 0)
(-0.0791682 -0.390749 0)
(-0.0711703 -0.378152 0)
(-0.051301 -0.332397 0)
(-0.0250623 -0.241658 0)
(-0.00575558 -0.0977436 0)
(-0.00765503 0.100686 0)
(-0.0303602 0.239914 0)
(-0.0576477 0.319411 0)
(-0.0748164 0.35311 0)
(-0.0775276 0.356433 0)
(-0.067288 0.341706 0)
(-0.0471545 0.317548 0)
(-0.0203171 0.289461 0)
(0.010453 0.260693 0)
(0.0430041 0.233003 0)
(0.0757845 0.207232 0)
(0.107733 0.183685 0)
(0.13816 0.162376 0)
(0.16664 0.143165 0)
(0.192931 0.125847 0)
(0.216913 0.110195 0)
(0.238546 0.095986 0)
(0.257836 0.0830084 0)
(0.274816 0.0710693 0)
(0.289534 0.0599938 0)
(0.302041 0.0496232 0)
(0.312381 0.039813 0)
(0.320596 0.0304292 0)
(0.326712 0.0213465 0)
(0.330747 0.0124441 0)
(0.3327 0.00360365 0)
(0.332557 -0.0052942 0)
(0.330287 -0.0143728 0)
(0.325843 -0.0237627 0)
(0.319159 -0.0336053 0)
(0.310153 -0.0440565 0)
(0.298728 -0.0552906 0)
(0.284773 -0.0675049 0)
(0.268169 -0.0809238 0)
(0.248795 -0.0958021 0)
(0.226546 -0.112427 0)
(0.20135 -0.131116 0)
(0.173201 -0.152207 0)
(0.142216 -0.176031 0)
(0.108699 -0.202862 0)
(0.0732536 -0.232818 0)
(0.0369172 -0.265685 0)
(0.00132987 -0.300618 0)
(-0.0311003 -0.335671 0)
(-0.057125 -0.367086 0)
(-0.0728432 -0.388364 0)
(-0.0743305 -0.389271 0)
(-0.0593112 -0.355258 0)
(-0.0320013 -0.268485 0)
(-0.00820064 -0.113229 0)
(-0.0115743 0.120527 0)
(-0.040256 0.26985 0)
(-0.0672517 0.340735 0)
(-0.0763904 0.358968 0)
(-0.0662843 0.347057 0)
(-0.0417353 0.320345 0)
(-0.00795262 0.288088 0)
(0.0307802 0.255338 0)
(0.071319 0.224545 0)
(0.111556 0.196694 0)
(0.15018 0.171995 0)
(0.186441 0.150287 0)
(0.219952 0.131258 0)
(0.25056 0.114553 0)
(0.278252 0.0998277 0)
(0.303094 0.0867701 0)
(0.325192 0.0751073 0)
(0.34467 0.0646034 0)
(0.361652 0.0550561 0)
(0.376255 0.046291 0)
(0.388585 0.0381565 0)
(0.398729 0.0305191 0)
(0.406758 0.0232591 0)
(0.412727 0.0162666 0)
(0.416667 0.00943814 0)
(0.418592 0.00267322 0)
(0.418495 -0.00412853 0)
(0.416347 -0.0110707 0)
(0.412097 -0.0182634 0)
(0.40567 -0.025827 0)
(0.396968 -0.0338962 0)
(0.385865 -0.0426247 0)
(0.372213 -0.0521912 0)
(0.355834 -0.0628054 0)
(0.336532 -0.0747157 0)
(0.314092 -0.0882168 0)
(0.288294 -0.103657 0)
(0.258939 -0.121444 0)
(0.225885 -0.14204 0)
(0.189115 -0.165941 0)
(0.14884 -0.193622 0)
(0.105665 -0.225409 0)
(0.0608239 -0.261223 0)
(0.0164917 -0.3001 0)
(-0.0238784 -0.33935 0)
(-0.0553563 -0.373208 0)
(-0.0717158 -0.390928 0)
(-0.0669358 -0.374695 0)
(-0.0415446 -0.298722 0)
(-0.0121948 -0.134037 0)
(-0.0177483 0.148556 0)
(-0.0528827 0.302815 0)
(-0.0733042 0.355064 0)
(-0.0658629 0.351031 0)
(-0.0357945 0.321336 0)
(0.00761248 0.283129 0)
(0.0571454 0.244875 0)
(0.108037 0.210114 0)
(0.15742 0.179895 0)
(0.203754 0.154146 0)
(0.246335 0.132364 0)
(0.284951 0.113936 0)
(0.319658 0.0982795 0)
(0.350645 0.0848855 0)
(0.37816 0.0733314 0)
(0.402462 0.0632711 0)
(0.423801 0.0544236 0)
(0.442407 0.0465602 0)
(0.458482 0.0394937 0)
(0.4722 0.0330692 0)
(0.483709 0.0271566 0)
(0.493129 0.0216443 0)
(0.500553 0.0164349 0)
(0.506053 0.0114407 0)
(0.509674 0.00658038 0)
(0.511439 0.00177619 0)
(0.511348 -0.00304927 0)
(0.509374 -0.00797563 0)
(0.505467 -0.0130878 0)
(0.49955 -0.0184794 0)
(0.491517 -0.0242563 0)
(0.481228 -0.0305418 0)
(0.468508 -0.0374819 0)
(0.453146 -0.0452531 0)
(0.434887 -0.0540711 0)
(0.413429 -0.0642027 0)
(0.388432 -0.0759795 0)
(0.359515 -0.0898151 0)
(0.326279 -0.106222 0)
(0.288348 -0.125827 0)
(0.245446 -0.149364 0)
(0.197541 -0.177636 0)
(0.145099 -0.211357 0)
(0.0894938 -0.250797 0)
(0.0336086 -0.294974 0)
(-0.0174159 -0.340062 0)
(-0.055457 -0.37654 0)
(-0.069749 -0.384916 0)
(-0.0533041 -0.330642 0)
(-0.0183767 -0.162884 0)
(-0.02588 0.189377 0)
(-0.0643831 0.333679 0)
(-0.0643978 0.351757 0)
(-0.0272804 0.319462 0)
(0.0304479 0.272777 0)
(0.0954755 0.226997 0)
(0.160177 0.187446 0)
(0.220752 0.154976 0)
(0.275657 0.128811 0)
(0.324562 0.107792 0)
(0.367722 0.0908209 0)
(0.405624 0.0769894 0)
(0.438821 0.0655871 0)
(0.467845 0.0560707 0)
(0.493177 0.0480271 0)
(0.515235 0.0411415 0)
(0.534376 0.035172 0)
(0.550898 0.0299306 0)
(0.565053 0.0252691 0)
(0.577045 0.0210686 0)
(0.587043 0.0172319 0)
(0.595181 0.0136779 0)
(0.601562 0.0103368 0)
(0.606265 0.00714712 0)
(0.60934 0.0040527 0)
(0.610816 0.00100019 0)
(0.610695 -0.00206303 0)
(0.608958 -0.00519106 0)
(0.605559 -0.0084417 0)
(0.600423 -0.0118791 0)
(0.593449 -0.0155765 0)
(0.584498 -0.0196207 0)
(0.573393 -0.0241159 0)
(0.55991 -0.0291913 0)
(0.543772 -0.0350088 0)
(0.524639 -0.0417752 0)
(0.502092 -0.0497584 0)
(0.475631 -0.0593095 0)
(0.444658 -0.0708926 0)
(0.408485 -0.0851237 0)
(0.366353 -0.102817 0)
(0.317505 -0.125031 0)
(0.261363 -0.15307 0)
(0.197895 -0.188366 0)
(0.128329 -0.231993 0)
(0.0563857 -0.283275 0)
(-0.00986431 -0.336539 0)
(-0.0558797 -0.374847 0)
(-0.0627857 -0.35834 0)
(-0.0261692 -0.204116 0)
(-0.0296284 0.246728 0)
(-0.0583961 0.346552 0)
(-0.0119537 0.311498 0)
(0.0704013 0.251532 0)
(0.159092 0.196209 0)
(0.242183 0.152086 0)
(0.315607 0.118847 0)
(0.378721 0.0941915 0)
(0.432388 0.0758014 0)
(0.477928 0.061881 0)
(0.516642 0.0511485 0)
(0.549658 0.0427118 0)
(0.577912 0.0359522 0)
(0.602157 0.0304376 0)
(0.622998 0.0258617 0)
(0.640919 0.0220036 0)
(0.656306 0.018701 0)
(0.669471 0.0158319 0)
(0.680662 0.0133034 0)
(0.690079 0.0110425 0)
(0.697881 0.00899095 0)
(0.704195 0.00710106 0)
(0.709116 0.00533252 0)
(0.712715 0.00365024 0)
(0.71504 0.00202254 0)
(0.716119 0.000419611 0)
(0.715956 -0.0011878 0)
(0.714537 -0.00282971 0)
(0.711825 -0.00453827 0)
(0.707758 -0.00634929 0)
(0.702248 -0.00830415 0)
(0.695176 -0.0104522 0)
(0.686387 -0.0128539 0)
(0.675679 -0.0155851 0)
(0.662796 -0.0187433 0)
(0.647415 -0.0224562 0)
(0.629122 -0.0268944 0)
(0.607395 -0.0322907 0)
(0.581569 -0.0389686 0)
(0.550798 -0.0473864 0)
(0.514015 -0.0582043 0)
(0.469893 -0.0723838 0)
(0.41685 -0.0913256 0)
(0.353174 -0.117028 0)
(0.27749 -0.152138 0)
(0.189931 -0.199423 0)
(0.0942953 -0.259587 0)
(0.00283854 -0.325574 0)
(-0.0528331 -0.364952 0)
(-0.0285073 -0.260371 0)
(0.0100409 0.286711 0)
(0.0248653 0.299726 0)
(0.150358 0.214161 0)
(0.281629 0.145883 0)
(0.38779 0.100248 0)
(0.471341 0.0705474 0)
(0.537214 0.051285 0)
(0.589397 0.0385661 0)
(0.631192 0.029888 0)
(0.665132 0.0237436 0)
(0.693053 0.0192356 0)
(0.716278 0.0158206 0)
(0.735769 0.0131596 0)
(0.752238 0.0110348 0)
(0.766219 0.00930128 0)
(0.778115 0.00785953 0)
(0.78824 0.00663919 0)
(0.796836 0.00558907 0)
(0.804093 0.00467099 0)
(0.810161 0.00385568 0)
(0.815157 0.00312017 0)
(0.819174 0.0024459 0)
(0.82228 0.00181741 0)
(0.824528 0.00122142 0)
(0.825952 0.000646021 0)
(0.826572 8.0092e-05 0)
(0.826392 -0.000487228 0)
(0.825404 -0.00106708 0)
(0.823582 -0.00167141 0)
(0.820886 -0.0023136 0)
(0.817253 -0.00300923 0)
(0.812602 -0.00377702 0)
(0.806821 -0.00464023 0)
(0.799769 -0.00562848 0)
(0.79126 -0.00678043 0)
(0.781052 -0.00814786 0)
(0.768832 -0.00980179 0)
(0.75419 -0.0118424 0)
(0.736578 -0.0144149 0)
(0.715262 -0.0177375 0)
(0.689236 -0.0221488 0)
(0.657108 -0.0281944 0)
(0.616921 -0.0367838 0)
(0.565929 -0.0494693 0)
(0.500449 -0.0688964 0)
(0.415919 -0.0993325 0)
(0.306689 -0.14696 0)
(0.169405 -0.218964 0)
(0.0356163 -0.308497 0)
(0.0145894 -0.29473 0)
(0.301251 0.147011 0)
(0.400425 0.127489 0)
(0.564646 0.0751797 0)
(0.682469 0.0427894 0)
(0.752596 0.0251228 0)
(0.7976 0.0154519 0)
(0.828867 0.0100755 0)
(0.851603 0.00698367 0)
(0.868775 0.00510678 0)
(0.882178 0.00389473 0)
(0.892906 0.00306473 0)
(0.901656 0.00246681 0)
(0.90889 0.00201775 0)
(0.914931 0.00166888 0)
(0.920008 0.00139023 0)
(0.924292 0.00116239 0)
(0.927911 0.000972227 0)
(0.930962 0.000810523 0)
(0.93352 0.000670578 0)
(0.935644 0.000547375 0)
(0.93738 0.000437046 0)
(0.938763 0.000336521 0)
(0.93982 0.000243279 0)
(0.94057 0.000155176 0)
(0.941026 7.03097e-05 0)
(0.941196 -1.30789e-05 0)
(0.941083 -9.67038e-05 0)
(0.940682 -0.00018233 0)
(0.939984 -0.00027185 0)
(0.938974 -0.000367398 0)
(0.937629 -0.000471486 0)
(0.935918 -0.000587171 0)
(0.933799 -0.0007183 0)
(0.931216 -0.000869859 0)
(0.928098 -0.00104848 0)
(0.924351 -0.00126327 0)
(0.91985 -0.00152706 0)
(0.914427 -0.00185865 0)
(0.907854 -0.00228667 0)
(0.899813 -0.00285697 0)
(0.889845 -0.00364707 0)
(0.877262 -0.00479597 0)
(0.860986 -0.00656727 0)
(0.839233 -0.00948276 0)
(0.809008 -0.0145893 0)
(0.765009 -0.0239416 0)
(0.695657 -0.0414634 0)
(0.577237 -0.0743109 0)
(0.408945 -0.128032 0)
(0.304997 -0.148435 0)
)
;

boundaryField
{
    movingWall
    {
        type            fixedValue;
        value           uniform (1 0 0);
    }
    fixedWalls
    {
        type            noSlip;
    }
    frontAndBack
    {
        type            empty;
    }
}


// ************************************************************************* //
