/*--------------------------------*- C++ -*----------------------------------*\
| =========                 |                                                 |
| \\      /  F ield         | OpenFOAM: The Open Source CFD Toolbox           |
|  \\    /   O peration     | Version:  v2012                                 |
|   \\  /    A nd           | Website:  www.openfoam.com                      |
|    \\/     M anipulation  |                                                 |
\*---------------------------------------------------------------------------*/
FoamFile
{
    version     2.0;
    format      ascii;
    class       vectorField;
    location    "constant/polyMesh";
    object      points;
}
// * * * * * * * * * * * * * * * * * * * * * * * * * * * * * * * * * * * * * //


2652
(
(0.05 0 0)
(0.052 0 0)
(0.054 0 0)
(0.056 0 0)
(0.058 0 0)
(0.06 0 0)
(0.062 0 0)
(0.064 0 0)
(0.066 0 0)
(0.068 0 0)
(0.07 0 0)
(0.072 0 0)
(0.074 0 0)
(0.076 0 0)
(0.078 0 0)
(0.08 0 0)
(0.082 0 0)
(0.084 0 0)
(0.086 0 0)
(0.088 0 0)
(0.09 0 0)
(0.092 0 0)
(0.094 0 0)
(0.096 0 0)
(0.098 0 0)
(0.1 0 0)
(0.05 0.002 0)
(0.052 0.002 0)
(0.054 0.002 0)
(0.056 0.002 0)
(0.058 0.002 0)
(0.06 0.002 0)
(0.062 0.002 0)
(0.064 0.002 0)
(0.066 0.002 0)
(0.068 0.002 0)
(0.07 0.002 0)
(0.072 0.002 0)
(0.074 0.002 0)
(0.076 0.002 0)
(0.078 0.002 0)
(0.08 0.002 0)
(0.082 0.002 0)
(0.084 0.002 0)
(0.086 0.002 0)
(0.088 0.002 0)
(0.09 0.002 0)
(0.092 0.002 0)
(0.094 0.002 0)
(0.096 0.002 0)
(0.098 0.002 0)
(0.1 0.002 0)
(0.05 0.004 0)
(0.052 0.004 0)
(0.054 0.004 0)
(0.056 0.004 0)
(0.058 0.004 0)
(0.06 0.004 0)
(0.062 0.004 0)
(0.064 0.004 0)
(0.066 0.004 0)
(0.068 0.004 0)
(0.07 0.004 0)
(0.072 0.004 0)
(0.074 0.004 0)
(0.076 0.004 0)
(0.078 0.004 0)
(0.08 0.004 0)
(0.082 0.004 0)
(0.084 0.004 0)
(0.086 0.004 0)
(0.088 0.004 0)
(0.09 0.004 0)
(0.092 0.004 0)
(0.094 0.004 0)
(0.096 0.004 0)
(0.098 0.004 0)
(0.1 0.004 0)
(0.05 0.006 0)
(0.052 0.006 0)
(0.054 0.006 0)
(0.056 0.006 0)
(0.058 0.006 0)
(0.06 0.006 0)
(0.062 0.006 0)
(0.064 0.006 0)
(0.066 0.006 0)
(0.068 0.006 0)
(0.07 0.006 0)
(0.072 0.006 0)
(0.074 0.006 0)
(0.076 0.006 0)
(0.078 0.006 0)
(0.08 0.006 0)
(0.082 0.006 0)
(0.084 0.006 0)
(0.086 0.006 0)
(0.088 0.006 0)
(0.09 0.006 0)
(0.092 0.006 0)
(0.094 0.006 0)
(0.096 0.006 0)
(0.098 0.006 0)
(0.1 0.006 0)
(0.05 0.008 0)
(0.052 0.008 0)
(0.054 0.008 0)
(0.056 0.008 0)
(0.058 0.008 0)
(0.06 0.008 0)
(0.062 0.008 0)
(0.064 0.008 0)
(0.066 0.008 0)
(0.068 0.008 0)
(0.07 0.008 0)
(0.072 0.008 0)
(0.074 0.008 0)
(0.076 0.008 0)
(0.078 0.008 0)
(0.08 0.008 0)
(0.082 0.008 0)
(0.084 0.008 0)
(0.086 0.008 0)
(0.088 0.008 0)
(0.09 0.008 0)
(0.092 0.008 0)
(0.094 0.008 0)
(0.096 0.008 0)
(0.098 0.008 0)
(0.1 0.008 0)
(0.05 0.01 0)
(0.052 0.01 0)
(0.054 0.01 0)
(0.056 0.01 0)
(0.058 0.01 0)
(0.06 0.01 0)
(0.062 0.01 0)
(0.064 0.01 0)
(0.066 0.01 0)
(0.068 0.01 0)
(0.07 0.01 0)
(0.072 0.01 0)
(0.074 0.01 0)
(0.076 0.01 0)
(0.078 0.01 0)
(0.08 0.01 0)
(0.082 0.01 0)
(0.084 0.01 0)
(0.086 0.01 0)
(0.088 0.01 0)
(0.09 0.01 0)
(0.092 0.01 0)
(0.094 0.01 0)
(0.096 0.01 0)
(0.098 0.01 0)
(0.1 0.01 0)
(0.05 0.012 0)
(0.052 0.012 0)
(0.054 0.012 0)
(0.056 0.012 0)
(0.058 0.012 0)
(0.06 0.012 0)
(0.062 0.012 0)
(0.064 0.012 0)
(0.066 0.012 0)
(0.068 0.012 0)
(0.07 0.012 0)
(0.072 0.012 0)
(0.074 0.012 0)
(0.076 0.012 0)
(0.078 0.012 0)
(0.08 0.012 0)
(0.082 0.012 0)
(0.084 0.012 0)
(0.086 0.012 0)
(0.088 0.012 0)
(0.09 0.012 0)
(0.092 0.012 0)
(0.094 0.012 0)
(0.096 0.012 0)
(0.098 0.012 0)
(0.1 0.012 0)
(0.05 0.014 0)
(0.052 0.014 0)
(0.054 0.014 0)
(0.056 0.014 0)
(0.058 0.014 0)
(0.06 0.014 0)
(0.062 0.014 0)
(0.064 0.014 0)
(0.066 0.014 0)
(0.068 0.014 0)
(0.07 0.014 0)
(0.072 0.014 0)
(0.074 0.014 0)
(0.076 0.014 0)
(0.078 0.014 0)
(0.08 0.014 0)
(0.082 0.014 0)
(0.084 0.014 0)
(0.086 0.014 0)
(0.088 0.014 0)
(0.09 0.014 0)
(0.092 0.014 0)
(0.094 0.014 0)
(0.096 0.014 0)
(0.098 0.014 0)
(0.1 0.014 0)
(0.05 0.016 0)
(0.052 0.016 0)
(0.054 0.016 0)
(0.056 0.016 0)
(0.058 0.016 0)
(0.06 0.016 0)
(0.062 0.016 0)
(0.064 0.016 0)
(0.066 0.016 0)
(0.068 0.016 0)
(0.07 0.016 0)
(0.072 0.016 0)
(0.074 0.016 0)
(0.076 0.016 0)
(0.078 0.016 0)
(0.08 0.016 0)
(0.082 0.016 0)
(0.084 0.016 0)
(0.086 0.016 0)
(0.088 0.016 0)
(0.09 0.016 0)
(0.092 0.016 0)
(0.094 0.016 0)
(0.096 0.016 0)
(0.098 0.016 0)
(0.1 0.016 0)
(0.05 0.018 0)
(0.052 0.018 0)
(0.054 0.018 0)
(0.056 0.018 0)
(0.058 0.018 0)
(0.06 0.018 0)
(0.062 0.018 0)
(0.064 0.018 0)
(0.066 0.018 0)
(0.068 0.018 0)
(0.07 0.018 0)
(0.072 0.018 0)
(0.074 0.018 0)
(0.076 0.018 0)
(0.078 0.018 0)
(0.08 0.018 0)
(0.082 0.018 0)
(0.084 0.018 0)
(0.086 0.018 0)
(0.088 0.018 0)
(0.09 0.018 0)
(0.092 0.018 0)
(0.094 0.018 0)
(0.096 0.018 0)
(0.098 0.018 0)
(0.1 0.018 0)
(0.05 0.02 0)
(0.052 0.02 0)
(0.054 0.02 0)
(0.056 0.02 0)
(0.058 0.02 0)
(0.06 0.02 0)
(0.062 0.02 0)
(0.064 0.02 0)
(0.066 0.02 0)
(0.068 0.02 0)
(0.07 0.02 0)
(0.072 0.02 0)
(0.074 0.02 0)
(0.076 0.02 0)
(0.078 0.02 0)
(0.08 0.02 0)
(0.082 0.02 0)
(0.084 0.02 0)
(0.086 0.02 0)
(0.088 0.02 0)
(0.09 0.02 0)
(0.092 0.02 0)
(0.094 0.02 0)
(0.096 0.02 0)
(0.098 0.02 0)
(0.1 0.02 0)
(0.05 0.022 0)
(0.052 0.022 0)
(0.054 0.022 0)
(0.056 0.022 0)
(0.058 0.022 0)
(0.06 0.022 0)
(0.062 0.022 0)
(0.064 0.022 0)
(0.066 0.022 0)
(0.068 0.022 0)
(0.07 0.022 0)
(0.072 0.022 0)
(0.074 0.022 0)
(0.076 0.022 0)
(0.078 0.022 0)
(0.08 0.022 0)
(0.082 0.022 0)
(0.084 0.022 0)
(0.086 0.022 0)
(0.088 0.022 0)
(0.09 0.022 0)
(0.092 0.022 0)
(0.094 0.022 0)
(0.096 0.022 0)
(0.098 0.022 0)
(0.1 0.022 0)
(0.05 0.024 0)
(0.052 0.024 0)
(0.054 0.024 0)
(0.056 0.024 0)
(0.058 0.024 0)
(0.06 0.024 0)
(0.062 0.024 0)
(0.064 0.024 0)
(0.066 0.024 0)
(0.068 0.024 0)
(0.07 0.024 0)
(0.072 0.024 0)
(0.074 0.024 0)
(0.076 0.024 0)
(0.078 0.024 0)
(0.08 0.024 0)
(0.082 0.024 0)
(0.084 0.024 0)
(0.086 0.024 0)
(0.088 0.024 0)
(0.09 0.024 0)
(0.092 0.024 0)
(0.094 0.024 0)
(0.096 0.024 0)
(0.098 0.024 0)
(0.1 0.024 0)
(0.05 0.026 0)
(0.052 0.026 0)
(0.054 0.026 0)
(0.056 0.026 0)
(0.058 0.026 0)
(0.06 0.026 0)
(0.062 0.026 0)
(0.064 0.026 0)
(0.066 0.026 0)
(0.068 0.026 0)
(0.07 0.026 0)
(0.072 0.026 0)
(0.074 0.026 0)
(0.076 0.026 0)
(0.078 0.026 0)
(0.08 0.026 0)
(0.082 0.026 0)
(0.084 0.026 0)
(0.086 0.026 0)
(0.088 0.026 0)
(0.09 0.026 0)
(0.092 0.026 0)
(0.094 0.026 0)
(0.096 0.026 0)
(0.098 0.026 0)
(0.1 0.026 0)
(0.05 0.028 0)
(0.052 0.028 0)
(0.054 0.028 0)
(0.056 0.028 0)
(0.058 0.028 0)
(0.06 0.028 0)
(0.062 0.028 0)
(0.064 0.028 0)
(0.066 0.028 0)
(0.068 0.028 0)
(0.07 0.028 0)
(0.072 0.028 0)
(0.074 0.028 0)
(0.076 0.028 0)
(0.078 0.028 0)
(0.08 0.028 0)
(0.082 0.028 0)
(0.084 0.028 0)
(0.086 0.028 0)
(0.088 0.028 0)
(0.09 0.028 0)
(0.092 0.028 0)
(0.094 0.028 0)
(0.096 0.028 0)
(0.098 0.028 0)
(0.1 0.028 0)
(0.05 0.03 0)
(0.052 0.03 0)
(0.054 0.03 0)
(0.056 0.03 0)
(0.058 0.03 0)
(0.06 0.03 0)
(0.062 0.03 0)
(0.064 0.03 0)
(0.066 0.03 0)
(0.068 0.03 0)
(0.07 0.03 0)
(0.072 0.03 0)
(0.074 0.03 0)
(0.076 0.03 0)
(0.078 0.03 0)
(0.08 0.03 0)
(0.082 0.03 0)
(0.084 0.03 0)
(0.086 0.03 0)
(0.088 0.03 0)
(0.09 0.03 0)
(0.092 0.03 0)
(0.094 0.03 0)
(0.096 0.03 0)
(0.098 0.03 0)
(0.1 0.03 0)
(0.05 0.032 0)
(0.052 0.032 0)
(0.054 0.032 0)
(0.056 0.032 0)
(0.058 0.032 0)
(0.06 0.032 0)
(0.062 0.032 0)
(0.064 0.032 0)
(0.066 0.032 0)
(0.068 0.032 0)
(0.07 0.032 0)
(0.072 0.032 0)
(0.074 0.032 0)
(0.076 0.032 0)
(0.078 0.032 0)
(0.08 0.032 0)
(0.082 0.032 0)
(0.084 0.032 0)
(0.086 0.032 0)
(0.088 0.032 0)
(0.09 0.032 0)
(0.092 0.032 0)
(0.094 0.032 0)
(0.096 0.032 0)
(0.098 0.032 0)
(0.1 0.032 0)
(0.05 0.034 0)
(0.052 0.034 0)
(0.054 0.034 0)
(0.056 0.034 0)
(0.058 0.034 0)
(0.06 0.034 0)
(0.062 0.034 0)
(0.064 0.034 0)
(0.066 0.034 0)
(0.068 0.034 0)
(0.07 0.034 0)
(0.072 0.034 0)
(0.074 0.034 0)
(0.076 0.034 0)
(0.078 0.034 0)
(0.08 0.034 0)
(0.082 0.034 0)
(0.084 0.034 0)
(0.086 0.034 0)
(0.088 0.034 0)
(0.09 0.034 0)
(0.092 0.034 0)
(0.094 0.034 0)
(0.096 0.034 0)
(0.098 0.034 0)
(0.1 0.034 0)
(0.05 0.036 0)
(0.052 0.036 0)
(0.054 0.036 0)
(0.056 0.036 0)
(0.058 0.036 0)
(0.06 0.036 0)
(0.062 0.036 0)
(0.064 0.036 0)
(0.066 0.036 0)
(0.068 0.036 0)
(0.07 0.036 0)
(0.072 0.036 0)
(0.074 0.036 0)
(0.076 0.036 0)
(0.078 0.036 0)
(0.08 0.036 0)
(0.082 0.036 0)
(0.084 0.036 0)
(0.086 0.036 0)
(0.088 0.036 0)
(0.09 0.036 0)
(0.092 0.036 0)
(0.094 0.036 0)
(0.096 0.036 0)
(0.098 0.036 0)
(0.1 0.036 0)
(0.05 0.038 0)
(0.052 0.038 0)
(0.054 0.038 0)
(0.056 0.038 0)
(0.058 0.038 0)
(0.06 0.038 0)
(0.062 0.038 0)
(0.064 0.038 0)
(0.066 0.038 0)
(0.068 0.038 0)
(0.07 0.038 0)
(0.072 0.038 0)
(0.074 0.038 0)
(0.076 0.038 0)
(0.078 0.038 0)
(0.08 0.038 0)
(0.082 0.038 0)
(0.084 0.038 0)
(0.086 0.038 0)
(0.088 0.038 0)
(0.09 0.038 0)
(0.092 0.038 0)
(0.094 0.038 0)
(0.096 0.038 0)
(0.098 0.038 0)
(0.1 0.038 0)
(0.05 0.04 0)
(0.052 0.04 0)
(0.054 0.04 0)
(0.056 0.04 0)
(0.058 0.04 0)
(0.06 0.04 0)
(0.062 0.04 0)
(0.064 0.04 0)
(0.066 0.04 0)
(0.068 0.04 0)
(0.07 0.04 0)
(0.072 0.04 0)
(0.074 0.04 0)
(0.076 0.04 0)
(0.078 0.04 0)
(0.08 0.04 0)
(0.082 0.04 0)
(0.084 0.04 0)
(0.086 0.04 0)
(0.088 0.04 0)
(0.09 0.04 0)
(0.092 0.04 0)
(0.094 0.04 0)
(0.096 0.04 0)
(0.098 0.04 0)
(0.1 0.04 0)
(0.05 0.042 0)
(0.052 0.042 0)
(0.054 0.042 0)
(0.056 0.042 0)
(0.058 0.042 0)
(0.06 0.042 0)
(0.062 0.042 0)
(0.064 0.042 0)
(0.066 0.042 0)
(0.068 0.042 0)
(0.07 0.042 0)
(0.072 0.042 0)
(0.074 0.042 0)
(0.076 0.042 0)
(0.078 0.042 0)
(0.08 0.042 0)
(0.082 0.042 0)
(0.084 0.042 0)
(0.086 0.042 0)
(0.088 0.042 0)
(0.09 0.042 0)
(0.092 0.042 0)
(0.094 0.042 0)
(0.096 0.042 0)
(0.098 0.042 0)
(0.1 0.042 0)
(0.05 0.044 0)
(0.052 0.044 0)
(0.054 0.044 0)
(0.056 0.044 0)
(0.058 0.044 0)
(0.06 0.044 0)
(0.062 0.044 0)
(0.064 0.044 0)
(0.066 0.044 0)
(0.068 0.044 0)
(0.07 0.044 0)
(0.072 0.044 0)
(0.074 0.044 0)
(0.076 0.044 0)
(0.078 0.044 0)
(0.08 0.044 0)
(0.082 0.044 0)
(0.084 0.044 0)
(0.086 0.044 0)
(0.088 0.044 0)
(0.09 0.044 0)
(0.092 0.044 0)
(0.094 0.044 0)
(0.096 0.044 0)
(0.098 0.044 0)
(0.1 0.044 0)
(0.05 0.046 0)
(0.052 0.046 0)
(0.054 0.046 0)
(0.056 0.046 0)
(0.058 0.046 0)
(0.06 0.046 0)
(0.062 0.046 0)
(0.064 0.046 0)
(0.066 0.046 0)
(0.068 0.046 0)
(0.07 0.046 0)
(0.072 0.046 0)
(0.074 0.046 0)
(0.076 0.046 0)
(0.078 0.046 0)
(0.08 0.046 0)
(0.082 0.046 0)
(0.084 0.046 0)
(0.086 0.046 0)
(0.088 0.046 0)
(0.09 0.046 0)
(0.092 0.046 0)
(0.094 0.046 0)
(0.096 0.046 0)
(0.098 0.046 0)
(0.1 0.046 0)
(0.05 0.048 0)
(0.052 0.048 0)
(0.054 0.048 0)
(0.056 0.048 0)
(0.058 0.048 0)
(0.06 0.048 0)
(0.062 0.048 0)
(0.064 0.048 0)
(0.066 0.048 0)
(0.068 0.048 0)
(0.07 0.048 0)
(0.072 0.048 0)
(0.074 0.048 0)
(0.076 0.048 0)
(0.078 0.048 0)
(0.08 0.048 0)
(0.082 0.048 0)
(0.084 0.048 0)
(0.086 0.048 0)
(0.088 0.048 0)
(0.09 0.048 0)
(0.092 0.048 0)
(0.094 0.048 0)
(0.096 0.048 0)
(0.098 0.048 0)
(0.1 0.048 0)
(0.05 0.05 0)
(0.052 0.05 0)
(0.054 0.05 0)
(0.056 0.05 0)
(0.058 0.05 0)
(0.06 0.05 0)
(0.062 0.05 0)
(0.064 0.05 0)
(0.066 0.05 0)
(0.068 0.05 0)
(0.07 0.05 0)
(0.072 0.05 0)
(0.074 0.05 0)
(0.076 0.05 0)
(0.078 0.05 0)
(0.08 0.05 0)
(0.082 0.05 0)
(0.084 0.05 0)
(0.086 0.05 0)
(0.088 0.05 0)
(0.09 0.05 0)
(0.092 0.05 0)
(0.094 0.05 0)
(0.096 0.05 0)
(0.098 0.05 0)
(0.1 0.05 0)
(0.05 0.052 0)
(0.052 0.052 0)
(0.054 0.052 0)
(0.056 0.052 0)
(0.058 0.052 0)
(0.06 0.052 0)
(0.062 0.052 0)
(0.064 0.052 0)
(0.066 0.052 0)
(0.068 0.052 0)
(0.07 0.052 0)
(0.072 0.052 0)
(0.074 0.052 0)
(0.076 0.052 0)
(0.078 0.052 0)
(0.08 0.052 0)
(0.082 0.052 0)
(0.084 0.052 0)
(0.086 0.052 0)
(0.088 0.052 0)
(0.09 0.052 0)
(0.092 0.052 0)
(0.094 0.052 0)
(0.096 0.052 0)
(0.098 0.052 0)
(0.1 0.052 0)
(0.05 0.054 0)
(0.052 0.054 0)
(0.054 0.054 0)
(0.056 0.054 0)
(0.058 0.054 0)
(0.06 0.054 0)
(0.062 0.054 0)
(0.064 0.054 0)
(0.066 0.054 0)
(0.068 0.054 0)
(0.07 0.054 0)
(0.072 0.054 0)
(0.074 0.054 0)
(0.076 0.054 0)
(0.078 0.054 0)
(0.08 0.054 0)
(0.082 0.054 0)
(0.084 0.054 0)
(0.086 0.054 0)
(0.088 0.054 0)
(0.09 0.054 0)
(0.092 0.054 0)
(0.094 0.054 0)
(0.096 0.054 0)
(0.098 0.054 0)
(0.1 0.054 0)
(0.05 0.056 0)
(0.052 0.056 0)
(0.054 0.056 0)
(0.056 0.056 0)
(0.058 0.056 0)
(0.06 0.056 0)
(0.062 0.056 0)
(0.064 0.056 0)
(0.066 0.056 0)
(0.068 0.056 0)
(0.07 0.056 0)
(0.072 0.056 0)
(0.074 0.056 0)
(0.076 0.056 0)
(0.078 0.056 0)
(0.08 0.056 0)
(0.082 0.056 0)
(0.084 0.056 0)
(0.086 0.056 0)
(0.088 0.056 0)
(0.09 0.056 0)
(0.092 0.056 0)
(0.094 0.056 0)
(0.096 0.056 0)
(0.098 0.056 0)
(0.1 0.056 0)
(0.05 0.058 0)
(0.052 0.058 0)
(0.054 0.058 0)
(0.056 0.058 0)
(0.058 0.058 0)
(0.06 0.058 0)
(0.062 0.058 0)
(0.064 0.058 0)
(0.066 0.058 0)
(0.068 0.058 0)
(0.07 0.058 0)
(0.072 0.058 0)
(0.074 0.058 0)
(0.076 0.058 0)
(0.078 0.058 0)
(0.08 0.058 0)
(0.082 0.058 0)
(0.084 0.058 0)
(0.086 0.058 0)
(0.088 0.058 0)
(0.09 0.058 0)
(0.092 0.058 0)
(0.094 0.058 0)
(0.096 0.058 0)
(0.098 0.058 0)
(0.1 0.058 0)
(0.05 0.06 0)
(0.052 0.06 0)
(0.054 0.06 0)
(0.056 0.06 0)
(0.058 0.06 0)
(0.06 0.06 0)
(0.062 0.06 0)
(0.064 0.06 0)
(0.066 0.06 0)
(0.068 0.06 0)
(0.07 0.06 0)
(0.072 0.06 0)
(0.074 0.06 0)
(0.076 0.06 0)
(0.078 0.06 0)
(0.08 0.06 0)
(0.082 0.06 0)
(0.084 0.06 0)
(0.086 0.06 0)
(0.088 0.06 0)
(0.09 0.06 0)
(0.092 0.06 0)
(0.094 0.06 0)
(0.096 0.06 0)
(0.098 0.06 0)
(0.1 0.06 0)
(0.05 0.062 0)
(0.052 0.062 0)
(0.054 0.062 0)
(0.056 0.062 0)
(0.058 0.062 0)
(0.06 0.062 0)
(0.062 0.062 0)
(0.064 0.062 0)
(0.066 0.062 0)
(0.068 0.062 0)
(0.07 0.062 0)
(0.072 0.062 0)
(0.074 0.062 0)
(0.076 0.062 0)
(0.078 0.062 0)
(0.08 0.062 0)
(0.082 0.062 0)
(0.084 0.062 0)
(0.086 0.062 0)
(0.088 0.062 0)
(0.09 0.062 0)
(0.092 0.062 0)
(0.094 0.062 0)
(0.096 0.062 0)
(0.098 0.062 0)
(0.1 0.062 0)
(0.05 0.064 0)
(0.052 0.064 0)
(0.054 0.064 0)
(0.056 0.064 0)
(0.058 0.064 0)
(0.06 0.064 0)
(0.062 0.064 0)
(0.064 0.064 0)
(0.066 0.064 0)
(0.068 0.064 0)
(0.07 0.064 0)
(0.072 0.064 0)
(0.074 0.064 0)
(0.076 0.064 0)
(0.078 0.064 0)
(0.08 0.064 0)
(0.082 0.064 0)
(0.084 0.064 0)
(0.086 0.064 0)
(0.088 0.064 0)
(0.09 0.064 0)
(0.092 0.064 0)
(0.094 0.064 0)
(0.096 0.064 0)
(0.098 0.064 0)
(0.1 0.064 0)
(0.05 0.066 0)
(0.052 0.066 0)
(0.054 0.066 0)
(0.056 0.066 0)
(0.058 0.066 0)
(0.06 0.066 0)
(0.062 0.066 0)
(0.064 0.066 0)
(0.066 0.066 0)
(0.068 0.066 0)
(0.07 0.066 0)
(0.072 0.066 0)
(0.074 0.066 0)
(0.076 0.066 0)
(0.078 0.066 0)
(0.08 0.066 0)
(0.082 0.066 0)
(0.084 0.066 0)
(0.086 0.066 0)
(0.088 0.066 0)
(0.09 0.066 0)
(0.092 0.066 0)
(0.094 0.066 0)
(0.096 0.066 0)
(0.098 0.066 0)
(0.1 0.066 0)
(0.05 0.068 0)
(0.052 0.068 0)
(0.054 0.068 0)
(0.056 0.068 0)
(0.058 0.068 0)
(0.06 0.068 0)
(0.062 0.068 0)
(0.064 0.068 0)
(0.066 0.068 0)
(0.068 0.068 0)
(0.07 0.068 0)
(0.072 0.068 0)
(0.074 0.068 0)
(0.076 0.068 0)
(0.078 0.068 0)
(0.08 0.068 0)
(0.082 0.068 0)
(0.084 0.068 0)
(0.086 0.068 0)
(0.088 0.068 0)
(0.09 0.068 0)
(0.092 0.068 0)
(0.094 0.068 0)
(0.096 0.068 0)
(0.098 0.068 0)
(0.1 0.068 0)
(0.05 0.07 0)
(0.052 0.07 0)
(0.054 0.07 0)
(0.056 0.07 0)
(0.058 0.07 0)
(0.06 0.07 0)
(0.062 0.07 0)
(0.064 0.07 0)
(0.066 0.07 0)
(0.068 0.07 0)
(0.07 0.07 0)
(0.072 0.07 0)
(0.074 0.07 0)
(0.076 0.07 0)
(0.078 0.07 0)
(0.08 0.07 0)
(0.082 0.07 0)
(0.084 0.07 0)
(0.086 0.07 0)
(0.088 0.07 0)
(0.09 0.07 0)
(0.092 0.07 0)
(0.094 0.07 0)
(0.096 0.07 0)
(0.098 0.07 0)
(0.1 0.07 0)
(0.05 0.072 0)
(0.052 0.072 0)
(0.054 0.072 0)
(0.056 0.072 0)
(0.058 0.072 0)
(0.06 0.072 0)
(0.062 0.072 0)
(0.064 0.072 0)
(0.066 0.072 0)
(0.068 0.072 0)
(0.07 0.072 0)
(0.072 0.072 0)
(0.074 0.072 0)
(0.076 0.072 0)
(0.078 0.072 0)
(0.08 0.072 0)
(0.082 0.072 0)
(0.084 0.072 0)
(0.086 0.072 0)
(0.088 0.072 0)
(0.09 0.072 0)
(0.092 0.072 0)
(0.094 0.072 0)
(0.096 0.072 0)
(0.098 0.072 0)
(0.1 0.072 0)
(0.05 0.074 0)
(0.052 0.074 0)
(0.054 0.074 0)
(0.056 0.074 0)
(0.058 0.074 0)
(0.06 0.074 0)
(0.062 0.074 0)
(0.064 0.074 0)
(0.066 0.074 0)
(0.068 0.074 0)
(0.07 0.074 0)
(0.072 0.074 0)
(0.074 0.074 0)
(0.076 0.074 0)
(0.078 0.074 0)
(0.08 0.074 0)
(0.082 0.074 0)
(0.084 0.074 0)
(0.086 0.074 0)
(0.088 0.074 0)
(0.09 0.074 0)
(0.092 0.074 0)
(0.094 0.074 0)
(0.096 0.074 0)
(0.098 0.074 0)
(0.1 0.074 0)
(0.05 0.076 0)
(0.052 0.076 0)
(0.054 0.076 0)
(0.056 0.076 0)
(0.058 0.076 0)
(0.06 0.076 0)
(0.062 0.076 0)
(0.064 0.076 0)
(0.066 0.076 0)
(0.068 0.076 0)
(0.07 0.076 0)
(0.072 0.076 0)
(0.074 0.076 0)
(0.076 0.076 0)
(0.078 0.076 0)
(0.08 0.076 0)
(0.082 0.076 0)
(0.084 0.076 0)
(0.086 0.076 0)
(0.088 0.076 0)
(0.09 0.076 0)
(0.092 0.076 0)
(0.094 0.076 0)
(0.096 0.076 0)
(0.098 0.076 0)
(0.1 0.076 0)
(0.05 0.078 0)
(0.052 0.078 0)
(0.054 0.078 0)
(0.056 0.078 0)
(0.058 0.078 0)
(0.06 0.078 0)
(0.062 0.078 0)
(0.064 0.078 0)
(0.066 0.078 0)
(0.068 0.078 0)
(0.07 0.078 0)
(0.072 0.078 0)
(0.074 0.078 0)
(0.076 0.078 0)
(0.078 0.078 0)
(0.08 0.078 0)
(0.082 0.078 0)
(0.084 0.078 0)
(0.086 0.078 0)
(0.088 0.078 0)
(0.09 0.078 0)
(0.092 0.078 0)
(0.094 0.078 0)
(0.096 0.078 0)
(0.098 0.078 0)
(0.1 0.078 0)
(0.05 0.08 0)
(0.052 0.08 0)
(0.054 0.08 0)
(0.056 0.08 0)
(0.058 0.08 0)
(0.06 0.08 0)
(0.062 0.08 0)
(0.064 0.08 0)
(0.066 0.08 0)
(0.068 0.08 0)
(0.07 0.08 0)
(0.072 0.08 0)
(0.074 0.08 0)
(0.076 0.08 0)
(0.078 0.08 0)
(0.08 0.08 0)
(0.082 0.08 0)
(0.084 0.08 0)
(0.086 0.08 0)
(0.088 0.08 0)
(0.09 0.08 0)
(0.092 0.08 0)
(0.094 0.08 0)
(0.096 0.08 0)
(0.098 0.08 0)
(0.1 0.08 0)
(0.05 0.082 0)
(0.052 0.082 0)
(0.054 0.082 0)
(0.056 0.082 0)
(0.058 0.082 0)
(0.06 0.082 0)
(0.062 0.082 0)
(0.064 0.082 0)
(0.066 0.082 0)
(0.068 0.082 0)
(0.07 0.082 0)
(0.072 0.082 0)
(0.074 0.082 0)
(0.076 0.082 0)
(0.078 0.082 0)
(0.08 0.082 0)
(0.082 0.082 0)
(0.084 0.082 0)
(0.086 0.082 0)
(0.088 0.082 0)
(0.09 0.082 0)
(0.092 0.082 0)
(0.094 0.082 0)
(0.096 0.082 0)
(0.098 0.082 0)
(0.1 0.082 0)
(0.05 0.084 0)
(0.052 0.084 0)
(0.054 0.084 0)
(0.056 0.084 0)
(0.058 0.084 0)
(0.06 0.084 0)
(0.062 0.084 0)
(0.064 0.084 0)
(0.066 0.084 0)
(0.068 0.084 0)
(0.07 0.084 0)
(0.072 0.084 0)
(0.074 0.084 0)
(0.076 0.084 0)
(0.078 0.084 0)
(0.08 0.084 0)
(0.082 0.084 0)
(0.084 0.084 0)
(0.086 0.084 0)
(0.088 0.084 0)
(0.09 0.084 0)
(0.092 0.084 0)
(0.094 0.084 0)
(0.096 0.084 0)
(0.098 0.084 0)
(0.1 0.084 0)
(0.05 0.086 0)
(0.052 0.086 0)
(0.054 0.086 0)
(0.056 0.086 0)
(0.058 0.086 0)
(0.06 0.086 0)
(0.062 0.086 0)
(0.064 0.086 0)
(0.066 0.086 0)
(0.068 0.086 0)
(0.07 0.086 0)
(0.072 0.086 0)
(0.074 0.086 0)
(0.076 0.086 0)
(0.078 0.086 0)
(0.08 0.086 0)
(0.082 0.086 0)
(0.084 0.086 0)
(0.086 0.086 0)
(0.088 0.086 0)
(0.09 0.086 0)
(0.092 0.086 0)
(0.094 0.086 0)
(0.096 0.086 0)
(0.098 0.086 0)
(0.1 0.086 0)
(0.05 0.088 0)
(0.052 0.088 0)
(0.054 0.088 0)
(0.056 0.088 0)
(0.058 0.088 0)
(0.06 0.088 0)
(0.062 0.088 0)
(0.064 0.088 0)
(0.066 0.088 0)
(0.068 0.088 0)
(0.07 0.088 0)
(0.072 0.088 0)
(0.074 0.088 0)
(0.076 0.088 0)
(0.078 0.088 0)
(0.08 0.088 0)
(0.082 0.088 0)
(0.084 0.088 0)
(0.086 0.088 0)
(0.088 0.088 0)
(0.09 0.088 0)
(0.092 0.088 0)
(0.094 0.088 0)
(0.096 0.088 0)
(0.098 0.088 0)
(0.1 0.088 0)
(0.05 0.09 0)
(0.052 0.09 0)
(0.054 0.09 0)
(0.056 0.09 0)
(0.058 0.09 0)
(0.06 0.09 0)
(0.062 0.09 0)
(0.064 0.09 0)
(0.066 0.09 0)
(0.068 0.09 0)
(0.07 0.09 0)
(0.072 0.09 0)
(0.074 0.09 0)
(0.076 0.09 0)
(0.078 0.09 0)
(0.08 0.09 0)
(0.082 0.09 0)
(0.084 0.09 0)
(0.086 0.09 0)
(0.088 0.09 0)
(0.09 0.09 0)
(0.092 0.09 0)
(0.094 0.09 0)
(0.096 0.09 0)
(0.098 0.09 0)
(0.1 0.09 0)
(0.05 0.092 0)
(0.052 0.092 0)
(0.054 0.092 0)
(0.056 0.092 0)
(0.058 0.092 0)
(0.06 0.092 0)
(0.062 0.092 0)
(0.064 0.092 0)
(0.066 0.092 0)
(0.068 0.092 0)
(0.07 0.092 0)
(0.072 0.092 0)
(0.074 0.092 0)
(0.076 0.092 0)
(0.078 0.092 0)
(0.08 0.092 0)
(0.082 0.092 0)
(0.084 0.092 0)
(0.086 0.092 0)
(0.088 0.092 0)
(0.09 0.092 0)
(0.092 0.092 0)
(0.094 0.092 0)
(0.096 0.092 0)
(0.098 0.092 0)
(0.1 0.092 0)
(0.05 0.094 0)
(0.052 0.094 0)
(0.054 0.094 0)
(0.056 0.094 0)
(0.058 0.094 0)
(0.06 0.094 0)
(0.062 0.094 0)
(0.064 0.094 0)
(0.066 0.094 0)
(0.068 0.094 0)
(0.07 0.094 0)
(0.072 0.094 0)
(0.074 0.094 0)
(0.076 0.094 0)
(0.078 0.094 0)
(0.08 0.094 0)
(0.082 0.094 0)
(0.084 0.094 0)
(0.086 0.094 0)
(0.088 0.094 0)
(0.09 0.094 0)
(0.092 0.094 0)
(0.094 0.094 0)
(0.096 0.094 0)
(0.098 0.094 0)
(0.1 0.094 0)
(0.05 0.096 0)
(0.052 0.096 0)
(0.054 0.096 0)
(0.056 0.096 0)
(0.058 0.096 0)
(0.06 0.096 0)
(0.062 0.096 0)
(0.064 0.096 0)
(0.066 0.096 0)
(0.068 0.096 0)
(0.07 0.096 0)
(0.072 0.096 0)
(0.074 0.096 0)
(0.076 0.096 0)
(0.078 0.096 0)
(0.08 0.096 0)
(0.082 0.096 0)
(0.084 0.096 0)
(0.086 0.096 0)
(0.088 0.096 0)
(0.09 0.096 0)
(0.092 0.096 0)
(0.094 0.096 0)
(0.096 0.096 0)
(0.098 0.096 0)
(0.1 0.096 0)
(0.05 0.098 0)
(0.052 0.098 0)
(0.054 0.098 0)
(0.056 0.098 0)
(0.058 0.098 0)
(0.06 0.098 0)
(0.062 0.098 0)
(0.064 0.098 0)
(0.066 0.098 0)
(0.068 0.098 0)
(0.07 0.098 0)
(0.072 0.098 0)
(0.074 0.098 0)
(0.076 0.098 0)
(0.078 0.098 0)
(0.08 0.098 0)
(0.082 0.098 0)
(0.084 0.098 0)
(0.086 0.098 0)
(0.088 0.098 0)
(0.09 0.098 0)
(0.092 0.098 0)
(0.094 0.098 0)
(0.096 0.098 0)
(0.098 0.098 0)
(0.1 0.098 0)
(0.05 0.1 0)
(0.052 0.1 0)
(0.054 0.1 0)
(0.056 0.1 0)
(0.058 0.1 0)
(0.06 0.1 0)
(0.062 0.1 0)
(0.064 0.1 0)
(0.066 0.1 0)
(0.068 0.1 0)
(0.07 0.1 0)
(0.072 0.1 0)
(0.074 0.1 0)
(0.076 0.1 0)
(0.078 0.1 0)
(0.08 0.1 0)
(0.082 0.1 0)
(0.084 0.1 0)
(0.086 0.1 0)
(0.088 0.1 0)
(0.09 0.1 0)
(0.092 0.1 0)
(0.094 0.1 0)
(0.096 0.1 0)
(0.098 0.1 0)
(0.1 0.1 0)
(0.05 0 0.01)
(0.052 0 0.01)
(0.054 0 0.01)
(0.056 0 0.01)
(0.058 0 0.01)
(0.06 0 0.01)
(0.062 0 0.01)
(0.064 0 0.01)
(0.066 0 0.01)
(0.068 0 0.01)
(0.07 0 0.01)
(0.072 0 0.01)
(0.074 0 0.01)
(0.076 0 0.01)
(0.078 0 0.01)
(0.08 0 0.01)
(0.082 0 0.01)
(0.084 0 0.01)
(0.086 0 0.01)
(0.088 0 0.01)
(0.09 0 0.01)
(0.092 0 0.01)
(0.094 0 0.01)
(0.096 0 0.01)
(0.098 0 0.01)
(0.1 0 0.01)
(0.05 0.002 0.01)
(0.052 0.002 0.01)
(0.054 0.002 0.01)
(0.056 0.002 0.01)
(0.058 0.002 0.01)
(0.06 0.002 0.01)
(0.062 0.002 0.01)
(0.064 0.002 0.01)
(0.066 0.002 0.01)
(0.068 0.002 0.01)
(0.07 0.002 0.01)
(0.072 0.002 0.01)
(0.074 0.002 0.01)
(0.076 0.002 0.01)
(0.078 0.002 0.01)
(0.08 0.002 0.01)
(0.082 0.002 0.01)
(0.084 0.002 0.01)
(0.086 0.002 0.01)
(0.088 0.002 0.01)
(0.09 0.002 0.01)
(0.092 0.002 0.01)
(0.094 0.002 0.01)
(0.096 0.002 0.01)
(0.098 0.002 0.01)
(0.1 0.002 0.01)
(0.05 0.004 0.01)
(0.052 0.004 0.01)
(0.054 0.004 0.01)
(0.056 0.004 0.01)
(0.058 0.004 0.01)
(0.06 0.004 0.01)
(0.062 0.004 0.01)
(0.064 0.004 0.01)
(0.066 0.004 0.01)
(0.068 0.004 0.01)
(0.07 0.004 0.01)
(0.072 0.004 0.01)
(0.074 0.004 0.01)
(0.076 0.004 0.01)
(0.078 0.004 0.01)
(0.08 0.004 0.01)
(0.082 0.004 0.01)
(0.084 0.004 0.01)
(0.086 0.004 0.01)
(0.088 0.004 0.01)
(0.09 0.004 0.01)
(0.092 0.004 0.01)
(0.094 0.004 0.01)
(0.096 0.004 0.01)
(0.098 0.004 0.01)
(0.1 0.004 0.01)
(0.05 0.006 0.01)
(0.052 0.006 0.01)
(0.054 0.006 0.01)
(0.056 0.006 0.01)
(0.058 0.006 0.01)
(0.06 0.006 0.01)
(0.062 0.006 0.01)
(0.064 0.006 0.01)
(0.066 0.006 0.01)
(0.068 0.006 0.01)
(0.07 0.006 0.01)
(0.072 0.006 0.01)
(0.074 0.006 0.01)
(0.076 0.006 0.01)
(0.078 0.006 0.01)
(0.08 0.006 0.01)
(0.082 0.006 0.01)
(0.084 0.006 0.01)
(0.086 0.006 0.01)
(0.088 0.006 0.01)
(0.09 0.006 0.01)
(0.092 0.006 0.01)
(0.094 0.006 0.01)
(0.096 0.006 0.01)
(0.098 0.006 0.01)
(0.1 0.006 0.01)
(0.05 0.008 0.01)
(0.052 0.008 0.01)
(0.054 0.008 0.01)
(0.056 0.008 0.01)
(0.058 0.008 0.01)
(0.06 0.008 0.01)
(0.062 0.008 0.01)
(0.064 0.008 0.01)
(0.066 0.008 0.01)
(0.068 0.008 0.01)
(0.07 0.008 0.01)
(0.072 0.008 0.01)
(0.074 0.008 0.01)
(0.076 0.008 0.01)
(0.078 0.008 0.01)
(0.08 0.008 0.01)
(0.082 0.008 0.01)
(0.084 0.008 0.01)
(0.086 0.008 0.01)
(0.088 0.008 0.01)
(0.09 0.008 0.01)
(0.092 0.008 0.01)
(0.094 0.008 0.01)
(0.096 0.008 0.01)
(0.098 0.008 0.01)
(0.1 0.008 0.01)
(0.05 0.01 0.01)
(0.052 0.01 0.01)
(0.054 0.01 0.01)
(0.056 0.01 0.01)
(0.058 0.01 0.01)
(0.06 0.01 0.01)
(0.062 0.01 0.01)
(0.064 0.01 0.01)
(0.066 0.01 0.01)
(0.068 0.01 0.01)
(0.07 0.01 0.01)
(0.072 0.01 0.01)
(0.074 0.01 0.01)
(0.076 0.01 0.01)
(0.078 0.01 0.01)
(0.08 0.01 0.01)
(0.082 0.01 0.01)
(0.084 0.01 0.01)
(0.086 0.01 0.01)
(0.088 0.01 0.01)
(0.09 0.01 0.01)
(0.092 0.01 0.01)
(0.094 0.01 0.01)
(0.096 0.01 0.01)
(0.098 0.01 0.01)
(0.1 0.01 0.01)
(0.05 0.012 0.01)
(0.052 0.012 0.01)
(0.054 0.012 0.01)
(0.056 0.012 0.01)
(0.058 0.012 0.01)
(0.06 0.012 0.01)
(0.062 0.012 0.01)
(0.064 0.012 0.01)
(0.066 0.012 0.01)
(0.068 0.012 0.01)
(0.07 0.012 0.01)
(0.072 0.012 0.01)
(0.074 0.012 0.01)
(0.076 0.012 0.01)
(0.078 0.012 0.01)
(0.08 0.012 0.01)
(0.082 0.012 0.01)
(0.084 0.012 0.01)
(0.086 0.012 0.01)
(0.088 0.012 0.01)
(0.09 0.012 0.01)
(0.092 0.012 0.01)
(0.094 0.012 0.01)
(0.096 0.012 0.01)
(0.098 0.012 0.01)
(0.1 0.012 0.01)
(0.05 0.014 0.01)
(0.052 0.014 0.01)
(0.054 0.014 0.01)
(0.056 0.014 0.01)
(0.058 0.014 0.01)
(0.06 0.014 0.01)
(0.062 0.014 0.01)
(0.064 0.014 0.01)
(0.066 0.014 0.01)
(0.068 0.014 0.01)
(0.07 0.014 0.01)
(0.072 0.014 0.01)
(0.074 0.014 0.01)
(0.076 0.014 0.01)
(0.078 0.014 0.01)
(0.08 0.014 0.01)
(0.082 0.014 0.01)
(0.084 0.014 0.01)
(0.086 0.014 0.01)
(0.088 0.014 0.01)
(0.09 0.014 0.01)
(0.092 0.014 0.01)
(0.094 0.014 0.01)
(0.096 0.014 0.01)
(0.098 0.014 0.01)
(0.1 0.014 0.01)
(0.05 0.016 0.01)
(0.052 0.016 0.01)
(0.054 0.016 0.01)
(0.056 0.016 0.01)
(0.058 0.016 0.01)
(0.06 0.016 0.01)
(0.062 0.016 0.01)
(0.064 0.016 0.01)
(0.066 0.016 0.01)
(0.068 0.016 0.01)
(0.07 0.016 0.01)
(0.072 0.016 0.01)
(0.074 0.016 0.01)
(0.076 0.016 0.01)
(0.078 0.016 0.01)
(0.08 0.016 0.01)
(0.082 0.016 0.01)
(0.084 0.016 0.01)
(0.086 0.016 0.01)
(0.088 0.016 0.01)
(0.09 0.016 0.01)
(0.092 0.016 0.01)
(0.094 0.016 0.01)
(0.096 0.016 0.01)
(0.098 0.016 0.01)
(0.1 0.016 0.01)
(0.05 0.018 0.01)
(0.052 0.018 0.01)
(0.054 0.018 0.01)
(0.056 0.018 0.01)
(0.058 0.018 0.01)
(0.06 0.018 0.01)
(0.062 0.018 0.01)
(0.064 0.018 0.01)
(0.066 0.018 0.01)
(0.068 0.018 0.01)
(0.07 0.018 0.01)
(0.072 0.018 0.01)
(0.074 0.018 0.01)
(0.076 0.018 0.01)
(0.078 0.018 0.01)
(0.08 0.018 0.01)
(0.082 0.018 0.01)
(0.084 0.018 0.01)
(0.086 0.018 0.01)
(0.088 0.018 0.01)
(0.09 0.018 0.01)
(0.092 0.018 0.01)
(0.094 0.018 0.01)
(0.096 0.018 0.01)
(0.098 0.018 0.01)
(0.1 0.018 0.01)
(0.05 0.02 0.01)
(0.052 0.02 0.01)
(0.054 0.02 0.01)
(0.056 0.02 0.01)
(0.058 0.02 0.01)
(0.06 0.02 0.01)
(0.062 0.02 0.01)
(0.064 0.02 0.01)
(0.066 0.02 0.01)
(0.068 0.02 0.01)
(0.07 0.02 0.01)
(0.072 0.02 0.01)
(0.074 0.02 0.01)
(0.076 0.02 0.01)
(0.078 0.02 0.01)
(0.08 0.02 0.01)
(0.082 0.02 0.01)
(0.084 0.02 0.01)
(0.086 0.02 0.01)
(0.088 0.02 0.01)
(0.09 0.02 0.01)
(0.092 0.02 0.01)
(0.094 0.02 0.01)
(0.096 0.02 0.01)
(0.098 0.02 0.01)
(0.1 0.02 0.01)
(0.05 0.022 0.01)
(0.052 0.022 0.01)
(0.054 0.022 0.01)
(0.056 0.022 0.01)
(0.058 0.022 0.01)
(0.06 0.022 0.01)
(0.062 0.022 0.01)
(0.064 0.022 0.01)
(0.066 0.022 0.01)
(0.068 0.022 0.01)
(0.07 0.022 0.01)
(0.072 0.022 0.01)
(0.074 0.022 0.01)
(0.076 0.022 0.01)
(0.078 0.022 0.01)
(0.08 0.022 0.01)
(0.082 0.022 0.01)
(0.084 0.022 0.01)
(0.086 0.022 0.01)
(0.088 0.022 0.01)
(0.09 0.022 0.01)
(0.092 0.022 0.01)
(0.094 0.022 0.01)
(0.096 0.022 0.01)
(0.098 0.022 0.01)
(0.1 0.022 0.01)
(0.05 0.024 0.01)
(0.052 0.024 0.01)
(0.054 0.024 0.01)
(0.056 0.024 0.01)
(0.058 0.024 0.01)
(0.06 0.024 0.01)
(0.062 0.024 0.01)
(0.064 0.024 0.01)
(0.066 0.024 0.01)
(0.068 0.024 0.01)
(0.07 0.024 0.01)
(0.072 0.024 0.01)
(0.074 0.024 0.01)
(0.076 0.024 0.01)
(0.078 0.024 0.01)
(0.08 0.024 0.01)
(0.082 0.024 0.01)
(0.084 0.024 0.01)
(0.086 0.024 0.01)
(0.088 0.024 0.01)
(0.09 0.024 0.01)
(0.092 0.024 0.01)
(0.094 0.024 0.01)
(0.096 0.024 0.01)
(0.098 0.024 0.01)
(0.1 0.024 0.01)
(0.05 0.026 0.01)
(0.052 0.026 0.01)
(0.054 0.026 0.01)
(0.056 0.026 0.01)
(0.058 0.026 0.01)
(0.06 0.026 0.01)
(0.062 0.026 0.01)
(0.064 0.026 0.01)
(0.066 0.026 0.01)
(0.068 0.026 0.01)
(0.07 0.026 0.01)
(0.072 0.026 0.01)
(0.074 0.026 0.01)
(0.076 0.026 0.01)
(0.078 0.026 0.01)
(0.08 0.026 0.01)
(0.082 0.026 0.01)
(0.084 0.026 0.01)
(0.086 0.026 0.01)
(0.088 0.026 0.01)
(0.09 0.026 0.01)
(0.092 0.026 0.01)
(0.094 0.026 0.01)
(0.096 0.026 0.01)
(0.098 0.026 0.01)
(0.1 0.026 0.01)
(0.05 0.028 0.01)
(0.052 0.028 0.01)
(0.054 0.028 0.01)
(0.056 0.028 0.01)
(0.058 0.028 0.01)
(0.06 0.028 0.01)
(0.062 0.028 0.01)
(0.064 0.028 0.01)
(0.066 0.028 0.01)
(0.068 0.028 0.01)
(0.07 0.028 0.01)
(0.072 0.028 0.01)
(0.074 0.028 0.01)
(0.076 0.028 0.01)
(0.078 0.028 0.01)
(0.08 0.028 0.01)
(0.082 0.028 0.01)
(0.084 0.028 0.01)
(0.086 0.028 0.01)
(0.088 0.028 0.01)
(0.09 0.028 0.01)
(0.092 0.028 0.01)
(0.094 0.028 0.01)
(0.096 0.028 0.01)
(0.098 0.028 0.01)
(0.1 0.028 0.01)
(0.05 0.03 0.01)
(0.052 0.03 0.01)
(0.054 0.03 0.01)
(0.056 0.03 0.01)
(0.058 0.03 0.01)
(0.06 0.03 0.01)
(0.062 0.03 0.01)
(0.064 0.03 0.01)
(0.066 0.03 0.01)
(0.068 0.03 0.01)
(0.07 0.03 0.01)
(0.072 0.03 0.01)
(0.074 0.03 0.01)
(0.076 0.03 0.01)
(0.078 0.03 0.01)
(0.08 0.03 0.01)
(0.082 0.03 0.01)
(0.084 0.03 0.01)
(0.086 0.03 0.01)
(0.088 0.03 0.01)
(0.09 0.03 0.01)
(0.092 0.03 0.01)
(0.094 0.03 0.01)
(0.096 0.03 0.01)
(0.098 0.03 0.01)
(0.1 0.03 0.01)
(0.05 0.032 0.01)
(0.052 0.032 0.01)
(0.054 0.032 0.01)
(0.056 0.032 0.01)
(0.058 0.032 0.01)
(0.06 0.032 0.01)
(0.062 0.032 0.01)
(0.064 0.032 0.01)
(0.066 0.032 0.01)
(0.068 0.032 0.01)
(0.07 0.032 0.01)
(0.072 0.032 0.01)
(0.074 0.032 0.01)
(0.076 0.032 0.01)
(0.078 0.032 0.01)
(0.08 0.032 0.01)
(0.082 0.032 0.01)
(0.084 0.032 0.01)
(0.086 0.032 0.01)
(0.088 0.032 0.01)
(0.09 0.032 0.01)
(0.092 0.032 0.01)
(0.094 0.032 0.01)
(0.096 0.032 0.01)
(0.098 0.032 0.01)
(0.1 0.032 0.01)
(0.05 0.034 0.01)
(0.052 0.034 0.01)
(0.054 0.034 0.01)
(0.056 0.034 0.01)
(0.058 0.034 0.01)
(0.06 0.034 0.01)
(0.062 0.034 0.01)
(0.064 0.034 0.01)
(0.066 0.034 0.01)
(0.068 0.034 0.01)
(0.07 0.034 0.01)
(0.072 0.034 0.01)
(0.074 0.034 0.01)
(0.076 0.034 0.01)
(0.078 0.034 0.01)
(0.08 0.034 0.01)
(0.082 0.034 0.01)
(0.084 0.034 0.01)
(0.086 0.034 0.01)
(0.088 0.034 0.01)
(0.09 0.034 0.01)
(0.092 0.034 0.01)
(0.094 0.034 0.01)
(0.096 0.034 0.01)
(0.098 0.034 0.01)
(0.1 0.034 0.01)
(0.05 0.036 0.01)
(0.052 0.036 0.01)
(0.054 0.036 0.01)
(0.056 0.036 0.01)
(0.058 0.036 0.01)
(0.06 0.036 0.01)
(0.062 0.036 0.01)
(0.064 0.036 0.01)
(0.066 0.036 0.01)
(0.068 0.036 0.01)
(0.07 0.036 0.01)
(0.072 0.036 0.01)
(0.074 0.036 0.01)
(0.076 0.036 0.01)
(0.078 0.036 0.01)
(0.08 0.036 0.01)
(0.082 0.036 0.01)
(0.084 0.036 0.01)
(0.086 0.036 0.01)
(0.088 0.036 0.01)
(0.09 0.036 0.01)
(0.092 0.036 0.01)
(0.094 0.036 0.01)
(0.096 0.036 0.01)
(0.098 0.036 0.01)
(0.1 0.036 0.01)
(0.05 0.038 0.01)
(0.052 0.038 0.01)
(0.054 0.038 0.01)
(0.056 0.038 0.01)
(0.058 0.038 0.01)
(0.06 0.038 0.01)
(0.062 0.038 0.01)
(0.064 0.038 0.01)
(0.066 0.038 0.01)
(0.068 0.038 0.01)
(0.07 0.038 0.01)
(0.072 0.038 0.01)
(0.074 0.038 0.01)
(0.076 0.038 0.01)
(0.078 0.038 0.01)
(0.08 0.038 0.01)
(0.082 0.038 0.01)
(0.084 0.038 0.01)
(0.086 0.038 0.01)
(0.088 0.038 0.01)
(0.09 0.038 0.01)
(0.092 0.038 0.01)
(0.094 0.038 0.01)
(0.096 0.038 0.01)
(0.098 0.038 0.01)
(0.1 0.038 0.01)
(0.05 0.04 0.01)
(0.052 0.04 0.01)
(0.054 0.04 0.01)
(0.056 0.04 0.01)
(0.058 0.04 0.01)
(0.06 0.04 0.01)
(0.062 0.04 0.01)
(0.064 0.04 0.01)
(0.066 0.04 0.01)
(0.068 0.04 0.01)
(0.07 0.04 0.01)
(0.072 0.04 0.01)
(0.074 0.04 0.01)
(0.076 0.04 0.01)
(0.078 0.04 0.01)
(0.08 0.04 0.01)
(0.082 0.04 0.01)
(0.084 0.04 0.01)
(0.086 0.04 0.01)
(0.088 0.04 0.01)
(0.09 0.04 0.01)
(0.092 0.04 0.01)
(0.094 0.04 0.01)
(0.096 0.04 0.01)
(0.098 0.04 0.01)
(0.1 0.04 0.01)
(0.05 0.042 0.01)
(0.052 0.042 0.01)
(0.054 0.042 0.01)
(0.056 0.042 0.01)
(0.058 0.042 0.01)
(0.06 0.042 0.01)
(0.062 0.042 0.01)
(0.064 0.042 0.01)
(0.066 0.042 0.01)
(0.068 0.042 0.01)
(0.07 0.042 0.01)
(0.072 0.042 0.01)
(0.074 0.042 0.01)
(0.076 0.042 0.01)
(0.078 0.042 0.01)
(0.08 0.042 0.01)
(0.082 0.042 0.01)
(0.084 0.042 0.01)
(0.086 0.042 0.01)
(0.088 0.042 0.01)
(0.09 0.042 0.01)
(0.092 0.042 0.01)
(0.094 0.042 0.01)
(0.096 0.042 0.01)
(0.098 0.042 0.01)
(0.1 0.042 0.01)
(0.05 0.044 0.01)
(0.052 0.044 0.01)
(0.054 0.044 0.01)
(0.056 0.044 0.01)
(0.058 0.044 0.01)
(0.06 0.044 0.01)
(0.062 0.044 0.01)
(0.064 0.044 0.01)
(0.066 0.044 0.01)
(0.068 0.044 0.01)
(0.07 0.044 0.01)
(0.072 0.044 0.01)
(0.074 0.044 0.01)
(0.076 0.044 0.01)
(0.078 0.044 0.01)
(0.08 0.044 0.01)
(0.082 0.044 0.01)
(0.084 0.044 0.01)
(0.086 0.044 0.01)
(0.088 0.044 0.01)
(0.09 0.044 0.01)
(0.092 0.044 0.01)
(0.094 0.044 0.01)
(0.096 0.044 0.01)
(0.098 0.044 0.01)
(0.1 0.044 0.01)
(0.05 0.046 0.01)
(0.052 0.046 0.01)
(0.054 0.046 0.01)
(0.056 0.046 0.01)
(0.058 0.046 0.01)
(0.06 0.046 0.01)
(0.062 0.046 0.01)
(0.064 0.046 0.01)
(0.066 0.046 0.01)
(0.068 0.046 0.01)
(0.07 0.046 0.01)
(0.072 0.046 0.01)
(0.074 0.046 0.01)
(0.076 0.046 0.01)
(0.078 0.046 0.01)
(0.08 0.046 0.01)
(0.082 0.046 0.01)
(0.084 0.046 0.01)
(0.086 0.046 0.01)
(0.088 0.046 0.01)
(0.09 0.046 0.01)
(0.092 0.046 0.01)
(0.094 0.046 0.01)
(0.096 0.046 0.01)
(0.098 0.046 0.01)
(0.1 0.046 0.01)
(0.05 0.048 0.01)
(0.052 0.048 0.01)
(0.054 0.048 0.01)
(0.056 0.048 0.01)
(0.058 0.048 0.01)
(0.06 0.048 0.01)
(0.062 0.048 0.01)
(0.064 0.048 0.01)
(0.066 0.048 0.01)
(0.068 0.048 0.01)
(0.07 0.048 0.01)
(0.072 0.048 0.01)
(0.074 0.048 0.01)
(0.076 0.048 0.01)
(0.078 0.048 0.01)
(0.08 0.048 0.01)
(0.082 0.048 0.01)
(0.084 0.048 0.01)
(0.086 0.048 0.01)
(0.088 0.048 0.01)
(0.09 0.048 0.01)
(0.092 0.048 0.01)
(0.094 0.048 0.01)
(0.096 0.048 0.01)
(0.098 0.048 0.01)
(0.1 0.048 0.01)
(0.05 0.05 0.01)
(0.052 0.05 0.01)
(0.054 0.05 0.01)
(0.056 0.05 0.01)
(0.058 0.05 0.01)
(0.06 0.05 0.01)
(0.062 0.05 0.01)
(0.064 0.05 0.01)
(0.066 0.05 0.01)
(0.068 0.05 0.01)
(0.07 0.05 0.01)
(0.072 0.05 0.01)
(0.074 0.05 0.01)
(0.076 0.05 0.01)
(0.078 0.05 0.01)
(0.08 0.05 0.01)
(0.082 0.05 0.01)
(0.084 0.05 0.01)
(0.086 0.05 0.01)
(0.088 0.05 0.01)
(0.09 0.05 0.01)
(0.092 0.05 0.01)
(0.094 0.05 0.01)
(0.096 0.05 0.01)
(0.098 0.05 0.01)
(0.1 0.05 0.01)
(0.05 0.052 0.01)
(0.052 0.052 0.01)
(0.054 0.052 0.01)
(0.056 0.052 0.01)
(0.058 0.052 0.01)
(0.06 0.052 0.01)
(0.062 0.052 0.01)
(0.064 0.052 0.01)
(0.066 0.052 0.01)
(0.068 0.052 0.01)
(0.07 0.052 0.01)
(0.072 0.052 0.01)
(0.074 0.052 0.01)
(0.076 0.052 0.01)
(0.078 0.052 0.01)
(0.08 0.052 0.01)
(0.082 0.052 0.01)
(0.084 0.052 0.01)
(0.086 0.052 0.01)
(0.088 0.052 0.01)
(0.09 0.052 0.01)
(0.092 0.052 0.01)
(0.094 0.052 0.01)
(0.096 0.052 0.01)
(0.098 0.052 0.01)
(0.1 0.052 0.01)
(0.05 0.054 0.01)
(0.052 0.054 0.01)
(0.054 0.054 0.01)
(0.056 0.054 0.01)
(0.058 0.054 0.01)
(0.06 0.054 0.01)
(0.062 0.054 0.01)
(0.064 0.054 0.01)
(0.066 0.054 0.01)
(0.068 0.054 0.01)
(0.07 0.054 0.01)
(0.072 0.054 0.01)
(0.074 0.054 0.01)
(0.076 0.054 0.01)
(0.078 0.054 0.01)
(0.08 0.054 0.01)
(0.082 0.054 0.01)
(0.084 0.054 0.01)
(0.086 0.054 0.01)
(0.088 0.054 0.01)
(0.09 0.054 0.01)
(0.092 0.054 0.01)
(0.094 0.054 0.01)
(0.096 0.054 0.01)
(0.098 0.054 0.01)
(0.1 0.054 0.01)
(0.05 0.056 0.01)
(0.052 0.056 0.01)
(0.054 0.056 0.01)
(0.056 0.056 0.01)
(0.058 0.056 0.01)
(0.06 0.056 0.01)
(0.062 0.056 0.01)
(0.064 0.056 0.01)
(0.066 0.056 0.01)
(0.068 0.056 0.01)
(0.07 0.056 0.01)
(0.072 0.056 0.01)
(0.074 0.056 0.01)
(0.076 0.056 0.01)
(0.078 0.056 0.01)
(0.08 0.056 0.01)
(0.082 0.056 0.01)
(0.084 0.056 0.01)
(0.086 0.056 0.01)
(0.088 0.056 0.01)
(0.09 0.056 0.01)
(0.092 0.056 0.01)
(0.094 0.056 0.01)
(0.096 0.056 0.01)
(0.098 0.056 0.01)
(0.1 0.056 0.01)
(0.05 0.058 0.01)
(0.052 0.058 0.01)
(0.054 0.058 0.01)
(0.056 0.058 0.01)
(0.058 0.058 0.01)
(0.06 0.058 0.01)
(0.062 0.058 0.01)
(0.064 0.058 0.01)
(0.066 0.058 0.01)
(0.068 0.058 0.01)
(0.07 0.058 0.01)
(0.072 0.058 0.01)
(0.074 0.058 0.01)
(0.076 0.058 0.01)
(0.078 0.058 0.01)
(0.08 0.058 0.01)
(0.082 0.058 0.01)
(0.084 0.058 0.01)
(0.086 0.058 0.01)
(0.088 0.058 0.01)
(0.09 0.058 0.01)
(0.092 0.058 0.01)
(0.094 0.058 0.01)
(0.096 0.058 0.01)
(0.098 0.058 0.01)
(0.1 0.058 0.01)
(0.05 0.06 0.01)
(0.052 0.06 0.01)
(0.054 0.06 0.01)
(0.056 0.06 0.01)
(0.058 0.06 0.01)
(0.06 0.06 0.01)
(0.062 0.06 0.01)
(0.064 0.06 0.01)
(0.066 0.06 0.01)
(0.068 0.06 0.01)
(0.07 0.06 0.01)
(0.072 0.06 0.01)
(0.074 0.06 0.01)
(0.076 0.06 0.01)
(0.078 0.06 0.01)
(0.08 0.06 0.01)
(0.082 0.06 0.01)
(0.084 0.06 0.01)
(0.086 0.06 0.01)
(0.088 0.06 0.01)
(0.09 0.06 0.01)
(0.092 0.06 0.01)
(0.094 0.06 0.01)
(0.096 0.06 0.01)
(0.098 0.06 0.01)
(0.1 0.06 0.01)
(0.05 0.062 0.01)
(0.052 0.062 0.01)
(0.054 0.062 0.01)
(0.056 0.062 0.01)
(0.058 0.062 0.01)
(0.06 0.062 0.01)
(0.062 0.062 0.01)
(0.064 0.062 0.01)
(0.066 0.062 0.01)
(0.068 0.062 0.01)
(0.07 0.062 0.01)
(0.072 0.062 0.01)
(0.074 0.062 0.01)
(0.076 0.062 0.01)
(0.078 0.062 0.01)
(0.08 0.062 0.01)
(0.082 0.062 0.01)
(0.084 0.062 0.01)
(0.086 0.062 0.01)
(0.088 0.062 0.01)
(0.09 0.062 0.01)
(0.092 0.062 0.01)
(0.094 0.062 0.01)
(0.096 0.062 0.01)
(0.098 0.062 0.01)
(0.1 0.062 0.01)
(0.05 0.064 0.01)
(0.052 0.064 0.01)
(0.054 0.064 0.01)
(0.056 0.064 0.01)
(0.058 0.064 0.01)
(0.06 0.064 0.01)
(0.062 0.064 0.01)
(0.064 0.064 0.01)
(0.066 0.064 0.01)
(0.068 0.064 0.01)
(0.07 0.064 0.01)
(0.072 0.064 0.01)
(0.074 0.064 0.01)
(0.076 0.064 0.01)
(0.078 0.064 0.01)
(0.08 0.064 0.01)
(0.082 0.064 0.01)
(0.084 0.064 0.01)
(0.086 0.064 0.01)
(0.088 0.064 0.01)
(0.09 0.064 0.01)
(0.092 0.064 0.01)
(0.094 0.064 0.01)
(0.096 0.064 0.01)
(0.098 0.064 0.01)
(0.1 0.064 0.01)
(0.05 0.066 0.01)
(0.052 0.066 0.01)
(0.054 0.066 0.01)
(0.056 0.066 0.01)
(0.058 0.066 0.01)
(0.06 0.066 0.01)
(0.062 0.066 0.01)
(0.064 0.066 0.01)
(0.066 0.066 0.01)
(0.068 0.066 0.01)
(0.07 0.066 0.01)
(0.072 0.066 0.01)
(0.074 0.066 0.01)
(0.076 0.066 0.01)
(0.078 0.066 0.01)
(0.08 0.066 0.01)
(0.082 0.066 0.01)
(0.084 0.066 0.01)
(0.086 0.066 0.01)
(0.088 0.066 0.01)
(0.09 0.066 0.01)
(0.092 0.066 0.01)
(0.094 0.066 0.01)
(0.096 0.066 0.01)
(0.098 0.066 0.01)
(0.1 0.066 0.01)
(0.05 0.068 0.01)
(0.052 0.068 0.01)
(0.054 0.068 0.01)
(0.056 0.068 0.01)
(0.058 0.068 0.01)
(0.06 0.068 0.01)
(0.062 0.068 0.01)
(0.064 0.068 0.01)
(0.066 0.068 0.01)
(0.068 0.068 0.01)
(0.07 0.068 0.01)
(0.072 0.068 0.01)
(0.074 0.068 0.01)
(0.076 0.068 0.01)
(0.078 0.068 0.01)
(0.08 0.068 0.01)
(0.082 0.068 0.01)
(0.084 0.068 0.01)
(0.086 0.068 0.01)
(0.088 0.068 0.01)
(0.09 0.068 0.01)
(0.092 0.068 0.01)
(0.094 0.068 0.01)
(0.096 0.068 0.01)
(0.098 0.068 0.01)
(0.1 0.068 0.01)
(0.05 0.07 0.01)
(0.052 0.07 0.01)
(0.054 0.07 0.01)
(0.056 0.07 0.01)
(0.058 0.07 0.01)
(0.06 0.07 0.01)
(0.062 0.07 0.01)
(0.064 0.07 0.01)
(0.066 0.07 0.01)
(0.068 0.07 0.01)
(0.07 0.07 0.01)
(0.072 0.07 0.01)
(0.074 0.07 0.01)
(0.076 0.07 0.01)
(0.078 0.07 0.01)
(0.08 0.07 0.01)
(0.082 0.07 0.01)
(0.084 0.07 0.01)
(0.086 0.07 0.01)
(0.088 0.07 0.01)
(0.09 0.07 0.01)
(0.092 0.07 0.01)
(0.094 0.07 0.01)
(0.096 0.07 0.01)
(0.098 0.07 0.01)
(0.1 0.07 0.01)
(0.05 0.072 0.01)
(0.052 0.072 0.01)
(0.054 0.072 0.01)
(0.056 0.072 0.01)
(0.058 0.072 0.01)
(0.06 0.072 0.01)
(0.062 0.072 0.01)
(0.064 0.072 0.01)
(0.066 0.072 0.01)
(0.068 0.072 0.01)
(0.07 0.072 0.01)
(0.072 0.072 0.01)
(0.074 0.072 0.01)
(0.076 0.072 0.01)
(0.078 0.072 0.01)
(0.08 0.072 0.01)
(0.082 0.072 0.01)
(0.084 0.072 0.01)
(0.086 0.072 0.01)
(0.088 0.072 0.01)
(0.09 0.072 0.01)
(0.092 0.072 0.01)
(0.094 0.072 0.01)
(0.096 0.072 0.01)
(0.098 0.072 0.01)
(0.1 0.072 0.01)
(0.05 0.074 0.01)
(0.052 0.074 0.01)
(0.054 0.074 0.01)
(0.056 0.074 0.01)
(0.058 0.074 0.01)
(0.06 0.074 0.01)
(0.062 0.074 0.01)
(0.064 0.074 0.01)
(0.066 0.074 0.01)
(0.068 0.074 0.01)
(0.07 0.074 0.01)
(0.072 0.074 0.01)
(0.074 0.074 0.01)
(0.076 0.074 0.01)
(0.078 0.074 0.01)
(0.08 0.074 0.01)
(0.082 0.074 0.01)
(0.084 0.074 0.01)
(0.086 0.074 0.01)
(0.088 0.074 0.01)
(0.09 0.074 0.01)
(0.092 0.074 0.01)
(0.094 0.074 0.01)
(0.096 0.074 0.01)
(0.098 0.074 0.01)
(0.1 0.074 0.01)
(0.05 0.076 0.01)
(0.052 0.076 0.01)
(0.054 0.076 0.01)
(0.056 0.076 0.01)
(0.058 0.076 0.01)
(0.06 0.076 0.01)
(0.062 0.076 0.01)
(0.064 0.076 0.01)
(0.066 0.076 0.01)
(0.068 0.076 0.01)
(0.07 0.076 0.01)
(0.072 0.076 0.01)
(0.074 0.076 0.01)
(0.076 0.076 0.01)
(0.078 0.076 0.01)
(0.08 0.076 0.01)
(0.082 0.076 0.01)
(0.084 0.076 0.01)
(0.086 0.076 0.01)
(0.088 0.076 0.01)
(0.09 0.076 0.01)
(0.092 0.076 0.01)
(0.094 0.076 0.01)
(0.096 0.076 0.01)
(0.098 0.076 0.01)
(0.1 0.076 0.01)
(0.05 0.078 0.01)
(0.052 0.078 0.01)
(0.054 0.078 0.01)
(0.056 0.078 0.01)
(0.058 0.078 0.01)
(0.06 0.078 0.01)
(0.062 0.078 0.01)
(0.064 0.078 0.01)
(0.066 0.078 0.01)
(0.068 0.078 0.01)
(0.07 0.078 0.01)
(0.072 0.078 0.01)
(0.074 0.078 0.01)
(0.076 0.078 0.01)
(0.078 0.078 0.01)
(0.08 0.078 0.01)
(0.082 0.078 0.01)
(0.084 0.078 0.01)
(0.086 0.078 0.01)
(0.088 0.078 0.01)
(0.09 0.078 0.01)
(0.092 0.078 0.01)
(0.094 0.078 0.01)
(0.096 0.078 0.01)
(0.098 0.078 0.01)
(0.1 0.078 0.01)
(0.05 0.08 0.01)
(0.052 0.08 0.01)
(0.054 0.08 0.01)
(0.056 0.08 0.01)
(0.058 0.08 0.01)
(0.06 0.08 0.01)
(0.062 0.08 0.01)
(0.064 0.08 0.01)
(0.066 0.08 0.01)
(0.068 0.08 0.01)
(0.07 0.08 0.01)
(0.072 0.08 0.01)
(0.074 0.08 0.01)
(0.076 0.08 0.01)
(0.078 0.08 0.01)
(0.08 0.08 0.01)
(0.082 0.08 0.01)
(0.084 0.08 0.01)
(0.086 0.08 0.01)
(0.088 0.08 0.01)
(0.09 0.08 0.01)
(0.092 0.08 0.01)
(0.094 0.08 0.01)
(0.096 0.08 0.01)
(0.098 0.08 0.01)
(0.1 0.08 0.01)
(0.05 0.082 0.01)
(0.052 0.082 0.01)
(0.054 0.082 0.01)
(0.056 0.082 0.01)
(0.058 0.082 0.01)
(0.06 0.082 0.01)
(0.062 0.082 0.01)
(0.064 0.082 0.01)
(0.066 0.082 0.01)
(0.068 0.082 0.01)
(0.07 0.082 0.01)
(0.072 0.082 0.01)
(0.074 0.082 0.01)
(0.076 0.082 0.01)
(0.078 0.082 0.01)
(0.08 0.082 0.01)
(0.082 0.082 0.01)
(0.084 0.082 0.01)
(0.086 0.082 0.01)
(0.088 0.082 0.01)
(0.09 0.082 0.01)
(0.092 0.082 0.01)
(0.094 0.082 0.01)
(0.096 0.082 0.01)
(0.098 0.082 0.01)
(0.1 0.082 0.01)
(0.05 0.084 0.01)
(0.052 0.084 0.01)
(0.054 0.084 0.01)
(0.056 0.084 0.01)
(0.058 0.084 0.01)
(0.06 0.084 0.01)
(0.062 0.084 0.01)
(0.064 0.084 0.01)
(0.066 0.084 0.01)
(0.068 0.084 0.01)
(0.07 0.084 0.01)
(0.072 0.084 0.01)
(0.074 0.084 0.01)
(0.076 0.084 0.01)
(0.078 0.084 0.01)
(0.08 0.084 0.01)
(0.082 0.084 0.01)
(0.084 0.084 0.01)
(0.086 0.084 0.01)
(0.088 0.084 0.01)
(0.09 0.084 0.01)
(0.092 0.084 0.01)
(0.094 0.084 0.01)
(0.096 0.084 0.01)
(0.098 0.084 0.01)
(0.1 0.084 0.01)
(0.05 0.086 0.01)
(0.052 0.086 0.01)
(0.054 0.086 0.01)
(0.056 0.086 0.01)
(0.058 0.086 0.01)
(0.06 0.086 0.01)
(0.062 0.086 0.01)
(0.064 0.086 0.01)
(0.066 0.086 0.01)
(0.068 0.086 0.01)
(0.07 0.086 0.01)
(0.072 0.086 0.01)
(0.074 0.086 0.01)
(0.076 0.086 0.01)
(0.078 0.086 0.01)
(0.08 0.086 0.01)
(0.082 0.086 0.01)
(0.084 0.086 0.01)
(0.086 0.086 0.01)
(0.088 0.086 0.01)
(0.09 0.086 0.01)
(0.092 0.086 0.01)
(0.094 0.086 0.01)
(0.096 0.086 0.01)
(0.098 0.086 0.01)
(0.1 0.086 0.01)
(0.05 0.088 0.01)
(0.052 0.088 0.01)
(0.054 0.088 0.01)
(0.056 0.088 0.01)
(0.058 0.088 0.01)
(0.06 0.088 0.01)
(0.062 0.088 0.01)
(0.064 0.088 0.01)
(0.066 0.088 0.01)
(0.068 0.088 0.01)
(0.07 0.088 0.01)
(0.072 0.088 0.01)
(0.074 0.088 0.01)
(0.076 0.088 0.01)
(0.078 0.088 0.01)
(0.08 0.088 0.01)
(0.082 0.088 0.01)
(0.084 0.088 0.01)
(0.086 0.088 0.01)
(0.088 0.088 0.01)
(0.09 0.088 0.01)
(0.092 0.088 0.01)
(0.094 0.088 0.01)
(0.096 0.088 0.01)
(0.098 0.088 0.01)
(0.1 0.088 0.01)
(0.05 0.09 0.01)
(0.052 0.09 0.01)
(0.054 0.09 0.01)
(0.056 0.09 0.01)
(0.058 0.09 0.01)
(0.06 0.09 0.01)
(0.062 0.09 0.01)
(0.064 0.09 0.01)
(0.066 0.09 0.01)
(0.068 0.09 0.01)
(0.07 0.09 0.01)
(0.072 0.09 0.01)
(0.074 0.09 0.01)
(0.076 0.09 0.01)
(0.078 0.09 0.01)
(0.08 0.09 0.01)
(0.082 0.09 0.01)
(0.084 0.09 0.01)
(0.086 0.09 0.01)
(0.088 0.09 0.01)
(0.09 0.09 0.01)
(0.092 0.09 0.01)
(0.094 0.09 0.01)
(0.096 0.09 0.01)
(0.098 0.09 0.01)
(0.1 0.09 0.01)
(0.05 0.092 0.01)
(0.052 0.092 0.01)
(0.054 0.092 0.01)
(0.056 0.092 0.01)
(0.058 0.092 0.01)
(0.06 0.092 0.01)
(0.062 0.092 0.01)
(0.064 0.092 0.01)
(0.066 0.092 0.01)
(0.068 0.092 0.01)
(0.07 0.092 0.01)
(0.072 0.092 0.01)
(0.074 0.092 0.01)
(0.076 0.092 0.01)
(0.078 0.092 0.01)
(0.08 0.092 0.01)
(0.082 0.092 0.01)
(0.084 0.092 0.01)
(0.086 0.092 0.01)
(0.088 0.092 0.01)
(0.09 0.092 0.01)
(0.092 0.092 0.01)
(0.094 0.092 0.01)
(0.096 0.092 0.01)
(0.098 0.092 0.01)
(0.1 0.092 0.01)
(0.05 0.094 0.01)
(0.052 0.094 0.01)
(0.054 0.094 0.01)
(0.056 0.094 0.01)
(0.058 0.094 0.01)
(0.06 0.094 0.01)
(0.062 0.094 0.01)
(0.064 0.094 0.01)
(0.066 0.094 0.01)
(0.068 0.094 0.01)
(0.07 0.094 0.01)
(0.072 0.094 0.01)
(0.074 0.094 0.01)
(0.076 0.094 0.01)
(0.078 0.094 0.01)
(0.08 0.094 0.01)
(0.082 0.094 0.01)
(0.084 0.094 0.01)
(0.086 0.094 0.01)
(0.088 0.094 0.01)
(0.09 0.094 0.01)
(0.092 0.094 0.01)
(0.094 0.094 0.01)
(0.096 0.094 0.01)
(0.098 0.094 0.01)
(0.1 0.094 0.01)
(0.05 0.096 0.01)
(0.052 0.096 0.01)
(0.054 0.096 0.01)
(0.056 0.096 0.01)
(0.058 0.096 0.01)
(0.06 0.096 0.01)
(0.062 0.096 0.01)
(0.064 0.096 0.01)
(0.066 0.096 0.01)
(0.068 0.096 0.01)
(0.07 0.096 0.01)
(0.072 0.096 0.01)
(0.074 0.096 0.01)
(0.076 0.096 0.01)
(0.078 0.096 0.01)
(0.08 0.096 0.01)
(0.082 0.096 0.01)
(0.084 0.096 0.01)
(0.086 0.096 0.01)
(0.088 0.096 0.01)
(0.09 0.096 0.01)
(0.092 0.096 0.01)
(0.094 0.096 0.01)
(0.096 0.096 0.01)
(0.098 0.096 0.01)
(0.1 0.096 0.01)
(0.05 0.098 0.01)
(0.052 0.098 0.01)
(0.054 0.098 0.01)
(0.056 0.098 0.01)
(0.058 0.098 0.01)
(0.06 0.098 0.01)
(0.062 0.098 0.01)
(0.064 0.098 0.01)
(0.066 0.098 0.01)
(0.068 0.098 0.01)
(0.07 0.098 0.01)
(0.072 0.098 0.01)
(0.074 0.098 0.01)
(0.076 0.098 0.01)
(0.078 0.098 0.01)
(0.08 0.098 0.01)
(0.082 0.098 0.01)
(0.084 0.098 0.01)
(0.086 0.098 0.01)
(0.088 0.098 0.01)
(0.09 0.098 0.01)
(0.092 0.098 0.01)
(0.094 0.098 0.01)
(0.096 0.098 0.01)
(0.098 0.098 0.01)
(0.1 0.098 0.01)
(0.05 0.1 0.01)
(0.052 0.1 0.01)
(0.054 0.1 0.01)
(0.056 0.1 0.01)
(0.058 0.1 0.01)
(0.06 0.1 0.01)
(0.062 0.1 0.01)
(0.064 0.1 0.01)
(0.066 0.1 0.01)
(0.068 0.1 0.01)
(0.07 0.1 0.01)
(0.072 0.1 0.01)
(0.074 0.1 0.01)
(0.076 0.1 0.01)
(0.078 0.1 0.01)
(0.08 0.1 0.01)
(0.082 0.1 0.01)
(0.084 0.1 0.01)
(0.086 0.1 0.01)
(0.088 0.1 0.01)
(0.09 0.1 0.01)
(0.092 0.1 0.01)
(0.094 0.1 0.01)
(0.096 0.1 0.01)
(0.098 0.1 0.01)
(0.1 0.1 0.01)
)


// ************************************************************************* //
