/*--------------------------------*- C++ -*----------------------------------*\
| =========                 |                                                 |
| \\      /  F ield         | OpenFOAM: The Open Source CFD Toolbox           |
|  \\    /   O peration     | Version:  v2012                                 |
|   \\  /    A nd           | Website:  www.openfoam.com                      |
|    \\/     M anipulation  |                                                 |
\*---------------------------------------------------------------------------*/
FoamFile
{
    version     2.0;
    format      ascii;
    class       surfaceScalarField;
    location    "0.45";
    object      phi;
}
// * * * * * * * * * * * * * * * * * * * * * * * * * * * * * * * * * * * * * //

dimensions      [0 3 -1 0 0 0 0];
oriented        oriented;


internalField   nonuniform List<scalar> 
4900
(
1.17857e-09
-1.18768e-09
2.41884e-09
-1.24028e-09
2.51892e-09
-1.00081e-10
1.04053e-09
1.4784e-09
-2.09679e-09
3.13731e-09
-6.80501e-09
4.70822e-09
-1.29138e-08
6.10878e-09
-2.02153e-08
7.30152e-09
-2.84875e-08
8.27224e-09
-3.75065e-08
9.01894e-09
-4.70528e-08
9.54629e-09
-5.69156e-08
9.86287e-09
-6.68952e-08
9.97957e-09
-7.68038e-08
9.90865e-09
-8.6467e-08
9.66318e-09
-9.57238e-08
9.25673e-09
-1.04427e-07
8.70313e-09
-1.12443e-07
8.01636e-09
-1.19654e-07
7.21051e-09
-1.25953e-07
6.29975e-09
-1.31252e-07
5.29841e-09
-1.35473e-07
4.22099e-09
-1.38555e-07
3.08225e-09
-1.40452e-07
1.89726e-09
-1.41134e-07
6.81485e-10
-1.40585e-07
-5.49164e-10
-1.38806e-07
-1.77831e-09
-1.35817e-07
-2.98908e-09
-1.31653e-07
-4.16412e-09
-1.26368e-07
-5.28569e-09
-1.20032e-07
-6.33569e-09
-1.12736e-07
-7.29586e-09
-1.04588e-07
-8.14789e-09
-9.57144e-08
-8.87366e-09
-8.62589e-08
-9.45548e-09
-7.63826e-08
-9.87637e-09
-6.62622e-08
-1.01204e-08
-5.60892e-08
-1.0173e-08
-4.60678e-08
-1.00214e-08
-3.64127e-08
-9.65508e-09
-2.73462e-08
-9.06647e-09
-1.90945e-08
-8.25176e-09
-1.18821e-08
-7.21242e-09
-5.92426e-09
-5.9578e-09
-1.41394e-09
-4.51031e-09
1.50218e-09
-2.91612e-09
2.76766e-09
-1.26548e-09
2.49885e-09
2.68814e-10
1.17536e-09
1.32349e-09
1.17536e-09
1.25014e-09
-2.43782e-09
1.44907e-09
-1.4392e-09
-1.16046e-09
2.50945e-09
-7.3862e-09
7.70414e-09
-1.74785e-08
1.32297e-08
-3.13292e-08
1.85589e-08
-4.86127e-08
2.33923e-08
-6.88791e-08
2.75679e-08
-9.16122e-08
3.10053e-08
-1.16266e-07
3.36729e-08
-1.42289e-07
3.55689e-08
-1.69137e-07
3.67109e-08
-1.96286e-07
3.71284e-08
-2.23236e-07
3.68595e-08
-2.4952e-07
3.59471e-08
-2.74701e-07
3.44379e-08
-2.98379e-07
3.23809e-08
-3.20189e-07
2.98266e-08
-3.39806e-07
2.68268e-08
-3.5694e-07
2.34343e-08
-3.71344e-07
1.97026e-08
-3.8281e-07
1.56865e-08
-3.91169e-07
1.14417e-08
-3.96297e-07
7.02532e-09
-3.98112e-07
2.49589e-09
-3.96574e-07
-2.0865e-09
-3.91693e-07
-6.66014e-09
-3.8352e-07
-1.11617e-08
-3.72158e-07
-1.55263e-08
-3.57756e-07
-1.96879e-08
-3.40512e-07
-2.35796e-08
-3.20673e-07
-2.7134e-08
-2.98537e-07
-3.02843e-08
-2.74446e-07
-3.29646e-08
-2.4879e-07
-3.51114e-08
-2.22002e-07
-3.66641e-08
-1.94556e-07
-3.75672e-08
-1.66958e-07
-3.77709e-08
-1.39746e-07
-3.72335e-08
-1.13477e-07
-3.59236e-08
-8.87212e-08
-3.38225e-08
-6.60439e-08
-3.0929e-08
-4.59912e-08
-2.72651e-08
-2.90625e-08
-2.28865e-08
-1.56736e-08
-1.78993e-08
-6.09864e-09
-1.2491e-08
-3.80651e-10
-6.98347e-09
1.80659e-09
-1.91842e-09
1.3354e-09
1.79468e-09
2.51076e-09
1.54531e-10
-2.59235e-09
-2.40582e-09
1.12115e-09
-9.35581e-09
9.45944e-09
-2.15334e-08
1.98817e-08
-3.92049e-08
3.09011e-08
-6.22238e-08
4.15778e-08
-9.01605e-08
5.1329e-08
-1.22403e-07
5.98103e-08
-1.58229e-07
6.68312e-08
-1.96856e-07
7.23002e-08
-2.37479e-07
7.6192e-08
-2.79293e-07
7.85252e-08
-3.21513e-07
7.93485e-08
-3.63385e-07
7.87312e-08
-4.04195e-07
7.67566e-08
-4.43275e-07
7.3518e-08
-4.80009e-07
6.91155e-08
-5.13837e-07
6.36541e-08
-5.44253e-07
5.72427e-08
-5.70811e-07
4.99931e-08
-5.93128e-07
4.20196e-08
-6.10881e-07
3.34394e-08
-6.23812e-07
2.43722e-08
-6.31727e-07
1.49408e-08
-6.34502e-07
5.27088e-09
-6.3208e-07
-4.50852e-09
-6.24475e-07
-1.42651e-08
-6.11774e-07
-2.38635e-08
-5.94135e-07
-3.31654e-08
-5.71792e-07
-4.20303e-08
-5.45055e-07
-5.03164e-08
-5.14308e-07
-5.78818e-08
-4.80006e-07
-6.45858e-08
-4.4268e-07
-7.02909e-08
-4.02926e-07
-7.48652e-08
-3.61406e-07
-7.81843e-08
-3.18838e-07
-8.01351e-08
-2.7599e-07
-8.06187e-08
-2.33669e-07
-7.95548e-08
-1.92706e-07
-7.68869e-08
-1.5394e-07
-7.25884e-08
-1.18196e-07
-6.66725e-08
-8.62569e-08
-5.92044e-08
-5.8822e-08
-5.03214e-08
-3.64579e-08
-4.02633e-08
-1.95266e-08
-2.94224e-08
-8.08823e-09
-1.84218e-08
-1.78084e-09
-8.22581e-09
3.30391e-10
-3.16543e-10
2.84115e-09
-1.3782e-09
-1.21416e-09
-7.52824e-09
7.27119e-09
-1.97187e-08
2.16499e-08
-3.85911e-08
3.87541e-08
-6.42908e-08
5.66008e-08
-9.65694e-08
7.38565e-08
-1.34884e-07
8.96439e-08
-1.78486e-07
1.03412e-07
-2.2649e-07
1.14835e-07
-2.77929e-07
1.2374e-07
-3.318e-07
1.30062e-07
-3.87089e-07
1.33814e-07
-4.428e-07
1.3506e-07
-4.97971e-07
1.33902e-07
-5.51684e-07
1.3047e-07
-6.0308e-07
1.24914e-07
-6.51361e-07
1.17397e-07
-6.95799e-07
1.08092e-07
-7.35737e-07
9.71806e-08
-7.70595e-07
8.48515e-08
-7.99873e-07
7.12978e-08
-8.23152e-07
5.67178e-08
-8.40095e-07
4.1315e-08
-8.50452e-07
2.52982e-08
-8.54062e-07
8.88104e-09
-8.50853e-07
-7.71706e-09
-8.40847e-07
-2.42716e-08
-8.24157e-07
-4.05531e-08
-8.00995e-07
-5.63279e-08
-7.71666e-07
-7.13589e-08
-7.36575e-07
-8.54077e-08
-6.9622e-07
-9.82363e-08
-6.51197e-07
-1.09609e-07
-6.02189e-07
-1.19299e-07
-5.49968e-07
-1.27086e-07
-4.95387e-07
-1.32766e-07
-4.39366e-07
-1.36156e-07
-3.82888e-07
-1.37097e-07
-3.26977e-07
-1.35465e-07
-2.72687e-07
-1.31177e-07
-2.21072e-07
-1.24203e-07
-1.73162e-07
-1.14583e-07
-1.29923e-07
-1.02443e-07
-9.2218e-08
-8.80269e-08
-6.07432e-08
-7.17381e-08
-3.59638e-08
-5.42018e-08
-1.80273e-08
-3.63584e-08
-6.67072e-09
-1.95823e-08
-1.12823e-09
-5.85903e-09
1.71293e-09
-3.02169e-09
1.80753e-09
-1.31166e-08
1.73661e-08
-3.09968e-08
3.95301e-08
-5.69713e-08
6.47286e-08
-9.09636e-08
9.05931e-08
-1.3256e-07
1.15453e-07
-1.81077e-07
1.38161e-07
-2.35625e-07
1.5796e-07
-2.95172e-07
1.74382e-07
-3.58597e-07
1.87164e-07
-4.24729e-07
1.96194e-07
-4.92385e-07
2.0147e-07
-5.60395e-07
2.0307e-07
-6.27625e-07
2.01132e-07
-6.92989e-07
1.95835e-07
-7.55467e-07
1.87392e-07
-8.14109e-07
1.76038e-07
-8.68046e-07
1.62028e-07
-9.16494e-07
1.45629e-07
-9.5876e-07
1.27118e-07
-9.94245e-07
1.06783e-07
-1.02245e-06
8.49196e-08
-1.04296e-06
6.18322e-08
-1.0555e-06
3.78325e-08
-1.05986e-06
1.32401e-08
-1.05596e-06
-1.16174e-08
-1.04382e-06
-3.64049e-08
-1.0236e-06
-6.07802e-08
-9.95529e-07
-8.43956e-08
-9.59989e-07
-1.06899e-07
-9.1746e-07
-1.27937e-07
-8.68538e-07
-1.47158e-07
-8.13934e-07
-1.64214e-07
-7.54461e-07
-1.78771e-07
-6.91039e-07
-1.90508e-07
-6.24675e-07
-1.99129e-07
-5.56463e-07
-2.04368e-07
-4.87559e-07
-2.06001e-07
-4.19171e-07
-2.03853e-07
-3.52534e-07
-1.97814e-07
-2.8888e-07
-1.87857e-07
-2.29411e-07
-1.74052e-07
-1.75254e-07
-1.566e-07
-1.27417e-07
-1.35863e-07
-8.6736e-08
-1.12419e-07
-5.38096e-08
-8.71282e-08
-2.89376e-08
-6.12304e-08
-1.20591e-08
-3.64609e-08
-2.70844e-09
-1.52096e-08
-9.95507e-10
-4.64229e-09
6.44982e-09
-1.87594e-08
3.14833e-08
-4.24838e-08
6.32545e-08
-7.57251e-08
9.79699e-08
-1.18119e-07
1.32987e-07
-1.69037e-07
1.66371e-07
-2.27618e-07
1.96742e-07
-2.92821e-07
2.23162e-07
-3.63465e-07
2.45027e-07
-4.38285e-07
2.61984e-07
-5.15965e-07
2.73874e-07
-5.95174e-07
2.80679e-07
-6.74595e-07
2.82492e-07
-7.52949e-07
2.79486e-07
-8.29011e-07
2.71896e-07
-9.01623e-07
2.60004e-07
-9.69709e-07
2.44125e-07
-1.03228e-06
2.24602e-07
-1.08845e-06
2.018e-07
-1.13743e-06
1.76097e-07
-1.17854e-06
1.47888e-07
-1.2112e-06
1.17579e-07
-1.23496e-06
8.559e-08
-1.24947e-06
5.23488e-08
-1.25453e-06
1.82963e-08
-1.25003e-06
-1.61166e-08
-1.236e-06
-5.04287e-08
-1.21262e-06
-8.41699e-08
-1.18015e-06
-1.16863e-07
-1.13902e-06
-1.48025e-07
-1.08979e-06
-1.77172e-07
-1.03312e-06
-2.03824e-07
-9.69828e-07
-2.27507e-07
-9.00833e-07
-2.47766e-07
-8.27174e-07
-2.64167e-07
-7.49994e-07
-2.76309e-07
-6.70527e-07
-2.83836e-07
-5.90078e-07
-2.86449e-07
-5.1001e-07
-2.83921e-07
-4.31713e-07
-2.76111e-07
-3.56577e-07
-2.62993e-07
-2.85957e-07
-2.44673e-07
-2.21131e-07
-2.21426e-07
-1.63258e-07
-1.93736e-07
-1.13327e-07
-1.6235e-07
-7.21089e-08
-1.28347e-07
-4.01067e-08
-9.32325e-08
-1.75271e-08
-5.90405e-08
-4.27368e-09
-2.8463e-08
-5.26918e-09
-6.18818e-09
1.2638e-08
-2.42619e-08
4.9557e-08
-5.38099e-08
9.28024e-08
-9.4323e-08
1.38483e-07
-1.45115e-07
1.83779e-07
-2.05303e-07
2.26559e-07
-2.73824e-07
2.65264e-07
-3.49462e-07
2.988e-07
-4.30884e-07
3.26448e-07
-5.16678e-07
3.47778e-07
-6.05392e-07
3.62587e-07
-6.95562e-07
3.70849e-07
-7.85741e-07
3.72671e-07
-8.74524e-07
3.68269e-07
-9.60566e-07
3.57938e-07
-1.0426e-06
3.42033e-07
-1.11943e-06
3.20959e-07
-1.18998e-06
2.95155e-07
-1.25327e-06
2.6509e-07
-1.30843e-06
2.31257e-07
-1.35471e-06
1.94166e-07
-1.39148e-06
1.54347e-07
-1.41823e-06
1.12342e-07
-1.43459e-06
6.87116e-08
-1.44033e-06
2.40282e-08
-1.43532e-06
-2.11212e-08
-1.41961e-06
-6.6137e-08
-1.39337e-06
-1.10408e-07
-1.35692e-06
-1.53315e-07
-1.31072e-06
-1.94231e-07
-1.25536e-06
-2.32529e-07
-1.19159e-06
-2.67588e-07
-1.12031e-06
-2.98796e-07
-1.04251e-06
-3.25564e-07
-9.59342e-07
-3.47333e-07
-8.72062e-07
-3.63589e-07
-7.82023e-07
-3.73876e-07
-6.9066e-07
-3.77812e-07
-5.9947e-07
-3.7511e-07
-5.09984e-07
-3.65597e-07
-4.23738e-07
-3.4924e-07
-3.42232e-07
-3.26178e-07
-2.66901e-07
-2.96757e-07
-1.99064e-07
-2.61574e-07
-1.39885e-07
-2.21528e-07
-9.03364e-08
-1.77895e-07
-5.11639e-08
-1.32405e-07
-2.28775e-08
-8.73269e-08
-5.77019e-09
-4.55704e-08
-1.10394e-08
-7.6473e-09
2.02853e-08
-2.95514e-08
7.14611e-08
-6.48125e-08
1.28064e-07
-1.12511e-07
1.86182e-07
-1.71624e-07
2.42892e-07
-2.40996e-07
2.95931e-07
-3.19336e-07
3.43604e-07
-4.05236e-07
3.84701e-07
-4.97199e-07
4.18411e-07
-5.93664e-07
4.44243e-07
-6.93042e-07
4.61966e-07
-7.93744e-07
4.7155e-07
-8.94204e-07
4.73131e-07
-9.92905e-07
4.6697e-07
-1.0884e-06
4.53429e-07
-1.17931e-06
4.32945e-07
-1.26436e-06
4.06017e-07
-1.3424e-06
3.7319e-07
-1.41236e-06
3.35047e-07
-1.4733e-06
2.922e-07
-1.52442e-06
2.45286e-07
-1.56504e-06
1.94964e-07
-1.59461e-06
1.41915e-07
-1.61273e-06
8.68354e-08
-1.61915e-06
3.0441e-08
-1.61373e-06
-2.65354e-08
-1.59652e-06
-8.33456e-08
-1.5677e-06
-1.39227e-07
-1.52761e-06
-1.93408e-07
-1.47674e-06
-2.45107e-07
-1.41572e-06
-2.93543e-07
-1.34537e-06
-3.37942e-07
-1.26662e-06
-3.77543e-07
-1.18057e-06
-4.11614e-07
-1.08844e-06
-4.39461e-07
-9.91587e-07
-4.60444e-07
-8.91466e-07
-4.73998e-07
-7.89629e-07
-4.79649e-07
-6.87698e-07
-4.77042e-07
-5.87335e-07
-4.65959e-07
-4.90216e-07
-4.46359e-07
-3.97993e-07
-4.18401e-07
-3.12259e-07
-3.82491e-07
-2.34511e-07
-3.39322e-07
-1.6611e-07
-2.89929e-07
-1.08254e-07
-2.35752e-07
-6.19538e-08
-1.78705e-07
-2.80395e-08
-1.21241e-07
-7.18555e-09
-6.64243e-08
-1.82249e-08
-9.02547e-09
2.93108e-08
-3.46192e-08
9.70548e-08
-7.54483e-08
1.68893e-07
-1.30204e-07
2.40938e-07
-1.97527e-07
3.10215e-07
-2.75975e-07
3.74379e-07
-3.64017e-07
4.31645e-07
-4.60038e-07
4.80722e-07
-5.62363e-07
5.20736e-07
-6.69277e-07
5.51158e-07
-7.79054e-07
5.71742e-07
-8.89979e-07
5.82475e-07
-1.00037e-06
5.83526e-07
-1.10862e-06
5.75214e-07
-1.21317e-06
5.57977e-07
-1.31256e-06
5.32341e-07
-1.40546e-06
4.98909e-07
-1.4906e-06
4.58338e-07
-1.56689e-06
4.11332e-07
-1.63332e-06
3.5863e-07
-1.68904e-06
3.01004e-07
-1.73333e-06
2.39252e-07
-1.7656e-06
1.74194e-07
-1.78545e-06
1.06676e-07
-1.79257e-06
3.75629e-08
-1.78684e-06
-3.2259e-08
-1.7683e-06
-1.01885e-07
-1.73714e-06
-1.70393e-07
-1.6937e-06
-2.3685e-07
-1.63849e-06
-3.00312e-07
-1.5722e-06
-3.59834e-07
-1.49566e-06
-4.1448e-07
-1.40987e-06
-4.63331e-07
-1.31599e-06
-5.05498e-07
-1.21531e-06
-5.40143e-07
-1.10926e-06
-5.66491e-07
-9.99404e-07
-5.83855e-07
-8.87394e-07
-5.91659e-07
-7.7497e-07
-5.89466e-07
-6.63923e-07
-5.77006e-07
-5.56071e-07
-5.54211e-07
-4.53222e-07
-5.21251e-07
-3.5714e-07
-4.78572e-07
-2.69514e-07
-4.26948e-07
-1.91921e-07
-3.67523e-07
-1.25801e-07
-3.01872e-07
-7.24473e-08
-2.32058e-07
-3.30102e-08
-1.60678e-07
-8.52689e-09
-9.09075e-08
-2.67518e-08
-1.03356e-08
3.96464e-08
-3.94881e-08
1.26207e-07
-8.57393e-08
2.15144e-07
-1.47415e-07
3.02614e-07
-2.22827e-07
3.85627e-07
-3.10242e-07
4.61794e-07
-4.07878e-07
5.2928e-07
-5.13903e-07
5.86747e-07
-6.26454e-07
6.33287e-07
-7.43655e-07
6.68359e-07
-8.63637e-07
6.91724e-07
-9.8456e-07
7.03398e-07
-1.10464e-06
7.03603e-07
-1.22215e-06
6.92728e-07
-1.33547e-06
6.71294e-07
-1.44306e-06
6.3993e-07
-1.54349e-06
5.99347e-07
-1.63548e-06
5.50326e-07
-1.71785e-06
4.93697e-07
-1.78955e-06
4.30335e-07
-1.8497e-06
3.6115e-07
-1.89753e-06
2.87086e-07
-1.93245e-06
2.09111e-07
-1.95399e-06
1.28223e-07
-1.96187e-06
4.54425e-08
-1.95595e-06
-3.81854e-08
-1.93624e-06
-1.21593e-07
-1.90294e-06
-2.03694e-07
-1.8564e-06
-2.83386e-07
-1.79716e-06
-3.59555e-07
-1.72591e-06
-4.31086e-07
-1.64352e-06
-4.96871e-07
-1.55102e-06
-5.55823e-07
-1.44963e-06
-6.06889e-07
-1.3407e-06
-6.49072e-07
-1.22574e-06
-6.81451e-07
-1.10639e-06
-7.03205e-07
-9.8441e-07
-7.13642e-07
-8.61646e-07
-7.1223e-07
-7.40023e-07
-6.98629e-07
-6.21504e-07
-6.7273e-07
-5.08061e-07
-6.34693e-07
-4.01644e-07
-5.8499e-07
-3.04144e-07
-5.24447e-07
-2.17372e-07
-4.54296e-07
-1.43025e-07
-3.76218e-07
-8.26865e-08
-2.92397e-07
-3.78218e-08
-2.05543e-07
-9.80967e-09
-1.1892e-07
-3.65615e-08
-1.15929e-08
5.12393e-08
-4.41953e-08
1.5881e-07
-9.57411e-08
2.6669e-07
-1.64213e-07
3.71086e-07
-2.47602e-07
4.69015e-07
-3.43885e-07
5.58077e-07
-4.51021e-07
6.36417e-07
-5.66956e-07
7.02681e-07
-6.89629e-07
7.55961e-07
-8.16995e-07
7.95725e-07
-9.47038e-07
8.21767e-07
-1.07779e-06
8.34154e-07
-1.20737e-06
8.33176e-07
-1.33394e-06
8.19305e-07
-1.45581e-06
7.93162e-07
-1.57137e-06
7.55487e-07
-1.67913e-06
7.07112e-07
-1.77775e-06
6.48946e-07
-1.86601e-06
5.81955e-07
-1.94283e-06
5.07155e-07
-2.00728e-06
4.25602e-07
-2.05859e-06
3.38388e-07
-2.09611e-06
2.46634e-07
-2.11938e-06
1.51493e-07
-2.12808e-06
5.41457e-08
-2.12207e-06
-4.41999e-08
-2.10135e-06
-1.42311e-07
-2.06611e-06
-2.38929e-07
-2.01672e-06
-3.32781e-07
-1.9537e-06
-4.22576e-07
-1.87776e-06
-5.07022e-07
-1.7898e-06
-5.84832e-07
-1.69088e-06
-6.5474e-07
-1.58225e-06
-7.1552e-07
-1.46532e-06
-7.66005e-07
-1.34166e-06
-8.05114e-07
-1.21299e-06
-8.31877e-07
-1.08116e-06
-8.4547e-07
-9.4814e-07
-8.45248e-07
-8.15985e-07
-8.30784e-07
-6.86808e-07
-8.01907e-07
-5.62756e-07
-7.58746e-07
-4.45972e-07
-7.01774e-07
-3.38569e-07
-6.31849e-07
-2.42601e-07
-5.50264e-07
-1.60038e-07
-4.58782e-07
-9.27522e-08
-3.59682e-07
-4.25237e-08
-2.55771e-07
-1.10524e-08
-1.50391e-07
-4.76139e-08
-1.28124e-08
6.40517e-08
-4.87832e-08
1.9478e-07
-1.05525e-07
3.23431e-07
-1.80694e-07
4.46255e-07
-2.71969e-07
5.60291e-07
-3.77039e-07
6.63148e-07
-4.93603e-07
7.5298e-07
-6.19372e-07
8.28451e-07
-7.52086e-07
8.88675e-07
-8.89523e-07
9.33162e-07
-1.02952e-06
9.61762e-07
-1.16998e-06
9.74615e-07
-1.3089e-06
9.72097e-07
-1.44438e-06
9.54783e-07
-1.57462e-06
9.23408e-07
-1.69797e-06
8.78835e-07
-1.81289e-06
8.22028e-07
-1.91798e-06
7.54033e-07
-2.01198e-06
6.7596e-07
-2.0938e-06
5.88971e-07
-2.16247e-06
4.94272e-07
-2.21719e-06
3.93107e-07
-2.2573e-06
2.86753e-07
-2.28233e-06
1.76521e-07
-2.29194e-06
6.37529e-08
-2.28596e-06
-5.01789e-08
-2.2644e-06
-1.63873e-07
-2.22743e-06
-2.75899e-07
-2.1754e-06
-3.84807e-07
-2.10885e-06
-4.89127e-07
-2.02849e-06
-5.87383e-07
-1.93522e-06
-6.78101e-07
-1.83013e-06
-7.5983e-07
-1.71449e-06
-8.31159e-07
-1.58976e-06
-8.90738e-07
-1.45756e-06
-9.3731e-07
-1.3197e-06
-9.69741e-07
-1.17811e-06
-9.87056e-07
-1.03488e-06
-9.88479e-07
-8.92198e-07
-9.73469e-07
-7.52331e-07
-9.41774e-07
-6.17611e-07
-8.93466e-07
-4.9039e-07
-8.28994e-07
-3.73015e-07
-7.49224e-07
-2.67796e-07
-6.55483e-07
-1.76982e-07
-5.49596e-07
-1.02745e-07
-4.33919e-07
-4.71725e-08
-3.11344e-07
-1.22742e-08
-1.85289e-07
-5.9888e-08
-1.40083e-08
7.806e-08
-5.32943e-08
2.34066e-07
-1.15165e-07
3.85302e-07
-1.96964e-07
5.28054e-07
-2.96064e-07
6.5939e-07
-4.09865e-07
7.76948e-07
-5.35801e-07
8.78917e-07
-6.7135e-07
9.63999e-07
-8.1404e-07
1.03137e-06
-9.61472e-07
1.08059e-06
-1.11133e-06
1.11162e-06
-1.26138e-06
1.12467e-06
-1.40952e-06
1.12024e-06
-1.55376e-06
1.09902e-06
-1.69223e-06
1.06188e-06
-1.82321e-06
1.00982e-06
-1.94512e-06
9.43942e-07
-2.05653e-06
8.65444e-07
-2.15616e-06
7.75586e-07
-2.24287e-06
6.75681e-07
-2.31569e-06
5.67089e-07
-2.37379e-06
4.51209e-07
-2.41651e-06
3.29475e-07
-2.44335e-06
2.03357e-07
-2.45395e-06
7.43565e-08
-2.44814e-06
-5.59882e-08
-2.42591e-06
-1.86107e-07
-2.38741e-06
-3.14399e-07
-2.33298e-06
-4.39233e-07
-2.26315e-06
-5.58958e-07
-2.17863e-06
-6.71909e-07
-2.08031e-06
-7.76421e-07
-1.96929e-06
-8.70848e-07
-1.84687e-06
-9.53581e-07
-1.71453e-06
-1.02308e-06
-1.57396e-06
-1.07788e-06
-1.42701e-06
-1.11669e-06
-1.27573e-06
-1.13834e-06
-1.1223e-06
-1.1419e-06
-9.69062e-07
-1.12671e-06
-8.18441e-07
-1.0924e-06
-6.72961e-07
-1.03895e-06
-5.35196e-07
-9.6676e-07
-4.07737e-07
-8.76684e-07
-2.93163e-07
-7.70056e-07
-1.94016e-07
-6.48743e-07
-1.12771e-07
-5.15164e-07
-5.18264e-08
-3.72288e-07
-1.34936e-08
-2.23622e-07
-7.33816e-08
-1.51934e-08
9.32533e-08
-5.77691e-08
2.76642e-07
-1.24737e-07
4.5227e-07
-2.13133e-07
6.1645e-07
-3.20025e-07
7.66282e-07
-4.42525e-07
8.99449e-07
-5.77801e-07
1.01419e-06
-7.23087e-07
1.10929e-06
-8.75702e-07
1.18398e-06
-1.03306e-06
1.23795e-06
-1.19268e-06
1.27124e-06
-1.35222e-06
1.28421e-06
-1.50945e-06
1.27747e-06
-1.66231e-06
1.25187e-06
-1.80885e-06
1.20842e-06
-1.94731e-06
1.14828e-06
-2.07606e-06
1.0727e-06
-2.19365e-06
9.83034e-07
-2.29878e-06
8.80707e-07
-2.39028e-06
7.67185e-07
-2.46718e-06
6.43986e-07
-2.52863e-06
5.12665e-07
-2.57397e-06
3.74812e-07
-2.60267e-06
2.32056e-07
-2.61437e-06
8.60575e-08
-2.60887e-06
-6.14833e-08
-2.58615e-06
-2.0883e-07
-2.54634e-06
-3.54208e-07
-2.48976e-06
-4.95811e-07
-2.41692e-06
-6.31802e-07
-2.3285e-06
-7.60325e-07
-2.22541e-06
-8.79518e-07
-2.10872e-06
-9.87531e-07
-1.97976e-06
-1.08255e-06
-1.84002e-06
-1.16281e-06
-1.69123e-06
-1.22667e-06
-1.53532e-06
-1.2726e-06
-1.37441e-06
-1.29925e-06
-1.2108e-06
-1.30551e-06
-1.04697e-06
-1.29055e-06
-8.85508e-07
-1.25385e-06
-7.2915e-07
-1.1953e-06
-5.80697e-07
-1.11521e-06
-4.43e-07
-1.01438e-06
-3.18922e-07
-8.94135e-07
-2.11305e-07
-7.5636e-07
-1.22941e-07
-6.03528e-07
-5.6543e-08
-4.38686e-07
-1.47284e-08
-2.65437e-07
-8.811e-08
-1.63792e-08
1.09632e-07
-6.2245e-08
3.22508e-07
-1.34311e-07
5.24336e-07
-2.29304e-07
7.11443e-07
-3.43987e-07
8.80965e-07
-4.7518e-07
1.03064e-06
-6.1978e-07
1.15879e-06
-7.74774e-07
1.26428e-06
-9.37262e-07
1.34647e-06
-1.10447e-06
1.40516e-06
-1.27377e-06
1.44054e-06
-1.44267e-06
1.45311e-06
-1.60886e-06
1.44366e-06
-1.77016e-06
1.41318e-06
-1.9246e-06
1.36286e-06
-2.07036e-06
1.29403e-06
-2.20578e-06
1.20812e-06
-2.32938e-06
1.10664e-06
-2.43985e-06
9.91175e-07
-2.53603e-06
8.63364e-07
-2.61693e-06
7.2488e-07
-2.68169e-06
5.77433e-07
-2.72965e-06
4.22771e-07
-2.76027e-06
2.62674e-07
-2.77318e-06
9.89619e-08
-2.76815e-06
-6.65091e-08
-2.74514e-06
-2.31839e-07
-2.70426e-06
-3.95086e-07
-2.64581e-06
-5.54267e-07
-2.57025e-06
-7.07362e-07
-2.47825e-06
-8.52322e-07
-2.37069e-06
-9.87082e-07
-2.24864e-06
-1.10958e-06
-2.1134e-06
-1.21778e-06
-1.9665e-06
-1.30971e-06
-1.8097e-06
-1.38347e-06
-1.64497e-06
-1.43733e-06
-1.47451e-06
-1.46971e-06
-1.30074e-06
-1.47928e-06
-1.12627e-06
-1.46502e-06
-9.53883e-07
-1.42624e-06
-7.8651e-07
-1.36268e-06
-6.27198e-07
-1.27453e-06
-4.79069e-07
-1.16251e-06
-3.45287e-07
-1.02792e-06
-2.2901e-07
-8.72636e-07
-1.3336e-07
-6.99178e-07
-6.13777e-08
-5.10669e-07
-1.59952e-08
-3.10819e-07
-1.04105e-07
-1.75758e-08
1.27208e-07
-6.67559e-08
3.71688e-07
-1.43951e-07
6.01531e-07
-2.45573e-07
8.13065e-07
-3.68075e-07
1.00347e-06
-5.07978e-07
1.17055e-06
-6.619e-07
1.31271e-06
-8.26577e-07
1.42896e-06
-9.98887e-07
1.51878e-06
-1.17587e-06
1.58214e-06
-1.35472e-06
1.61939e-06
-1.53284e-06
1.63123e-06
-1.70779e-06
1.61861e-06
-1.87736e-06
1.58274e-06
-2.03948e-06
1.52499e-06
-2.19231e-06
1.44686e-06
-2.33418e-06
1.34998e-06
-2.46359e-06
1.23605e-06
-2.57922e-06
1.10681e-06
-2.67993e-06
9.64069e-07
-2.76471e-06
8.09661e-07
-2.83273e-06
6.45453e-07
-2.8833e-06
4.73343e-07
-2.91589e-06
2.95262e-07
-2.93011e-06
1.13177e-07
-2.92571e-06
-7.0901e-08
-2.90264e-06
-2.54917e-07
-2.86095e-06
-4.36767e-07
-2.80093e-06
-6.14295e-07
-2.72299e-06
-7.85301e-07
-2.62777e-06
-9.47543e-07
-2.5161e-06
-1.09875e-06
-2.38904e-06
-1.23664e-06
-2.24787e-06
-1.35895e-06
-2.09411e-06
-1.46347e-06
-1.92953e-06
-1.54805e-06
-1.75617e-06
-1.61069e-06
-1.57629e-06
-1.64959e-06
-1.39241e-06
-1.66316e-06
-1.20729e-06
-1.65014e-06
-1.02389e-06
-1.60964e-06
-8.45352e-07
-1.54121e-06
-6.74986e-07
-1.44489e-06
-5.16198e-07
-1.3213e-06
-3.72467e-07
-1.17165e-06
-2.47289e-07
-9.97814e-07
-1.44132e-07
-8.02336e-07
-6.63832e-08
-5.88417e-07
-1.73095e-08
-3.59893e-07
-1.21415e-07
-1.87926e-08
1.46001e-07
-7.1333e-08
4.24228e-07
-1.53716e-07
6.83914e-07
-2.6203e-07
9.21379e-07
-3.92405e-07
1.13384e-06
-5.41053e-07
1.31919e-06
-7.04305e-07
1.47596e-06
-8.78639e-07
1.60329e-06
-1.0607e-06
1.70084e-06
-1.24734e-06
1.76878e-06
-1.4356e-06
1.80765e-06
-1.62274e-06
1.81837e-06
-1.80624e-06
1.80211e-06
-1.98381e-06
1.7603e-06
-2.15334e-06
1.69452e-06
-2.31296e-06
1.60649e-06
-2.46099e-06
1.49802e-06
-2.59595e-06
1.371e-06
-2.71651e-06
1.22737e-06
-2.82154e-06
1.0691e-06
-2.91006e-06
8.98178e-07
-2.98123e-06
7.16628e-07
-3.03438e-06
5.26495e-07
-3.06897e-06
3.29851e-07
-3.0846e-06
1.28807e-07
-3.08102e-06
-7.44863e-08
-3.05811e-06
-2.77825e-07
-3.01593e-06
-4.7895e-07
-2.95468e-06
-6.75544e-07
-2.87475e-06
-8.65228e-07
-2.77672e-06
-1.04557e-06
-2.66138e-06
-1.21409e-06
-2.52974e-06
-1.36829e-06
-2.38304e-06
-1.50565e-06
-2.22279e-06
-1.62371e-06
-2.05077e-06
-1.72007e-06
-1.86903e-06
-1.79243e-06
-1.67991e-06
-1.83871e-06
-1.48603e-06
-1.85704e-06
-1.29028e-06
-1.8459e-06
-1.09579e-06
-1.80413e-06
-9.05955e-07
-1.73105e-06
-7.24327e-07
-1.62652e-06
-5.54625e-07
-1.491e-06
-4.0066e-07
-1.32561e-06
-2.6629e-07
-1.13218e-06
-1.55353e-07
-9.13273e-07
-7.16099e-08
-6.7216e-07
-1.86861e-08
-4.12817e-07
-1.40101e-07
-2.0038e-08
1.66039e-07
-7.60049e-08
4.80195e-07
-1.63663e-07
7.71572e-07
-2.78758e-07
1.03647e-06
-4.17082e-07
1.27217e-06
-5.74526e-07
1.47664e-06
-7.4712e-07
1.64856e-06
-9.31075e-07
1.78724e-06
-1.12281e-06
1.89258e-06
-1.31896e-06
1.96493e-06
-1.51642e-06
2.00511e-06
-1.71233e-06
2.01428e-06
-1.90408e-06
1.99386e-06
-2.08931e-06
1.94553e-06
-2.2659e-06
1.8711e-06
-2.43194e-06
1.77253e-06
-2.58578e-06
1.65185e-06
-2.72593e-06
1.51115e-06
-2.85111e-06
1.35255e-06
-2.96019e-06
1.17819e-06
-3.05223e-06
9.90218e-07
-3.12642e-06
7.90814e-07
-3.18208e-06
5.82157e-07
-3.21868e-06
3.66454e-07
-3.23582e-06
1.45945e-07
-3.23322e-06
-7.70868e-08
-3.21074e-06
-3.00303e-07
-3.16839e-06
-5.21303e-07
-3.10632e-06
-7.37614e-07
-3.02486e-06
-9.46688e-07
-2.92452e-06
-1.14591e-06
-2.80603e-06
-1.33258e-06
-2.67032e-06
-1.50399e-06
-2.51861e-06
-1.65737e-06
-2.35235e-06
-1.78998e-06
-2.1733e-06
-1.89911e-06
-1.98354e-06
-1.98219e-06
-1.78545e-06
-2.0368e-06
-1.58173e-06
-2.06076e-06
-1.37542e-06
-2.05221e-06
-1.16982e-06
-2.00972e-06
-9.68559e-07
-1.93231e-06
-7.75462e-07
-1.81962e-06
-5.94569e-07
-1.67189e-06
-4.30053e-07
-1.49013e-06
-2.86155e-07
-1.27608e-06
-1.67117e-07
-1.03231e-06
-7.71058e-08
-7.62171e-07
-2.01391e-08
-4.69783e-07
-1.6024e-07
-2.13198e-08
1.87359e-07
-8.0799e-08
5.39674e-07
-1.73843e-07
8.64616e-07
-2.95833e-07
1.15846e-06
-4.42203e-07
1.41854e-06
-6.08503e-07
1.64294e-06
-7.9045e-07
1.83051e-06
-9.83972e-07
1.98077e-06
-1.18525e-06
2.09385e-06
-1.39072e-06
2.1704e-06
-1.59712e-06
2.21151e-06
-1.80147e-06
2.21863e-06
-2.00108e-06
2.19348e-06
-2.19355e-06
2.13799e-06
-2.37673e-06
2.05428e-06
-2.54873e-06
1.94454e-06
-2.7079e-06
1.81103e-06
-2.8528e-06
1.65605e-06
-2.98218e-06
1.48193e-06
-3.09497e-06
1.29097e-06
-3.19024e-06
1.08549e-06
-3.26723e-06
8.67801e-07
-3.32528e-06
6.4021e-07
-3.36388e-06
4.05048e-07
-3.3826e-06
1.64671e-07
-3.38117e-06
-7.85223e-08
-3.3594e-06
-3.22073e-07
-3.31725e-06
-5.63453e-07
-3.25481e-06
-8.00048e-07
-3.17235e-06
-1.02915e-06
-3.07028e-06
-1.24797e-06
-2.94926e-06
-1.45361e-06
-2.81013e-06
-1.64312e-06
-2.65402e-06
-1.81348e-06
-2.48234e-06
-1.96165e-06
-2.29682e-06
-2.08463e-06
-2.09951e-06
-2.1795e-06
-1.89283e-06
-2.24348e-06
-1.67955e-06
-2.27404e-06
-1.46282e-06
-2.26894e-06
-1.24614e-06
-2.22639e-06
-1.03336e-06
-2.1451e-06
-8.28597e-07
-2.02438e-06
-6.36232e-07
-1.86426e-06
-4.60819e-07
-1.66554e-06
-3.0702e-07
-1.42988e-06
-1.79515e-07
-1.15982e-06
-8.29175e-08
-8.58769e-07
-2.16822e-08
-5.31019e-07
-1.81922e-07
-2.26462e-08
2.10005e-07
-8.57422e-08
6.02771e-07
-1.84308e-07
9.63182e-07
-3.13331e-07
1.28749e-06
-4.67861e-07
1.57307e-06
-6.43082e-07
1.81816e-06
-8.3438e-07
2.0218e-06
-1.03739e-06
2.18378e-06
-1.24804e-06
2.3045e-06
-1.46257e-06
2.38493e-06
-1.67756e-06
2.4265e-06
-1.88992e-06
2.43099e-06
-2.0969e-06
2.40045e-06
-2.29605e-06
2.33714e-06
-2.48523e-06
2.24346e-06
-2.66258e-06
2.12189e-06
-2.82649e-06
1.97494e-06
-2.97557e-06
1.80513e-06
-3.10863e-06
1.61499e-06
-3.22466e-06
1.407e-06
-3.32279e-06
1.18362e-06
-3.40229e-06
9.47303e-07
-3.46255e-06
7.00473e-07
-3.50307e-06
4.45567e-07
-3.52344e-06
1.85038e-07
-3.52335e-06
-7.86153e-08
-3.50258e-06
-3.42836e-07
-3.46105e-06
-6.04986e-07
-3.39877e-06
-8.62326e-07
-3.31591e-06
-1.11201e-06
-3.21281e-06
-1.35107e-06
-3.08999e-06
-1.57644e-06
-2.9482e-06
-1.7849e-06
-2.78848e-06
-1.9732e-06
-2.61214e-06
-2.13799e-06
-2.42083e-06
-2.27594e-06
-2.21659e-06
-2.38375e-06
-2.00183e-06
-2.45825e-06
-1.77937e-06
-2.49649e-06
-1.55249e-06
-2.49583e-06
-1.32484e-06
-2.45404e-06
-1.1005e-06
-2.36943e-06
-8.83908e-07
-2.24097e-06
-6.7979e-07
-2.06838e-06
-4.93119e-07
-1.85221e-06
-3.29012e-07
-1.59399e-06
-1.92633e-07
-1.29619e-06
-8.90907e-08
-9.62311e-07
-2.3329e-08
-5.9678e-07
-2.05251e-07
-2.40252e-08
2.3403e-07
-9.08629e-08
6.69608e-07
-1.95111e-07
1.06743e-06
-3.31328e-07
1.4237e-06
-4.94146e-07
1.73588e-06
-6.78356e-07
2.00237e-06
-8.78986e-07
2.22243e-06
-1.09136e-06
2.39615e-06
-1.31115e-06
2.52429e-06
-1.5344e-06
2.60818e-06
-1.75752e-06
2.64963e-06
-1.97734e-06
2.65081e-06
-2.19105e-06
2.61416e-06
-2.39619e-06
2.54228e-06
-2.59064e-06
2.43792e-06
-2.77259e-06
2.30384e-06
-2.94049e-06
2.14284e-06
-3.09303e-06
1.95767e-06
-3.2291e-06
1.75106e-06
-3.34778e-06
1.52567e-06
-3.44827e-06
1.28411e-06
-3.5299e-06
1.02894e-06
-3.59212e-06
7.6269e-07
-3.63444e-06
4.87891e-07
-3.65647e-06
2.07071e-07
-3.65789e-06
-7.71964e-08
-3.63845e-06
-3.62277e-07
-3.59799e-06
-6.45446e-07
-3.53645e-06
-9.23864e-07
-3.4539e-06
-1.19456e-06
-3.35056e-06
-1.45442e-06
-3.22681e-06
-1.70018e-06
-3.0833e-06
-1.92842e-06
-2.9209e-06
-2.1356e-06
-2.74082e-06
-2.31807e-06
-2.54461e-06
-2.47215e-06
-2.33423e-06
-2.59413e-06
-2.11207e-06
-2.68041e-06
-1.88098e-06
-2.72757e-06
-1.64432e-06
-2.73249e-06
-1.40592e-06
-2.69244e-06
-1.17008e-06
-2.60528e-06
-9.4153e-07
-2.46952e-06
-7.25401e-07
-2.28451e-06
-5.27103e-07
-2.05051e-06
-3.52255e-07
-1.76884e-06
-2.06557e-07
-1.44189e-06
-9.56714e-08
-1.0732e-06
-2.50931e-08
-6.67359e-07
-2.30344e-07
-2.54662e-08
2.59496e-07
-9.6192e-08
7.40334e-07
-2.0631e-07
1.17755e-06
-3.49907e-07
1.5673e-06
-5.21154e-07
1.90713e-06
-7.14414e-07
2.19563e-06
-9.24331e-07
2.43235e-06
-1.1459e-06
2.61772e-06
-1.37452e-06
2.75291e-06
-1.60603e-06
2.83969e-06
-1.83672e-06
2.88031e-06
-2.0633e-06
2.87739e-06
-2.28294e-06
2.8338e-06
-2.49319e-06
2.75254e-06
-2.69199e-06
2.63672e-06
-2.8776e-06
2.48945e-06
-3.04856e-06
2.3138e-06
-3.20367e-06
2.11278e-06
-3.34193e-06
1.88932e-06
-3.46251e-06
1.64626e-06
-3.56473e-06
1.38633e-06
-3.648e-06
1.11221e-06
-3.71182e-06
8.26512e-07
-3.75576e-06
5.31831e-07
-3.77944e-06
2.3075e-07
-3.78253e-06
-7.41118e-08
-3.76473e-06
-3.80069e-07
-3.72584e-06
-6.84337e-07
-3.6657e-06
-9.84004e-07
-3.58426e-06
-1.276e-06
-3.4816e-06
-1.55708e-06
-3.35797e-06
-1.82381e-06
-3.21381e-06
-2.07257e-06
-3.04987e-06
-2.29954e-06
-2.86718e-06
-2.50077e-06
-2.66715e-06
-2.67217e-06
-2.45164e-06
-2.80964e-06
-2.22297e-06
-2.90908e-06
-1.98399e-06
-2.96655e-06
-1.73811e-06
-2.97837e-06
-1.48931e-06
-2.94125e-06
-1.2421e-06
-2.85248e-06
-1.00156e-06
-2.71006e-06
-7.73196e-07
-2.51287e-06
-5.62911e-07
-2.2608e-06
-3.7687e-07
-1.95488e-06
-2.21374e-07
-1.59739e-06
-1.02706e-07
-1.19186e-06
-2.69891e-08
-7.43076e-07
-2.57333e-07
-2.69798e-08
2.86476e-07
-1.01765e-07
8.1512e-07
-2.17972e-07
1.29375e-06
-3.69159e-07
1.71849e-06
-5.48988e-07
2.08696e-06
-7.51352e-07
2.39799e-06
-9.70475e-07
2.65147e-06
-1.201e-06
2.84825e-06
-1.43805e-06
2.98996e-06
-1.67725e-06
3.07889e-06
-1.91476e-06
3.11782e-06
-2.14723e-06
3.10986e-06
-2.37181e-06
3.05838e-06
-2.5861e-06
2.96684e-06
-2.78812e-06
2.83874e-06
-2.97624e-06
2.67756e-06
-3.14912e-06
2.48668e-06
-3.3057e-06
2.26936e-06
-3.44513e-06
2.02875e-06
-3.56671e-06
1.76784e-06
-3.66988e-06
1.4895e-06
-3.75416e-06
1.19648e-06
-3.81913e-06
8.91482e-07
-3.86442e-06
5.77117e-07
-3.88967e-06
2.56e-07
-3.89455e-06
-6.92314e-08
-3.87874e-06
-3.95876e-07
-3.84195e-06
-7.21123e-07
-3.78394e-06
-1.04202e-06
-3.70451e-06
-1.35543e-06
-3.6036e-06
-1.658e-06
-3.48126e-06
-1.94615e-06
-3.33776e-06
-2.21607e-06
-3.17362e-06
-2.46368e-06
-2.98968e-06
-2.68471e-06
-2.78717e-06
-2.87468e-06
-2.56778e-06
-3.02903e-06
-2.33374e-06
-3.14313e-06
-2.08783e-06
-3.21246e-06
-1.83349e-06
-3.2327e-06
-1.57481e-06
-3.19992e-06
-1.31654e-06
-3.11075e-06
-1.06405e-06
-2.96255e-06
-8.23288e-07
-2.75363e-06
-6.00673e-07
-2.48341e-06
-4.02978e-07
-2.15257e-06
-2.37172e-07
-1.7632e-06
-1.10246e-07
-1.31879e-06
-2.90323e-08
-8.24289e-07
-2.86366e-07
-2.85791e-08
3.15055e-07
-1.07626e-07
8.94167e-07
-2.30175e-07
1.4163e-06
-3.89194e-07
1.87751e-06
-5.77773e-07
2.27554e-06
-7.89279e-07
2.6095e-06
-1.01748e-06
2.87967e-06
-1.25664e-06
3.08741e-06
-1.50159e-06
3.23491e-06
-1.74775e-06
3.32506e-06
-1.99116e-06
3.36123e-06
-2.22843e-06
3.34713e-06
-2.45674e-06
3.28668e-06
-2.67376e-06
3.18386e-06
-2.87762e-06
3.0426e-06
-3.06684e-06
2.86678e-06
-3.24027e-06
2.6601e-06
-3.397e-06
2.4261e-06
-3.53637e-06
2.16812e-06
-3.65785e-06
1.88931e-06
-3.76102e-06
1.59266e-06
-3.84553e-06
1.28099e-06
-3.91107e-06
9.57022e-07
-3.95733e-06
6.23385e-07
-3.98402e-06
2.82686e-07
-3.99079e-06
-6.24582e-08
-3.9773e-06
-4.09364e-07
-3.94319e-06
-7.55234e-07
-3.8881e-06
-1.09711e-06
-3.8117e-06
-1.43182e-06
-3.71374e-06
-1.75596e-06
-3.59407e-06
-2.06582e-06
-3.45273e-06
-2.35741e-06
-3.28998e-06
-2.62643e-06
-3.10642e-06
-2.86827e-06
-2.90304e-06
-3.07806e-06
-2.68133e-06
-3.25075e-06
-2.44332e-06
-3.38114e-06
-2.19172e-06
-3.46406e-06
-1.92994e-06
-3.49449e-06
-1.66214e-06
-3.46772e-06
-1.39326e-06
-3.37963e-06
-1.12901e-06
-3.22681e-06
-8.75762e-07
-3.00688e-06
-6.40513e-07
-2.71866e-06
-4.30702e-07
-2.36238e-06
-2.54047e-07
-1.93985e-06
-1.18343e-07
-1.45449e-06
-3.12396e-08
-9.11392e-07
-3.17605e-07
-3.02802e-08
3.45335e-07
-1.13829e-07
9.77716e-07
-2.43019e-07
1.54549e-06
-4.10145e-07
2.04463e-06
-6.07653e-07
2.47305e-06
-8.28321e-07
2.83017e-06
-1.06541e-06
3.11677e-06
-1.31278e-06
3.33478e-06
-1.56496e-06
3.48709e-06
-1.81717e-06
3.57727e-06
-2.06534e-06
3.6094e-06
-2.30609e-06
3.58788e-06
-2.53664e-06
3.51723e-06
-2.75478e-06
3.402e-06
-2.95883e-06
3.24665e-06
-3.14748e-06
3.05543e-06
-3.3198e-06
2.83242e-06
-3.47511e-06
2.58142e-06
-3.61295e-06
2.30596e-06
-3.733e-06
2.00936e-06
-3.83502e-06
1.69468e-06
-3.91881e-06
1.36479e-06
-3.9842e-06
1.02241e-06
-4.03098e-06
6.7016e-07
-4.05888e-06
3.1059e-07
-4.0676e-06
-5.37393e-08
-4.05676e-06
-4.20206e-07
-4.02592e-06
-7.8607e-07
-3.97462e-06
-1.14841e-06
-3.90237e-06
-1.50407e-06
-3.80872e-06
-1.84962e-06
-3.69328e-06
-2.18126e-06
-3.55581e-06
-2.49488e-06
-3.39631e-06
-2.78593e-06
-3.21506e-06
-3.04952e-06
-3.01275e-06
-3.28037e-06
-2.79058e-06
-3.47291e-06
-2.55037e-06
-3.62135e-06
-2.29465e-06
-3.71979e-06
-2.02673e-06
-3.7624e-06
-1.75083e-06
-3.74362e-06
-1.47205e-06
-3.65841e-06
-1.19638e-06
-3.50248e-06
-9.30682e-07
-3.27258e-06
-6.82551e-07
-2.96679e-06
-4.60169e-07
-2.58477e-06
-2.72102e-07
-2.12792e-06
-1.27058e-07
-1.59954e-06
-3.36305e-08
-1.00482e-06
-3.51236e-07
-3.21039e-08
3.77439e-07
-1.2044e-07
1.06605e-06
-2.56625e-07
1.68168e-06
-4.3218e-07
2.22019e-06
-6.38812e-07
2.67968e-06
-8.68635e-07
3.05999e-06
-1.11435e-06
3.36248e-06
-1.36938e-06
3.58981e-06
-1.62793e-06
3.74564e-06
-1.88505e-06
3.83438e-06
-2.13659e-06
3.86094e-06
-2.37918e-06
3.83047e-06
-2.61017e-06
3.74822e-06
-2.82753e-06
3.61937e-06
-3.02978e-06
3.44889e-06
-3.21587e-06
3.24153e-06
-3.38514e-06
3.00168e-06
-3.53716e-06
2.73344e-06
-3.67174e-06
2.44054e-06
-3.7888e-06
2.12641e-06
-3.8883e-06
1.79418e-06
-3.97026e-06
1.44674e-06
-4.03462e-06
1.08678e-06
-4.08131e-06
7.16845e-07
-4.11013e-06
3.39407e-07
-4.12079e-06
-4.30767e-08
-4.1129e-06
-4.28094e-07
-4.08596e-06
-8.13009e-07
-4.03938e-06
-1.19499e-06
-3.97251e-06
-1.57095e-06
-3.88467e-06
-1.93746e-06
-3.77521e-06
-2.29072e-06
-3.64361e-06
-2.62648e-06
-3.48949e-06
-2.94005e-06
-3.3128e-06
-3.22621e-06
-3.11384e-06
-3.47932e-06
-2.89348e-06
-3.69327e-06
-2.65322e-06
-3.86162e-06
-2.39532e-06
-3.97769e-06
-2.12296e-06
-4.03476e-06
-1.8403e-06
-4.02628e-06
-1.55257e-06
-3.94614e-06
-1.26606e-06
-3.78899e-06
-9.88085e-07
-3.55055e-06
-7.26904e-07
-3.22797e-06
-4.91519e-07
-2.82015e-06
-2.91452e-07
-2.32798e-06
-1.36461e-07
-1.75453e-06
-3.62274e-08
-1.10505e-06
-3.87463e-07
-3.40767e-08
4.11516e-07
-1.27548e-07
1.15952e-06
-2.71151e-07
1.82528e-06
-4.55508e-07
2.40454e-06
-6.71475e-07
2.89565e-06
-9.10411e-07
3.29893e-06
-1.16439e-06
3.61646e-06
-1.42636e-06
3.85178e-06
-1.69022e-06
4.00949e-06
-1.95082e-06
4.09499e-06
-2.20401e-06
4.11412e-06
-2.44649e-06
4.07295e-06
-2.67576e-06
3.9775e-06
-2.89006e-06
3.83366e-06
-3.08817e-06
3.647e-06
-3.26936e-06
3.42272e-06
-3.43329e-06
3.16561e-06
-3.57986e-06
2.88001e-06
-3.70916e-06
2.56985e-06
-3.82141e-06
2.23865e-06
-3.91682e-06
1.88959e-06
-3.9956e-06
1.52553e-06
-4.05791e-06
1.14909e-06
-4.10377e-06
7.62707e-07
-4.13309e-06
3.6873e-07
-4.14563e-06
-3.05395e-08
-4.14097e-06
-4.3275e-07
-4.11856e-06
-8.35422e-07
-4.07768e-06
-1.23587e-06
-4.01751e-06
-1.63112e-06
-3.93713e-06
-2.01783e-06
-3.83563e-06
-2.39223e-06
-3.7121e-06
-2.75001e-06
-3.56581e-06
-3.08633e-06
-3.39627e-06
-3.39575e-06
-3.20336e-06
-3.67223e-06
-2.9875e-06
-3.90914e-06
-2.74977e-06
-4.09935e-06
-2.49209e-06
-4.23536e-06
-2.2174e-06
-4.30945e-06
-1.92973e-06
-4.31394e-06
-1.63437e-06
-4.24151e-06
-1.33785e-06
-4.08551e-06
-1.04798e-06
-3.84042e-06
-7.7369e-07
-3.50226e-06
-5.24906e-07
-3.06893e-06
-3.12232e-07
-2.54066e-06
-1.46633e-07
-1.92013e-06
-3.90573e-08
-1.21263e-06
-4.2652e-07
-3.62331e-08
4.47749e-07
-1.35263e-07
1.25855e-06
-2.86795e-07
1.97681e-06
-4.80395e-07
2.59815e-06
-7.05927e-07
3.12118e-06
-9.53884e-07
3.54688e-06
-1.21564e-06
3.87822e-06
-1.48364e-06
4.11978e-06
-1.75145e-06
4.2773e-06
-2.01381e-06
4.35735e-06
-2.26655e-06
4.36687e-06
-2.50654e-06
4.31294e-06
-2.73154e-06
4.2025e-06
-2.94007e-06
4.04219e-06
-3.13129e-06
3.83822e-06
-3.30486e-06
3.59629e-06
-3.46081e-06
3.32156e-06
-3.59941e-06
3.01862e-06
-3.72113e-06
2.69157e-06
-3.82647e-06
2.344e-06
-3.91596e-06
1.97908e-06
-3.99005e-06
1.59962e-06
-4.04908e-06
1.20812e-06
-4.09325e-06
8.06873e-07
-4.12256e-06
3.98041e-07
-4.13682e-06
-1.62753e-08
-4.13563e-06
-4.33938e-07
-4.11837e-06
-8.52682e-07
-4.08421e-06
-1.27003e-06
-4.03215e-06
-1.68318e-06
-3.96103e-06
-2.08895e-06
-3.86962e-06
-2.48364e-06
-3.75665e-06
-2.86298e-06
-3.62094e-06
-3.22203e-06
-3.46153e-06
-3.55516e-06
-3.27778e-06
-3.85598e-06
-3.06957e-06
-4.11735e-06
-2.83747e-06
-4.33145e-06
-2.58294e-06
-4.48989e-06
-2.30855e-06
-4.58385e-06
-2.0181e-06
-4.60439e-06
-1.71683e-06
-4.54277e-06
-1.41149e-06
-4.39085e-06
-1.11033e-06
-4.14159e-06
-8.23031e-07
-3.78956e-06
-5.60508e-07
-3.33146e-06
-3.34601e-07
-2.76657e-06
-1.57673e-07
-2.09706e-06
-4.21533e-08
-1.32815e-06
-4.68674e-07
-3.86181e-08
4.86367e-07
-1.43731e-07
1.36367e-06
-3.03812e-07
2.13689e-06
-5.07176e-07
2.80151e-06
-7.42518e-07
3.35652e-06
-9.99335e-07
3.8037e-06
-1.26822e-06
4.14711e-06
-1.54107e-06
4.39263e-06
-1.81116e-06
4.54739e-06
-2.07312e-06
4.61931e-06
-2.32289e-06
4.61664e-06
-2.55756e-06
4.5476e-06
-2.77523e-06
4.42016e-06
-2.97483e-06
4.24179e-06
-3.15597e-06
4.01937e-06
-3.31877e-06
3.75909e-06
-3.46371e-06
3.4665e-06
-3.59151e-06
3.14642e-06
-3.70301e-06
2.80307e-06
-3.79909e-06
2.44008e-06
-3.88059e-06
2.06058e-06
-3.94825e-06
1.66727e-06
-4.00261e-06
1.26248e-06
-4.04406e-06
8.48319e-07
-4.07272e-06
4.26702e-07
-4.08847e-06
-5.20332e-10
-4.09093e-06
-4.3148e-07
-4.07943e-06
-8.64186e-07
-4.05303e-06
-1.29643e-06
-4.01055e-06
-1.72566e-06
-3.9506e-06
-2.14891e-06
-3.8716e-06
-2.56264e-06
-3.77191e-06
-2.96267e-06
-3.64986e-06
-3.34408e-06
-3.50394e-06
-3.70108e-06
-3.33292e-06
-4.027e-06
-3.13603e-06
-4.31423e-06
-2.91323e-06
-4.55426e-06
-2.66537e-06
-4.73775e-06
-2.39449e-06
-4.85473e-06
-2.10406e-06
-4.89483e-06
-1.79914e-06
-4.84769e-06
-1.48659e-06
-4.7034e-06
-1.17507e-06
-4.4531e-06
-8.75052e-07
-4.08958e-06
-5.98532e-07
-3.60798e-06
-3.58754e-07
-3.00635e-06
-1.69704e-07
-2.28611e-06
-4.55568e-08
-1.4523e-06
-5.14231e-07
-4.12903e-08
5.27657e-07
-1.53137e-07
1.47551e-06
-3.22529e-07
2.30629e-06
-5.36272e-07
3.01525e-06
-7.81682e-07
3.60193e-06
-1.0471e-06
4.06911e-06
-1.32225e-06
4.42226e-06
-1.59845e-06
4.66883e-06
-1.86871e-06
4.81765e-06
-2.12765e-06
4.87825e-06
-2.37138e-06
4.86036e-06
-2.59734e-06
4.77356e-06
-2.80408e-06
4.62691e-06
-2.99107e-06
4.42878e-06
-3.15846e-06
4.18675e-06
-3.3069e-06
3.90754e-06
-3.43741e-06
3.597e-06
-3.55119e-06
3.2602e-06
-3.64954e-06
2.90142e-06
-3.73374e-06
2.52428e-06
-3.80497e-06
2.13181e-06
-3.86424e-06
1.72654e-06
-3.91238e-06
1.31062e-06
-3.94994e-06
8.85879e-07
-3.9772e-06
4.53956e-07
-3.99411e-06
1.63925e-08
-4.00032e-06
-4.25268e-07
-3.99514e-06
-8.69369e-07
-3.97753e-06
-1.31403e-06
-3.94615e-06
-1.75704e-06
-3.89936e-06
-2.1957e-06
-3.83527e-06
-2.62674e-06
-3.75178e-06
-3.04616e-06
-3.64676e-06
-3.44911e-06
-3.51808e-06
-3.82977e-06
-3.36382e-06
-4.18126e-06
-3.1825e-06
-4.49555e-06
-2.97329e-06
-4.76347e-06
-2.73629e-06
-4.97475e-06
-2.47286e-06
-5.11815e-06
-2.18592e-06
-5.18177e-06
-1.88022e-06
-5.15338e-06
-1.5626e-06
-5.02102e-06
-1.24208e-06
-4.77361e-06
-9.29887e-07
-4.40178e-06
-6.39226e-07
-3.89864e-06
-3.84929e-07
-3.26064e-06
-1.8288e-07
-2.48815e-06
-4.93203e-08
-1.58586e-06
-5.63551e-07
-4.43267e-08
5.71984e-07
-1.63723e-07
1.59491e-06
-3.43362e-07
2.48593e-06
-5.68212e-07
3.2401e-06
-8.23942e-07
3.85766e-06
-1.09755e-06
4.34272e-06
-1.3778e-06
4.70251e-06
-1.65544e-06
4.94647e-06
-1.92324e-06
5.08546e-06
-2.17592e-06
5.13092e-06
-2.40991e-06
5.09435e-06
-2.62314e-06
4.9868e-06
-2.81477e-06
4.81854e-06
-2.98489e-06
4.5989e-06
-3.13432e-06
4.33618e-06
-3.26436e-06
4.03757e-06
-3.37661e-06
3.70926e-06
-3.47284e-06
3.35643e-06
-3.55482e-06
2.9834e-06
-3.62426e-06
2.59372e-06
-3.6827e-06
2.19026e-06
-3.73149e-06
1.77533e-06
-3.77169e-06
1.35082e-06
-3.80406e-06
9.18251e-07
-3.82903e-06
4.78927e-07
-3.84667e-06
3.40288e-08
-3.85666e-06
-4.15279e-07
-3.8583e-06
-8.67732e-07
-3.85048e-06
-1.32185e-06
-3.83171e-06
-1.7758e-06
-3.80013e-06
-2.22728e-06
-3.75351e-06
-2.67335e-06
-3.68937e-06
-3.1103e-06
-3.60501e-06
-3.53347e-06
-3.49768e-06
-3.93711e-06
-3.36471e-06
-4.31423e-06
-3.20376e-06
-4.6565e-06
-3.0131e-06
-4.95413e-06
-2.79191e-06
-5.19594e-06
-2.54066e-06
-5.3694e-06
-2.26151e-06
-5.46092e-06
-1.95868e-06
-5.45621e-06
-1.6388e-06
-5.3409e-06
-1.31115e-06
-5.10127e-06
-9.87673e-07
-4.72525e-06
-6.82887e-07
-4.20342e-06
-4.13427e-07
-3.5301e-06
-1.97399e-07
-2.70418e-06
-5.35118e-08
-1.72974e-06
-6.17063e-07
-4.78291e-08
6.19813e-07
-1.75805e-07
1.72288e-06
-3.6684e-07
2.67696e-06
-6.03652e-07
3.47691e-06
-8.69922e-07
4.12393e-06
-1.1511e-06
4.6239e-06
-1.43488e-06
4.98629e-06
-1.71147e-06
5.22306e-06
-1.97353e-06
5.34751e-06
-2.21598e-06
5.37338e-06
-2.43579e-06
5.31416e-06
-2.63155e-06
5.18256e-06
-2.80318e-06
4.99016e-06
-2.95156e-06
4.74729e-06
-3.0783e-06
4.46292e-06
-3.18543e-06
4.1447e-06
-3.27523e-06
3.79905e-06
-3.35004e-06
3.43124e-06
-3.41216e-06
3.04553e-06
-3.46376e-06
2.64532e-06
-3.50676e-06
2.23325e-06
-3.54281e-06
1.81138e-06
-3.57323e-06
1.38125e-06
-3.59901e-06
9.44024e-07
-3.62071e-06
5.00636e-07
-3.63854e-06
5.18537e-08
-3.65223e-06
-4.01586e-07
-3.6611e-06
-8.58863e-07
-3.664e-06
-1.31895e-06
-3.65931e-06
-1.78049e-06
-3.64497e-06
-2.24162e-06
-3.61847e-06
-2.69985e-06
-3.57691e-06
-3.15186e-06
-3.51707e-06
-3.59331e-06
-3.43551e-06
-4.01866e-06
-3.32879e-06
-4.42095e-06
-3.19362e-06
-4.79167e-06
-3.0272e-06
-5.12055e-06
-2.8276e-06
-5.39554e-06
-2.59418e-06
-5.60283e-06
-2.32806e-06
-5.72704e-06
-2.03267e-06
-5.75161e-06
-1.71419e-06
-5.65938e-06
-1.38193e-06
-5.43352e-06
-1.04854e-06
-5.05864e-06
-7.29879e-07
-4.52209e-06
-4.44629e-07
-3.81535e-06
-2.13515e-07
-2.9353e-06
-5.82206e-08
-1.88504e-06
-6.75283e-07
-5.19322e-08
6.71745e-07
-1.89791e-07
1.86074e-06
-3.93642e-07
2.88081e-06
-6.43397e-07
3.72667e-06
-9.20345e-07
4.40088e-06
-1.20813e-06
4.91169e-06
-1.49335e-06
5.27151e-06
-1.76568e-06
5.49539e-06
-2.01784e-06
5.59966e-06
-2.24522e-06
5.60077e-06
-2.44552e-06
5.51446e-06
-2.61822e-06
5.35526e-06
-2.76421e-06
5.13615e-06
-2.88535e-06
4.86843e-06
-2.98412e-06
4.5617e-06
-3.06341e-06
4.22399e-06
-3.1262e-06
3.86184e-06
-3.17548e-06
3.48052e-06
-3.2141e-06
3.08414e-06
-3.24464e-06
2.67586e-06
-3.26942e-06
2.25803e-06
-3.29039e-06
1.83235e-06
-3.30913e-06
1.39999e-06
-3.32682e-06
9.61714e-07
-3.34421e-06
5.18023e-07
-3.36159e-06
6.92397e-08
-3.37881e-06
-3.84366e-07
-3.39521e-06
-8.42463e-07
-3.40963e-06
-1.30453e-06
-3.42038e-06
-1.76974e-06
-3.42524e-06
-2.23676e-06
-3.42145e-06
-2.70364e-06
-3.40574e-06
-3.16756e-06
-3.37439e-06
-3.62466e-06
-3.32331e-06
-4.06974e-06
-3.2482e-06
-4.49607e-06
-3.14475e-06
-4.89512e-06
-3.00899e-06
-5.25631e-06
-2.83766e-06
-5.56687e-06
-2.62873e-06
-5.81175e-06
-2.38201e-06
-5.97377e-06
-2.09976e-06
-6.03386e-06
-1.78736e-06
-5.97177e-06
-1.45393e-06
-5.76696e-06
-1.1126e-06
-5.39997e-06
-7.80637e-07
-4.85405e-06
-4.79021e-07
-4.11697e-06
-2.31564e-07
-3.18275e-06
-6.35657e-08
-2.05304e-06
-7.38849e-07
-5.68169e-08
7.28562e-07
-2.0622e-07
2.01015e-06
-4.24626e-07
3.09922e-06
-6.8843e-07
3.99047e-06
-9.76012e-07
4.68846e-06
-1.26897e-06
5.20464e-06
-1.55272e-06
5.55526e-06
-1.81662e-06
5.75929e-06
-2.05368e-06
5.83672e-06
-2.26005e-06
5.80714e-06
-2.43447e-06
5.68887e-06
-2.5776e-06
5.4984e-06
-2.69153e-06
5.25008e-06
-2.77925e-06
4.95615e-06
-2.84429e-06
4.62674e-06
-2.89042e-06
4.27011e-06
-2.92141e-06
3.89284e-06
-2.9409e-06
3.5e-06
-2.95224e-06
3.09548e-06
-2.95848e-06
2.68209e-06
-2.96225e-06
2.26181e-06
-2.96581e-06
1.83591e-06
-2.97096e-06
1.40514e-06
-2.97906e-06
9.69817e-07
-2.99102e-06
5.29983e-07
-3.00727e-06
8.54832e-08
-3.02773e-06
-3.63907e-07
-3.05182e-06
-8.18375e-07
-3.0784e-06
-1.27795e-06
-3.10577e-06
-1.74237e-06
-3.13161e-06
-2.21093e-06
-3.15298e-06
-2.68227e-06
-3.16631e-06
-3.15423e-06
-3.16744e-06
-3.62353e-06
-3.15164e-06
-4.08553e-06
-3.11378e-06
-4.53393e-06
-3.04849e-06
-4.96041e-06
-2.95051e-06
-5.3543e-06
-2.81505e-06
-5.70232e-06
-2.63844e-06
-5.98837e-06
-2.41875e-06
-6.19345e-06
-2.15669e-06
-6.29593e-06
-1.8564e-06
-6.27206e-06
-1.52633e-06
-6.09703e-06
-1.17989e-06
-5.74641e-06
-8.35683e-07
-5.19825e-06
-5.17227e-07
-4.43542e-06
-2.51989e-07
-3.44799e-06
-6.97078e-08
-2.23532e-06
-8.08557e-07
-6.27282e-08
7.9129e-07
-2.258e-07
2.17322e-06
-4.60888e-07
3.33431e-06
-7.39922e-07
4.26951e-06
-1.03776e-06
4.9863e-06
-1.3337e-06
5.50058e-06
-1.61204e-06
5.8336e-06
-1.86206e-06
6.00931e-06
-2.07745e-06
6.05211e-06
-2.25556e-06
5.98525e-06
-2.39654e-06
5.82985e-06
-2.50258e-06
5.60444e-06
-2.5772e-06
5.32471e-06
-2.62473e-06
5.00367e-06
-2.64983e-06
4.65184e-06
-2.65723e-06
4.27752e-06
-2.65151e-06
3.88711e-06
-2.6369e-06
3.4854e-06
-2.61727e-06
3.07586e-06
-2.59604e-06
2.66086e-06
-2.57615e-06
2.24192e-06
-2.56008e-06
1.81984e-06
-2.54981e-06
1.39487e-06
-2.54688e-06
9.66883e-07
-2.55231e-06
5.35416e-07
-2.56666e-06
9.98321e-08
-2.58997e-06
-3.40601e-07
-2.62174e-06
-7.86604e-07
-2.66091e-06
-1.23877e-06
-2.70583e-06
-1.69746e-06
-2.75415e-06
-2.1626e-06
-2.80285e-06
-2.63357e-06
-2.84818e-06
-3.10891e-06
-2.88559e-06
-3.58611e-06
-2.90985e-06
-4.06128e-06
-2.91501e-06
-4.52876e-06
-2.89468e-06
-4.98074e-06
-2.8422e-06
-5.40678e-06
-2.75113e-06
-5.79339e-06
-2.61584e-06
-6.12366e-06
-2.4323e-06
-6.37699e-06
-2.19909e-06
-6.52914e-06
-1.91853e-06
-6.55262e-06
-1.59788e-06
-6.41768e-06
-1.25032e-06
-6.09397e-06
-8.95618e-07
-5.55295e-06
-5.60047e-07
-4.77099e-06
-2.75384e-07
-3.73265e-06
-7.68679e-08
-2.43383e-06
-8.85424e-07
-7.00039e-08
8.61294e-07
-2.49475e-07
2.35269e-06
-5.03814e-07
3.58865e-06
-7.9924e-07
4.56493e-06
-1.10637e-06
5.29343e-06
-1.40196e-06
5.79617e-06
-1.66944e-06
6.10108e-06
-1.89845e-06
6.23832e-06
-2.08393e-06
6.23759e-06
-2.22495e-06
6.12627e-06
-2.32361e-06
5.92851e-06
-2.38396e-06
5.66479e-06
-2.41126e-06
5.35201e-06
-2.4113e-06
5.00371e-06
-2.38999e-06
4.63053e-06
-2.35303e-06
4.24056e-06
-2.30573e-06
3.83981e-06
-2.25292e-06
3.43258e-06
-2.19887e-06
3.0218e-06
-2.14728e-06
2.60928e-06
-2.10134e-06
2.19598e-06
-2.06366e-06
1.78216e-06
-2.03638e-06
1.36759e-06
-2.0211e-06
9.5161e-07
-2.01898e-06
5.33298e-07
-2.03068e-06
1.11524e-07
-2.05634e-06
-3.14941e-07
-2.09559e-06
-7.47345e-07
-2.14752e-06
-1.18685e-06
-2.21055e-06
-1.63443e-06
-2.28245e-06
-2.0907e-06
-2.36023e-06
-2.55579e-06
-2.44004e-06
-3.02909e-06
-2.51717e-06
-3.50898e-06
-2.58596e-06
-3.99249e-06
-2.63982e-06
-4.4749e-06
-2.67137e-06
-4.9492e-06
-2.67258e-06
-5.40556e-06
-2.63524e-06
-5.83073e-06
-2.5515e-06
-6.2074e-06
-2.4148e-06
-6.51369e-06
-2.221e-06
-6.72293e-06
-1.96986e-06
-6.80376e-06
-1.6666e-06
-6.72094e-06
-1.32351e-06
-6.43706e-06
-9.61103e-07
-5.91536e-06
-6.08507e-07
-5.12359e-06
-3.02555e-07
-4.03861e-06
-8.53552e-08
-2.65103e-06
-9.7078e-07
-7.91185e-08
9.40413e-07
-2.78516e-07
2.55209e-06
-5.55154e-07
3.86528e-06
-8.67906e-07
4.87768e-06
-1.18232e-06
5.60784e-06
-1.47258e-06
6.08644e-06
-1.72167e-06
6.35017e-06
-1.92033e-06
6.43699e-06
-2.06556e-06
6.38282e-06
-2.15888e-06
6.2196e-06
-2.20489e-06
5.97451e-06
-2.20993e-06
5.66983e-06
-2.18124e-06
5.32331e-06
-2.1262e-06
4.94868e-06
-2.05198e-06
4.55631e-06
-1.96519e-06
4.15377e-06
-1.87181e-06
3.74644e-06
-1.77712e-06
3.33789e-06
-1.68568e-06
2.93035e-06
-1.60136e-06
2.52497e-06
-1.52745e-06
2.12207e-06
-1.46663e-06
1.72134e-06
-1.42106e-06
1.32202e-06
-1.39241e-06
9.22955e-07
-1.38187e-06
5.22758e-07
-1.39018e-06
1.19839e-07
-1.41762e-06
-2.87499e-07
-1.46397e-06
-7.00997e-07
-1.52847e-06
-1.12235e-06
-1.60976e-06
-1.55314e-06
-1.70579e-06
-1.99467e-06
-1.81374e-06
-2.44784e-06
-1.92988e-06
-2.91295e-06
-2.04948e-06
-3.38938e-06
-2.16669e-06
-3.87529e-06
-2.27447e-06
-4.36711e-06
-2.36463e-06
-4.85904e-06
-2.42788e-06
-5.34231e-06
-2.45421e-06
-5.8044e-06
-2.43339e-06
-6.22821e-06
-2.35591e-06
-6.59118e-06
-2.21425e-06
-6.86459e-06
-2.00468e-06
-7.01333e-06
-1.72934e-06
-6.99628e-06
-1.39854e-06
-6.76786e-06
-1.03278e-06
-6.28111e-06
-6.63909e-07
-5.49246e-06
-3.34603e-07
-4.36791e-06
-9.56116e-08
-2.89002e-06
-1.06639e-06
-9.0755e-08
1.03117e-06
-3.14648e-07
2.77598e-06
-6.17091e-07
4.16773e-06
-9.47475e-07
5.20807e-06
-1.26546e-06
5.92582e-06
-1.54289e-06
6.36387e-06
-1.76318e-06
6.57046e-06
-1.91933e-06
6.59314e-06
-2.01146e-06
6.47494e-06
-2.04446e-06
6.2526e-06
-2.02605e-06
5.9561e-06
-1.96529e-06
5.60907e-06
-1.87155e-06
5.22957e-06
-1.75387e-06
4.831e-06
-1.62058e-06
4.42301e-06
-1.47908e-06
4.01227e-06
-1.33583e-06
3.60319e-06
-1.19638e-06
3.19844e-06
-1.06538e-06
2.79936e-06
-9.46739e-07
2.40633e-06
-8.43667e-07
2.01899e-06
-7.58785e-07
1.63646e-06
-6.94187e-07
1.25742e-06
-6.515e-07
8.80268e-07
-6.31923e-07
5.03181e-07
-6.36245e-07
1.24161e-07
-6.64845e-07
-2.58899e-07
-7.17671e-07
-6.48171e-07
-7.9419e-07
-1.04583e-06
-8.93321e-07
-1.45401e-06
-1.01333e-06
-1.87466e-06
-1.15173e-06
-2.30945e-06
-1.30509e-06
-2.75959e-06
-1.46892e-06
-3.22556e-06
-1.63745e-06
-3.70676e-06
-1.8035e-06
-4.20106e-06
-1.95834e-06
-4.7042e-06
-2.09169e-06
-5.20895e-06
-2.19187e-06
-5.70422e-06
-2.24623e-06
-6.17386e-06
-2.24198e-06
-6.59543e-06
-2.16757e-06
-6.939e-06
-2.01473e-06
-7.16618e-06
-1.7811e-06
-7.2299e-06
-1.4735e-06
-7.07546e-06
-1.1111e-06
-6.64351e-06
-7.27871e-07
-5.87569e-06
-3.73049e-07
-4.72273e-06
-1.08284e-07
-3.15479e-06
-1.17468e-06
-1.05926e-07
1.13709e-06
-3.60241e-07
3.03029e-06
-6.92278e-07
4.49976e-06
-1.03924e-06
5.55503e-06
-1.35425e-06
6.24083e-06
-1.60766e-06
6.61727e-06
-1.78487e-06
6.74767e-06
-1.88277e-06
6.69105e-06
-1.90607e-06
6.49824e-06
-1.86405e-06
6.21058e-06
-1.76822e-06
5.86027e-06
-1.63064e-06
5.4715e-06
-1.46292e-06
5.06185e-06
-1.2756e-06
4.64369e-06
-1.07796e-06
4.22537e-06
-8.77951e-07
3.81226e-06
-6.82233e-07
3.40747e-06
-4.96339e-07
3.01254e-06
-3.24806e-07
2.62782e-06
-1.71324e-07
2.25285e-06
-3.88792e-08
1.88655e-06
7.01311e-08
1.52745e-06
1.538e-07
1.17375e-06
2.10634e-07
8.23433e-07
2.39506e-07
4.74309e-07
2.39618e-07
1.24049e-07
2.105e-07
-2.29781e-07
1.52028e-07
-5.89698e-07
6.44651e-08
-9.58272e-07
-5.14607e-08
-1.33808e-06
-1.94455e-07
-1.73166e-06
-3.62517e-07
-2.14139e-06
-5.52758e-07
-2.56935e-06
-7.61193e-07
-3.01712e-06
-9.8249e-07
-3.48546e-06
-1.20971e-06
-3.97385e-06
-1.43403e-06
-4.47987e-06
-1.6446e-06
-4.99839e-06
-1.82841e-06
-5.52041e-06
-1.97058e-06
-6.03169e-06
-2.05494e-06
-6.51107e-06
-2.06534e-06
-6.92859e-06
-1.98785e-06
-7.24367e-06
-1.81393e-06
-7.40383e-06
-1.54473e-06
-7.34467e-06
-1.19594e-06
-6.9923e-06
-8.02324e-07
-6.26931e-06
-4.20012e-07
-5.10505e-06
-1.24348e-07
-3.45045e-06
-1.29902e-06
-1.2618e-07
1.26327e-06
-4.18576e-07
3.32269e-06
-7.8378e-07
4.86497e-06
-1.14356e-06
5.91481e-06
-1.4445e-06
6.54178e-06
-1.65734e-06
6.83012e-06
-1.77201e-06
6.86233e-06
-1.79164e-06
6.71068e-06
-1.72726e-06
6.43386e-06
-1.59367e-06
6.07699e-06
-1.40669e-06
5.67329e-06
-1.1815e-06
5.2463e-06
-9.31717e-07
4.81207e-06
-6.69103e-07
4.38107e-06
-4.03485e-07
3.95976e-06
-1.42917e-07
3.55169e-06
1.06104e-07
3.15845e-06
3.38395e-07
2.78025e-06
5.4985e-07
2.41637e-06
7.37232e-07
2.06546e-06
8.9799e-07
1.72579e-06
1.03011e-06
1.39532e-06
1.13201e-06
1.07185e-06
1.20243e-06
7.53013e-07
1.24039e-06
4.36355e-07
1.24512e-06
1.19314e-07
1.2161e-06
-2.00762e-07
1.15303e-06
-5.26622e-07
1.05586e-06
-8.61104e-07
9.24906e-07
-1.20713e-06
7.60921e-07
-1.56768e-06
5.65246e-07
-1.94571e-06
3.40013e-07
-2.34411e-06
8.83876e-08
-2.76549e-06
-1.85121e-07
-3.21195e-06
-4.74298e-07
-3.68467e-06
-7.70825e-07
-4.18335e-06
-1.06387e-06
-4.70534e-06
-1.33978e-06
-5.2445e-06
-1.58191e-06
-5.78956e-06
-1.77096e-06
-6.32202e-06
-1.88592e-06
-6.81363e-06
-1.90619e-06
-7.2234e-06
-1.81511e-06
-7.49491e-06
-1.60534e-06
-7.55444e-06
-1.28582e-06
-7.31181e-06
-8.89368e-07
-6.66577e-06
-4.78452e-07
-5.51596e-06
-1.45318e-07
-3.78359e-06
-1.44434e-06
-1.53969e-07
1.41724e-06
-4.94176e-07
3.6629e-06
-8.94689e-07
5.26548e-06
-1.25844e-06
6.27856e-06
-1.52699e-06
6.81032e-06
-1.67515e-06
6.97828e-06
-1.70126e-06
6.88844e-06
-1.61777e-06
6.6272e-06
-1.444e-06
6.26009e-06
-1.20119e-06
5.83418e-06
-9.09663e-07
5.38177e-06
-5.87402e-07
4.92404e-06
-2.49549e-07
4.47422e-06
9.15871e-08
4.03994e-06
4.26247e-07
3.6251e-06
7.46837e-07
3.2311e-06
1.04753e-06
2.85776e-06
1.3239e-06
2.50388e-06
1.57261e-06
2.16766e-06
1.79115e-06
1.84693e-06
1.9776e-06
1.53933e-06
2.13052e-06
1.24241e-06
2.24876e-06
9.53613e-07
2.33139e-06
6.70381e-07
2.37765e-06
3.90097e-07
2.38687e-06
1.10088e-07
2.3585e-06
-1.72389e-07
2.29206e-06
-4.60179e-07
2.1872e-06
-7.56248e-07
2.04377e-06
-1.0637e-06
1.8619e-06
-1.3858e-06
1.64213e-06
-1.72594e-06
1.38563e-06
-2.08761e-06
1.09445e-06
-2.47431e-06
7.71864e-07
-2.88937e-06
4.22811e-07
-3.33562e-06
5.44242e-08
-3.81496e-06
-3.23354e-07
-4.32756e-06
-6.9713e-07
-4.87073e-06
-1.0495e-06
-5.43719e-06
-1.35878e-06
-6.01274e-06
-1.5994e-06
-6.573e-06
-1.7435e-06
-7.0793e-06
-1.76442e-06
-7.47399e-06
-1.64288e-06
-7.67598e-06
-1.37633e-06
-7.57836e-06
-9.90754e-07
-7.05135e-06
-5.52449e-07
-5.95427e-06
-1.73616e-07
-4.16242e-06
-1.61796e-06
-1.93274e-07
1.61052e-06
-5.93109e-07
4.06273e-06
-1.02696e-06
5.69933e-06
-1.37665e-06
6.62825e-06
-1.58333e-06
7.017e-06
-1.63241e-06
7.02736e-06
-1.5362e-06
6.79223e-06
-1.32011e-06
6.4111e-06
-1.01345e-06
5.95343e-06
-6.44282e-07
5.46501e-06
-2.36938e-07
4.97442e-06
1.88673e-07
4.49843e-06
6.16938e-07
4.04595e-06
1.03598e-06
3.6209e-06
1.43698e-06
3.2241e-06
1.81353e-06
2.85455e-06
2.16105e-06
2.51024e-06
2.47632e-06
2.1886e-06
2.75713e-06
1.88685e-06
3.00193e-06
1.60213e-06
3.20967e-06
1.3316e-06
3.37957e-06
1.0725e-06
3.51105e-06
8.2213e-07
3.60361e-06
5.77825e-07
3.65675e-06
3.36956e-07
3.66996e-06
9.68784e-08
3.64268e-06
-1.45105e-07
3.57428e-06
-3.91786e-07
3.46414e-06
-6.46101e-07
3.3116e-06
-9.11169e-07
3.11614e-06
-1.19034e-06
2.8774e-06
-1.48721e-06
2.59545e-06
-1.80566e-06
2.27095e-06
-2.14982e-06
1.90558e-06
-2.52399e-06
1.50243e-06
-2.93247e-06
1.0667e-06
-3.37922e-06
6.06411e-07
-3.86728e-06
1.3343e-07
-4.39775e-06
-3.35535e-07
-4.96822e-06
-7.77934e-07
-5.57035e-06
-1.16483e-06
-6.18611e-06
-1.46145e-06
-6.78268e-06
-1.62985e-06
-7.30559e-06
-1.63518e-06
-7.67065e-06
-1.457e-06
-7.75654e-06
-1.10648e-06
-7.40186e-06
-6.47397e-07
-6.41335e-06
-2.13204e-07
-4.59661e-06
-1.83116e-06
-2.50655e-07
1.86117e-06
-7.22826e-07
4.5349e-06
-1.17828e-06
6.15479e-06
-1.4798e-06
6.92977e-06
-1.57864e-06
7.11585e-06
-1.48128e-06
6.92999e-06
-1.22109e-06
6.53204e-06
-8.3986e-07
6.02987e-06
-3.77667e-07
5.49124e-06
1.3151e-07
4.95583e-06
6.60893e-07
4.44504e-06
1.19041e-06
3.96891e-06
1.7056e-06
3.53077e-06
2.19636e-06
3.13013e-06
2.6559e-06
2.76456e-06
3.07981e-06
2.43065e-06
3.46536e-06
2.12469e-06
3.81098e-06
1.84298e-06
4.11585e-06
1.58198e-06
4.37964e-06
1.33834e-06
4.60225e-06
1.10898e-06
4.78373e-06
8.91023e-07
4.92411e-06
6.81752e-07
5.02335e-06
4.78588e-07
5.08128e-06
2.79029e-07
5.09756e-06
8.05953e-08
5.07168e-06
-1.19221e-07
5.0029e-06
-3.23015e-07
4.89033e-06
-5.33527e-07
4.73287e-06
-7.53709e-07
4.52932e-06
-9.86787e-07
4.27844e-06
-1.23633e-06
3.97909e-06
-1.50631e-06
3.63042e-06
-1.80115e-06
3.23218e-06
-2.12576e-06
2.7852e-06
-2.48549e-06
2.29197e-06
-2.88599e-06
1.75753e-06
-3.33284e-06
1.19069e-06
-3.8309e-06
6.05492e-07
-4.38303e-06
2.29952e-08
-4.98785e-06
-5.26976e-07
-5.63613e-06
-1.00468e-06
-6.30497e-06
-1.36122e-06
-6.94905e-06
-1.54331e-06
-7.48856e-06
-1.50525e-06
-7.79461e-06
-1.2313e-06
-7.67581e-06
-7.69598e-07
-6.87505e-06
-2.70605e-07
-5.09561e-06
-2.10177e-06
-3.3675e-07
2.19792e-06
-8.90163e-07
5.08832e-06
-1.33436e-06
6.59898e-06
-1.52675e-06
7.12215e-06
-1.4491e-06
7.0382e-06
-1.14377e-06
6.62466e-06
-6.72506e-07
6.06078e-06
-9.50722e-08
5.45244e-06
5.39357e-07
4.85681e-06
1.19383e-06
4.30136e-06
1.84226e-06
3.79661e-06
2.46715e-06
3.34402e-06
3.05735e-06
2.94057e-06
3.60618e-06
2.5813e-06
4.11001e-06
2.26072e-06
4.56722e-06
1.97344e-06
4.97744e-06
1.71447e-06
5.34107e-06
1.47936e-06
5.6589e-06
1.26415e-06
5.93188e-06
1.06536e-06
6.16097e-06
8.79889e-07
6.34703e-06
7.04968e-07
6.49071e-06
5.38068e-07
6.59246e-06
3.76842e-07
6.65243e-06
2.19057e-07
6.67049e-06
6.2531e-08
6.6462e-06
-9.49253e-08
6.57876e-06
-2.55575e-07
6.46705e-06
-4.21821e-07
6.30962e-06
-5.96273e-07
6.10466e-06
-7.81834e-07
5.85012e-06
-9.81785e-07
5.5437e-06
-1.19988e-06
5.18301e-06
-1.44046e-06
4.76582e-06
-1.70857e-06
4.29035e-06
-2.01002e-06
3.75585e-06
-2.35149e-06
3.16342e-06
-2.74042e-06
2.51728e-06
-3.18476e-06
1.8265e-06
-3.69225e-06
1.10747e-06
-4.26882e-06
3.86919e-07
-4.91558e-06
-2.94762e-07
-5.62329e-06
-8.81053e-07
-6.36276e-06
-1.30029e-06
-7.06933e-06
-1.47493e-06
-7.61997e-06
-1.34646e-06
-7.80428e-06
-9.23726e-07
-7.29779e-06
-3.56271e-07
-5.66306e-06
-2.45804e-06
-4.67157e-07
2.66508e-06
-1.09302e-06
5.71418e-06
-1.45056e-06
6.95652e-06
-1.43126e-06
7.10286e-06
-1.0815e-06
6.68844e-06
-4.9634e-07
6.0395e-06
2.30372e-07
5.33406e-06
1.02431e-06
4.6585e-06
1.83308e-06
4.04803e-06
2.62266e-06
3.51178e-06
3.37247e-06
3.0468e-06
4.07115e-06
2.64534e-06
4.71332e-06
2.29839e-06
5.29731e-06
1.99731e-06
5.82363e-06
1.7344e-06
6.29399e-06
1.50308e-06
6.71066e-06
1.2978e-06
7.0761e-06
1.11392e-06
7.39271e-06
9.47532e-07
7.66271e-06
7.9536e-07
7.88801e-06
6.54588e-07
8.07021e-06
5.22772e-07
8.21053e-06
3.97745e-07
8.30983e-06
2.77538e-07
8.36858e-06
1.60308e-07
8.38684e-06
4.42789e-08
8.36423e-06
-7.23219e-08
8.29998e-06
-1.91322e-07
8.19283e-06
-3.14667e-07
8.04105e-06
-4.44494e-07
7.84242e-06
-5.83205e-07
7.5942e-06
-7.3357e-07
7.29316e-06
-8.98835e-07
6.93556e-06
-1.08286e-06
6.51728e-06
-1.2903e-06
6.03402e-06
-1.52676e-06
5.48159e-06
-1.79906e-06
4.85658e-06
-2.11541e-06
4.15741e-06
-2.48559e-06
3.38601e-06
-2.92085e-06
2.55052e-06
-3.43332e-06
1.66924e-06
-4.03431e-06
7.76144e-07
-4.73019e-06
-7.26378e-08
-5.51397e-06
-7.93217e-07
-6.34875e-06
-1.27512e-06
-7.13807e-06
-1.40098e-06
-7.67842e-06
-1.10342e-06
-7.59535e-06
-4.84947e-07
-6.28153e-06
-2.94298e-06
-6.56502e-07
3.32158e-06
-1.2924e-06
6.35008e-06
-1.41006e-06
7.07418e-06
-1.02127e-06
6.71407e-06
-2.8252e-07
5.94968e-06
6.48743e-07
5.10824e-06
1.6543e-06
4.32851e-06
2.65792e-06
3.65488e-06
3.61578e-06
3.09017e-06
4.5056e-06
2.62196e-06
5.31828e-06
2.23412e-06
6.05227e-06
1.91135e-06
6.71001e-06
1.64065e-06
7.29586e-06
1.41147e-06
7.81486e-06
1.2154e-06
8.27209e-06
1.04585e-06
8.67233e-06
8.97561e-07
9.01987e-06
7.66374e-07
9.31848e-06
6.48931e-07
9.57134e-06
5.42499e-07
9.78112e-06
4.44806e-07
9.94996e-06
3.5393e-07
1.00795e-05
2.68204e-07
1.01709e-05
1.86139e-07
1.02248e-05
1.06366e-07
1.02415e-05
2.75755e-08
1.02208e-05
-5.15279e-08
1.01617e-05
-1.32278e-07
1.00631e-05
-2.161e-07
9.92321e-06
-3.04568e-07
9.73948e-06
-3.99473e-07
9.50883e-06
-5.02913e-07
9.22738e-06
-6.17393e-07
8.89049e-06
-7.45968e-07
8.49261e-06
-8.92419e-07
8.02734e-06
-1.06149e-06
7.48747e-06
-1.25918e-06
6.86522e-06
-1.49316e-06
6.15285e-06
-1.77323e-06
5.34384e-06
-2.11184e-06
4.43508e-06
-2.52457e-06
3.43086e-06
-3.03008e-06
2.3494e-06
-3.64873e-06
1.233e-06
-4.39758e-06
1.61745e-07
-5.27749e-06
-7.33358e-07
-6.24296e-06
-1.27073e-06
-7.14105e-06
-1.26163e-06
-7.60445e-06
-6.6822e-07
-6.87494e-06
-3.6112e-06
-8.8803e-07
4.20961e-06
-1.33348e-06
6.79554e-06
-9.35243e-07
6.67594e-06
2.92388e-08
5.74959e-06
1.26092e-06
4.71801e-06
2.55959e-06
3.80956e-06
3.81287e-06
3.07523e-06
4.96783e-06
2.49992e-06
6.0061e-06
2.05191e-06
6.92702e-06
1.70104e-06
7.73804e-06
1.4231e-06
8.44954e-06
1.19985e-06
9.07234e-06
1.01785e-06
9.61654e-06
8.6726e-07
1.00911e-05
7.40837e-07
1.05038e-05
6.33198e-07
1.0861e-05
5.40288e-07
1.11684e-05
4.58998e-07
1.14304e-05
3.86912e-07
1.16508e-05
3.22111e-07
1.18326e-05
2.63039e-07
1.19781e-05
2.08408e-07
1.20892e-05
1.57119e-07
1.21671e-05
1.08208e-07
1.22127e-05
6.07976e-08
1.22262e-05
1.40569e-08
1.22075e-05
-3.28314e-08
1.21559e-05
-8.07075e-08
1.20703e-05
-1.3047e-07
1.19489e-05
-1.83119e-07
1.17892e-05
-2.39802e-07
1.15882e-05
-3.0188e-07
1.13418e-05
-3.71004e-07
1.1045e-05
-4.49226e-07
1.06918e-05
-5.39149e-07
1.02744e-05
-6.44127e-07
9.78378e-06
-7.68565e-07
9.20895e-06
-9.18327e-07
8.53706e-06
-1.10134e-06
7.75366e-06
-1.32843e-06
6.8436e-06
-1.61451e-06
5.79351e-06
-1.98e-06
4.59718e-06
-2.4524e-06
3.26623e-06
-3.06663e-06
1.84946e-06
-3.86072e-06
4.62714e-07
-4.85622e-06
-6.76077e-07
-6.00226e-06
-1.23212e-06
-7.04841e-06
-8.81357e-07
-7.2257e-06
-4.49256e-06
-1.01533e-06
5.22494e-06
-7.47875e-07
6.52808e-06
5.83975e-07
5.34409e-06
2.29991e-06
4.03366e-06
4.01952e-06
2.99839e-06
5.58468e-06
2.2444e-06
6.94881e-06
1.7111e-06
8.11554e-06
1.33319e-06
9.10702e-06
1.06042e-06
9.94934e-06
8.58716e-07
1.06667e-05
7.05752e-07
1.12796e-05
5.86914e-07
1.1805e-05
4.92504e-07
1.22563e-05
4.15959e-07
1.26444e-05
3.5274e-07
1.29779e-05
2.99629e-07
1.32639e-05
2.54291e-07
1.3508e-05
2.14992e-07
1.37144e-05
1.80419e-07
1.3887e-05
1.49549e-07
1.40285e-05
1.21571e-07
1.41411e-05
9.58217e-08
1.42264e-05
7.1744e-08
1.42858e-05
4.88549e-08
1.43199e-05
2.6719e-08
1.4329e-05
4.9278e-09
1.43131e-05
-1.69196e-08
1.42716e-05
-3.92344e-08
1.42036e-05
-6.24573e-08
1.41076e-05
-8.70802e-08
1.39814e-05
-1.13673e-07
1.38225e-05
-1.42917e-07
1.36271e-05
-1.75649e-07
1.33908e-05
-2.12927e-07
1.31078e-05
-2.56114e-07
1.27707e-05
-3.07008e-07
1.23701e-05
-3.68033e-07
1.18943e-05
-4.42531e-07
1.13282e-05
-5.35216e-07
1.06527e-05
-6.52909e-07
9.84389e-06
-8.05717e-07
8.87286e-06
-1.00897e-06
7.70676e-06
-1.2863e-06
6.31444e-06
-1.67431e-06
4.68185e-06
-2.22813e-06
2.84726e-06
-3.02163e-06
9.71014e-07
-4.12601e-06
-5.42737e-07
-5.53466e-06
-9.63004e-07
-6.80543e-06
-5.45556e-06
-2.34978e-07
5.45992e-06
1.80398e-06
4.48912e-06
4.40145e-06
2.74661e-06
6.72175e-06
1.71336e-06
8.60683e-06
1.11332e-06
1.00972e-05
7.53983e-07
1.12737e-05
5.34627e-07
1.22108e-05
3.96118e-07
1.29668e-05
3.04439e-07
1.35847e-05
2.40746e-07
1.4096e-05
1.94538e-07
1.45231e-05
1.59755e-07
1.48829e-05
1.32751e-07
1.51876e-05
1.11231e-07
1.54466e-05
9.36955e-08
1.56672e-05
7.91216e-08
1.58546e-05
6.67914e-08
1.60135e-05
5.61841e-08
1.6147e-05
4.6912e-08
1.62578e-05
3.86786e-08
1.63482e-05
3.12513e-08
1.64195e-05
2.44424e-08
1.64732e-05
1.8096e-08
1.651e-05
1.20778e-08
1.65304e-05
6.26765e-09
1.65348e-05
5.53619e-10
1.6523e-05
-5.1742e-09
1.64948e-05
-1.10279e-08
1.64495e-05
-1.71282e-08
1.6386e-05
-2.36102e-08
1.6303e-05
-3.06315e-08
1.61985e-05
-3.83816e-08
1.60699e-05
-4.70962e-08
1.59141e-05
-5.70754e-08
1.57267e-05
-6.8712e-08
1.55022e-05
-8.25322e-08
1.52334e-05
-9.92601e-08
1.49108e-05
-1.1992e-07
1.45216e-05
-1.4601e-07
1.40485e-05
-1.79801e-07
1.34677e-05
-2.24891e-07
1.27459e-05
-2.87253e-07
1.18369e-05
-3.77295e-07
1.06766e-05
-5.13949e-07
9.18067e-06
-7.32228e-07
7.25446e-06
-1.09542e-06
4.84335e-06
-1.7149e-06
2.10375e-06
-2.79506e-06
-1.0574e-07
-4.59594e-06
-5.5613e-06
5.45992e-06
9.94904e-06
1.26957e-05
1.4409e-05
1.55223e-05
1.62763e-05
1.68109e-05
1.72071e-05
1.75115e-05
1.77522e-05
1.79468e-05
1.81065e-05
1.82393e-05
1.83505e-05
1.84442e-05
1.85233e-05
1.85901e-05
1.86463e-05
1.86932e-05
1.87319e-05
1.87632e-05
1.87876e-05
1.88057e-05
1.88178e-05
1.8824e-05
1.88246e-05
1.88194e-05
1.88084e-05
1.87913e-05
1.87677e-05
1.8737e-05
1.86986e-05
1.86515e-05
1.85945e-05
1.85258e-05
1.84432e-05
1.8344e-05
1.8224e-05
1.8078e-05
1.78982e-05
1.76733e-05
1.73861e-05
1.70088e-05
1.64948e-05
1.57626e-05
1.46672e-05
1.29523e-05
1.01572e-05
5.5613e-06
)
;

boundaryField
{
    movingWall
    {
        type            calculated;
        value           uniform 0;
    }
    fixedWalls
    {
        type            calculated;
        value           uniform 0;
    }
    frontAndBack
    {
        type            empty;
        value           nonuniform List<scalar> 0();
    }
}


// ************************************************************************* //
