/*--------------------------------*- C++ -*----------------------------------*\
| =========                 |                                                 |
| \\      /  F ield         | OpenFOAM: The Open Source CFD Toolbox           |
|  \\    /   O peration     | Version:  v2012                                 |
|   \\  /    A nd           | Website:  www.openfoam.com                      |
|    \\/     M anipulation  |                                                 |
\*---------------------------------------------------------------------------*/
FoamFile
{
    version     2.0;
    format      ascii;
    class       volVectorField;
    location    "0.45";
    object      U;
}
// * * * * * * * * * * * * * * * * * * * * * * * * * * * * * * * * * * * * * //

dimensions      [0 1 -1 0 0 0 0];


internalField   nonuniform List<vector> 
2500
(
(3.26608e-05 -3.283e-05 0)
(9.87618e-05 -4.07332e-05 0)
(0.000137325 -2.09868e-05 0)
(0.000106253 7.85397e-06 0)
(-8.73152e-06 3.77386e-05 0)
(-0.000206073 6.53613e-05 0)
(-0.000478429 8.94101e-05 0)
(-0.000815976 0.000109472 0)
(-0.00120777 0.000125522 0)
(-0.00164254 0.000137701 0)
(-0.00210912 0.000146212 0)
(-0.00259671 0.000151287 0)
(-0.00309503 0.000153168 0)
(-0.00359435 0.000152095 0)
(-0.00408562 0.000148308 0)
(-0.00456043 0.000142041 0)
(-0.00501108 0.000133521 0)
(-0.00543057 0.000122974 0)
(-0.00581257 0.000110619 0)
(-0.00615148 9.66742e-05 0)
(-0.00644242 8.13561e-05 0)
(-0.00668122 6.4882e-05 0)
(-0.00686444 4.74718e-05 0)
(-0.00698938 2.93498e-05 0)
(-0.00705411 1.07459e-05 0)
(-0.00705749 -8.10227e-06 0)
(-0.00699918 -2.69491e-05 0)
(-0.00687966 -4.55398e-05 0)
(-0.0067003 -6.36111e-05 0)
(-0.0064633 -8.08909e-05 0)
(-0.00617181 -9.71e-05 0)
(-0.00582984 -0.000111954 0)
(-0.00544236 -0.000125163 0)
(-0.00501523 -0.000136441 0)
(-0.00455521 -0.0001455 0)
(-0.00406994 -0.000152062 0)
(-0.00356787 -0.000155857 0)
(-0.00305824 -0.000156632 0)
(-0.00255096 -0.000154151 0)
(-0.00205655 -0.000148201 0)
(-0.00158596 -0.000138597 0)
(-0.00115048 -0.000125193 0)
(-0.000761464 -0.000107895 0)
(-0.000430037 -8.66993e-05 0)
(-0.000166606 -6.17891e-05 0)
(1.9968e-05 -3.37532e-05 0)
(0.000123748 -4.07398e-06 0)
(0.000144918 2.37945e-05 0)
(9.98296e-05 4.17792e-05 0)
(3.21285e-05 3.2061e-05 0)
(4.1075e-05 -9.92599e-05 0)
(9.39072e-05 -9.30496e-05 0)
(4.5472e-05 1.44703e-05 0)
(-0.000168791 0.00016186 0)
(-0.000575853 0.000318391 0)
(-0.00117706 0.000468049 0)
(-0.00196004 0.000602506 0)
(-0.00290455 0.0007177 0)
(-0.00398589 0.000811889 0)
(-0.00517718 0.000884612 0)
(-0.0064507 0.000936143 0)
(-0.00777894 0.000967194 0)
(-0.00913507 0.000978742 0)
(-0.0104934 0.00097193 0)
(-0.0118298 0.000948 0)
(-0.0131216 0.000908255 0)
(-0.0143477 0.000854039 0)
(-0.0154891 0.000786714 0)
(-0.0165285 0.000707662 0)
(-0.0174506 0.000618277 0)
(-0.0182418 0.000519973 0)
(-0.0188909 0.00041418 0)
(-0.0193883 0.000302356 0)
(-0.0197267 0.000185992 0)
(-0.019901 6.66149e-05 0)
(-0.0199081 -5.42029e-05 0)
(-0.0197473 -0.000174846 0)
(-0.01942 -0.000293651 0)
(-0.0189301 -0.00040891 0)
(-0.0182838 -0.000518879 0)
(-0.0174899 -0.000621784 0)
(-0.0165596 -0.000715833 0)
(-0.0155063 -0.000799238 0)
(-0.0143461 -0.000870229 0)
(-0.0130974 -0.000927086 0)
(-0.0117808 -0.000968162 0)
(-0.010419 -0.000991917 0)
(-0.00903655 -0.000996957 0)
(-0.00765967 -0.000982074 0)
(-0.00631584 -0.000946296 0)
(-0.00503338 -0.000888962 0)
(-0.00384086 -0.000809815 0)
(-0.00276634 -0.000709167 0)
(-0.00183635 -0.00058817 0)
(-0.00107429 -0.000449327 0)
(-0.000498244 -0.000297481 0)
(-0.000117596 -0.000141654 0)
(7.24895e-05 1.65602e-06 0)
(0.000102965 0.000101873 0)
(4.2163e-05 9.9841e-05 0)
(2.24912e-05 -0.00013934 0)
(-1.00584e-05 -4.58162e-05 0)
(-0.00023415 0.000239619 0)
(-0.000706119 0.000609364 0)
(-0.0014518 0.00100298 0)
(-0.00247272 0.00138412 0)
(-0.00375308 0.00173124 0)
(-0.00526578 0.00203222 0)
(-0.00697673 0.00228072 0)
(-0.00884781 0.002474 0)
(-0.010839 0.00261157 0)
(-0.0129097 0.00269443 0)
(-0.01502 0.00272457 0)
(-0.0171313 0.0027046 0)
(-0.0192069 0.00263757 0)
(-0.021212 0.00252682 0)
(-0.0231147 0.00237589 0)
(-0.0248853 0.00218846 0)
(-0.0264972 0.00196831 0)
(-0.0279267 0.00171932 0)
(-0.029153 0.0014454 0)
(-0.0301583 0.00115061 0)
(-0.0309282 0.000839025 0)
(-0.0314513 0.000514869 0)
(-0.0317197 0.000182448 0)
(-0.0317287 -0.000153812 0)
(-0.0314774 -0.000489372 0)
(-0.0309683 -0.000819574 0)
(-0.0302073 -0.00113966 0)
(-0.0292044 -0.00144478 0)
(-0.0279732 -0.00173003 0)
(-0.0265309 -0.0019905 0)
(-0.0248986 -0.00222129 0)
(-0.0231009 -0.00241761 0)
(-0.0211662 -0.00257484 0)
(-0.0191258 -0.00268861 0)
(-0.0170145 -0.0027549 0)
(-0.0148694 -0.00277015 0)
(-0.0127301 -0.00273143 0)
(-0.0106377 -0.00263657 0)
(-0.00863424 -0.00248439 0)
(-0.00676164 -0.00227506 0)
(-0.00506045 -0.00201048 0)
(-0.00356829 -0.00169509 0)
(-0.00231753 -0.00133703 0)
(-0.00133241 -0.000950204 0)
(-0.00062485 -0.000557645 0)
(-0.000188775 -0.000196618 0)
(7.10517e-06 7.28361e-05 0)
(2.53656e-05 0.000146521 0)
(-4.90884e-06 -0.000112334 0)
(-0.000153918 0.000164523 0)
(-0.000600259 0.00071043 0)
(-0.00137371 0.0013803 0)
(-0.00248895 0.002086 0)
(-0.00394337 0.00277014 0)
(-0.00571631 0.0033961 0)
(-0.00777442 0.00394159 0)
(-0.0100761 0.00439386 0)
(-0.0125743 0.00474652 0)
(-0.0152196 0.00499746 0)
(-0.017961 0.00514751 0)
(-0.0207482 0.00519956 0)
(-0.0235319 0.00515787 0)
(-0.026265 0.00502772 0)
(-0.028903 0.00481506 0)
(-0.0314044 0.00452636 0)
(-0.0337309 0.0041684 0)
(-0.0358479 0.00374829 0)
(-0.0377245 0.00327332 0)
(-0.0393336 0.00275097 0)
(-0.0406522 0.00218892 0)
(-0.0416614 0.00159502 0)
(-0.0423464 0.000977312 0)
(-0.0426971 0.000344057 0)
(-0.0427074 -0.000296289 0)
(-0.0423762 -0.000935056 0)
(-0.0417068 -0.00156337 0)
(-0.0407073 -0.00217219 0)
(-0.0393906 -0.00275234 0)
(-0.0377745 -0.00329455 0)
(-0.0358816 -0.00378956 0)
(-0.0337392 -0.00422823 0)
(-0.0313794 -0.00460163 0)
(-0.0288386 -0.00490118 0)
(-0.0261576 -0.00511887 0)
(-0.0233808 -0.00524741 0)
(-0.0205559 -0.00528048 0)
(-0.0177333 -0.00521303 0)
(-0.0149652 -0.00504158 0)
(-0.0123047 -0.00476469 0)
(-0.00980419 -0.00438352 0)
(-0.00751411 -0.00390271 0)
(-0.00548079 -0.00333155 0)
(-0.00374397 -0.0026859 0)
(-0.00233374 -0.00199104 0)
(-0.00126627 -0.00128611 0)
(-0.000538813 -0.000630045 0)
(-0.000129793 -0.000110759 0)
(-5.90456e-07 0.000130299 0)
(-3.37009e-05 -3.34657e-06 0)
(-0.000310131 0.000567949 0)
(-0.00100057 0.00145864 0)
(-0.00209861 0.00249822 0)
(-0.00360122 0.00357636 0)
(-0.00549772 0.0046171 0)
(-0.00776045 0.00556936 0)
(-0.0103491 0.00640029 0)
(-0.0132149 0.00708999 0)
(-0.0163035 0.00762762 0)
(-0.019557 0.00800882 0)
(-0.0229164 0.00823385 0)
(-0.0263224 0.00830632 0)
(-0.0297172 0.00823219 0)
(-0.0330451 0.00801917 0)
(-0.0362534 0.00767622 0)
(-0.0392927 0.0072132 0)
(-0.0421174 0.00664068 0)
(-0.0446862 0.00596972 0)
(-0.0469621 0.00521182 0)
(-0.0489127 0.00437883 0)
(-0.0505105 0.00348291 0)
(-0.0517328 0.00253658 0)
(-0.0525621 0.00155263 0)
(-0.0529862 0.000544215 0)
(-0.052998 -0.000475209 0)
(-0.0525961 -0.00149186 0)
(-0.0517847 -0.00249165 0)
(-0.0505734 -0.00346026 0)
(-0.048978 -0.00438318 0)
(-0.0470195 -0.00524581 0)
(-0.0447251 -0.00603361 0)
(-0.0421275 -0.00673223 0)
(-0.0392648 -0.00732774 0)
(-0.0361805 -0.00780686 0)
(-0.0329228 -0.00815721 0)
(-0.0295444 -0.00836768 0)
(-0.0261018 -0.00842878 0)
(-0.0226544 -0.0083331 0)
(-0.0192634 -0.00807586 0)
(-0.015991 -0.00765558 0)
(-0.0128984 -0.00707495 0)
(-0.0100444 -0.00634208 0)
(-0.00748304 -0.00547205 0)
(-0.00526106 -0.00448937 0)
(-0.0034153 -0.00343128 0)
(-0.00196849 -0.00235267 0)
(-0.000925186 -0.00133205 0)
(-0.000280052 -0.0004802 0)
(-2.81851e-05 3.5494e-05 0)
(-6.11748e-05 0.000188493 0)
(-0.000465908 0.00117313 0)
(-0.001407 0.002498 0)
(-0.0028385 0.00397758 0)
(-0.00473604 0.00548528 0)
(-0.00707792 0.00693005 0)
(-0.00982734 0.0082481 0)
(-0.0129359 0.00939677 0)
(-0.0163473 0.010349 0)
(-0.0200001 0.0110894 0)
(-0.0238291 0.0116111 0)
(-0.0277678 0.0119135 0)
(-0.0317497 0.012001 0)
(-0.0357097 0.0118812 0)
(-0.0395849 0.0115645 0)
(-0.0433157 0.0110632 0)
(-0.046846 0.0103908 0)
(-0.0501242 0.00956236 0)
(-0.0531032 0.00859335 0)
(-0.0557411 0.00750015 0)
(-0.058001 0.00629965 0)
(-0.0598515 0.00500925 0)
(-0.0612669 0.00364686 0)
(-0.0622272 0.00223084 0)
(-0.0627185 0.000780017 0)
(-0.0627328 -0.000686306 0)
(-0.0622685 -0.0021484 0)
(-0.0613304 -0.00358613 0)
(-0.0599296 -0.00497905 0)
(-0.0580838 -0.00630648 0)
(-0.0558171 -0.00754765 0)
(-0.0531604 -0.00868191 0)
(-0.0501506 -0.00968896 0)
(-0.0468312 -0.0105491 0)
(-0.0432513 -0.0112438 0)
(-0.0394656 -0.0117555 0)
(-0.0355336 -0.012069 0)
(-0.031519 -0.0121713 0)
(-0.027489 -0.0120522 0)
(-0.0235126 -0.0117057 0)
(-0.0196596 -0.0111305 0)
(-0.0159993 -0.0103308 0)
(-0.0125978 -0.00931877 0)
(-0.00951688 -0.00811549 0)
(-0.00681074 -0.0067542 0)
(-0.00452424 -0.00528368 0)
(-0.00268887 -0.0037731 0)
(-0.00131945 -0.00231744 0)
(-0.000430605 -0.00104497 0)
(-5.46075e-05 -0.000139217 0)
(-8.65457e-05 0.000459915 0)
(-0.000615836 0.00197894 0)
(-0.00180553 0.00383063 0)
(-0.00357045 0.00582201 0)
(-0.00586339 0.0078155 0)
(-0.00864969 0.00970861 0)
(-0.0118817 0.0114272 0)
(-0.0155017 0.0129202 0)
(-0.0194454 0.0141541 0)
(-0.0236437 0.0151092 0)
(-0.0280246 0.0157764 0)
(-0.0325149 0.0161543 0)
(-0.0370414 0.016248 0)
(-0.0415326 0.0160671 0)
(-0.0459195 0.0156248 0)
(-0.0501366 0.0149369 0)
(-0.0541223 0.0140214 0)
(-0.0578198 0.0128977 0)
(-0.0611774 0.0115864 0)
(-0.0641488 0.0101094 0)
(-0.0666934 0.00848905 0)
(-0.0687766 0.00674868 0)
(-0.07037 0.0049122 0)
(-0.0714517 0.00300418 0)
(-0.0720062 0.00104983 0)
(-0.0720249 -0.000925062 0)
(-0.0715057 -0.0028941 0)
(-0.070454 -0.00483042 0)
(-0.0688819 -0.00670671 0)
(-0.0668089 -0.00849542 0)
(-0.0642614 -0.0101689 0)
(-0.0612732 -0.0116998 0)
(-0.0578851 -0.0130611 0)
(-0.0541445 -0.0142268 0)
(-0.0501055 -0.0151722 0)
(-0.0458281 -0.0158747 0)
(-0.0413777 -0.0163139 0)
(-0.0368244 -0.0164731 0)
(-0.0322417 -0.0163394 0)
(-0.0277057 -0.0159051 0)
(-0.0232934 -0.0151688 0)
(-0.0190813 -0.0141367 0)
(-0.0151431 -0.0128244 0)
(-0.0115483 -0.0112591 0)
(-0.0083595 -0.00948214 0)
(-0.0056309 -0.00755283 0)
(-0.00340452 -0.00555254 0)
(-0.0017075 -0.00358955 0)
(-0.000575899 -0.00180481 0)
(-7.90132e-05 -0.000390901 0)
(-0.000109826 0.000806564 0)
(-0.000758305 0.00297988 0)
(-0.00219047 0.0054524 0)
(-0.00428389 0.00802868 0)
(-0.00696841 0.0105644 0)
(-0.0101953 0.0129489 0)
(-0.013905 0.0151004 0)
(-0.0180293 0.0169607 0)
(-0.022495 0.0184914 0)
(-0.0272254 0.0196691 0)
(-0.0321413 0.0204827 0)
(-0.037163 0.0209307 0)
(-0.0422113 0.0210191 0)
(-0.0472089 0.0207598 0)
(-0.0520813 0.0201689 0)
(-0.0567578 0.0192663 0)
(-0.0611723 0.0180744 0)
(-0.0652635 0.0166178 0)
(-0.0689757 0.0149226 0)
(-0.072259 0.0130163 0)
(-0.0750698 0.0109276 0)
(-0.0773709 0.00868606 0)
(-0.0791315 0.00632214 0)
(-0.0803281 0.00386717 0)
(-0.0809439 0.00135325 0)
(-0.0809693 -0.00118674 0)
(-0.0804024 -0.00371922 0)
(-0.0792485 -0.00620997 0)
(-0.0775205 -0.00862428 0)
(-0.0752392 -0.0109271 0)
(-0.072433 -0.0130835 0)
(-0.069138 -0.0150584 0)
(-0.0653977 -0.0168179 0)
(-0.0612634 -0.018329 0)
(-0.0567928 -0.0195605 0)
(-0.0520508 -0.0204837 0)
(-0.0471076 -0.0210732 0)
(-0.0420388 -0.0213078 0)
(-0.0369241 -0.0211714 0)
(-0.0318459 -0.0206545 0)
(-0.0268881 -0.0197553 0)
(-0.0221342 -0.0184815 0)
(-0.0176659 -0.016852 0)
(-0.013561 -0.0148993 0)
(-0.00989123 -0.012672 0)
(-0.00672142 -0.0102384 0)
(-0.00410542 -0.0076901 0)
(-0.00208382 -0.00514566 0)
(-0.000714322 -0.00275506 0)
(-0.000101391 -0.000715471 0)
(-0.000131319 0.0012241 0)
(-0.000893523 0.00416885 0)
(-0.00256069 0.0073564 0)
(-0.00497558 0.0105917 0)
(-0.00804576 0.0137267 0)
(-0.011708 0.0166458 0)
(-0.0158899 0.0192613 0)
(-0.0205121 0.0215104 0)
(-0.025492 0.0233506 0)
(-0.0307445 0.024756 0)
(-0.0361833 0.0257144 0)
(-0.0417221 0.0262247 0)
(-0.0472757 0.0262942 0)
(-0.0527614 0.0259374 0)
(-0.0581 0.0251741 0)
(-0.0632161 0.0240283 0)
(-0.0680395 0.0225274 0)
(-0.0725053 0.0207013 0)
(-0.0765543 0.0185822 0)
(-0.0801337 0.0162038 0)
(-0.0831972 0.0136011 0)
(-0.0857055 0.0108106 0)
(-0.0876259 0.00786959 0)
(-0.0889333 0.00481663 0)
(-0.0896099 0.00169115 0)
(-0.0896455 -0.00146646 0)
(-0.0890375 -0.00461497 0)
(-0.0877915 -0.00771236 0)
(-0.0859209 -0.010716 0)
(-0.0834473 -0.0135831 0)
(-0.0804005 -0.0162704 0)
(-0.0768183 -0.0187353 0)
(-0.0727467 -0.020936 0)
(-0.0682397 -0.022832 0)
(-0.0633585 -0.0243852 0)
(-0.0581716 -0.0255603 0)
(-0.052754 -0.0263263 0)
(-0.0471861 -0.026657 0)
(-0.0415532 -0.0265328 0)
(-0.0359439 -0.0259416 0)
(-0.0304487 -0.0248809 0)
(-0.0251589 -0.0233592 0)
(-0.020164 -0.0213979 0)
(-0.0155508 -0.0190339 0)
(-0.0114015 -0.0163222 0)
(-0.00779207 -0.0133384 0)
(-0.0047893 -0.0101823 0)
(-0.00244773 -0.00698063 0)
(-0.000846223 -0.00388969 0)
(-0.000122055 -0.00110889 0)
(-0.000151397 0.00170874 0)
(-0.0010225 0.00553887 0)
(-0.0029174 0.00953504 0)
(-0.00564646 0.0135041 0)
(-0.00909583 0.0172966 0)
(-0.0131878 0.0207937 0)
(-0.0178366 0.0239045 0)
(-0.0229513 0.0265629 0)
(-0.0284391 0.028724 0)
(-0.0342064 0.0303606 0)
(-0.0401591 0.0314605 0)
(-0.0462044 0.0320233 0)
(-0.0522514 0.0320588 0)
(-0.0582121 0.0315844 0)
(-0.0640026 0.0306239 0)
(-0.0695437 0.0292061 0)
(-0.0747613 0.0273638 0)
(-0.0795874 0.0251327 0)
(-0.08396 0.0225512 0)
(-0.0878238 0.0196595 0)
(-0.0911303 0.0164996 0)
(-0.0938383 0.0131149 0)
(-0.0959136 0.00955013 0)
(-0.0973299 0.00585129 0)
(-0.0980683 0.00206548 0)
(-0.0981178 -0.00175907 0)
(-0.0974756 -0.00557314 0)
(-0.096147 -0.00932658 0)
(-0.0941455 -0.0129685 0)
(-0.0914934 -0.0164477 0)
(-0.0882212 -0.0197126 0)
(-0.0843682 -0.0227123 0)
(-0.0799822 -0.0253967 0)
(-0.0751191 -0.0277175 0)
(-0.0698433 -0.0296289 0)
(-0.0642264 -0.0310885 0)
(-0.0583474 -0.0320591 0)
(-0.0522915 -0.0325089 0)
(-0.0461493 -0.032414 0)
(-0.0400153 -0.0317593 0)
(-0.0339872 -0.0305407 0)
(-0.0281636 -0.0287666 0)
(-0.022643 -0.0264602 0)
(-0.0175219 -0.023662 0)
(-0.0128932 -0.0204314 0)
(-0.00884534 -0.0168504 0)
(-0.0054584 -0.0130253 0)
(-0.00280115 -0.0090891 0)
(-0.000972853 -0.00520301 0)
(-0.000141417 -0.00156777 0)
(-0.000170425 0.00225742 0)
(-0.00114654 0.00708384 0)
(-0.00326298 0.0119813 0)
(-0.00629968 0.0167592 0)
(-0.0101223 0.0212678 0)
(-0.0146387 0.0253873 0)
(-0.0197497 0.0290249 0)
(-0.0253523 0.032113 0)
(-0.0313432 0.0346058 0)
(-0.0376196 0.0364762 0)
(-0.0440797 0.0377127 0)
(-0.0506239 0.0383172 0)
(-0.0571553 0.0383021 0)
(-0.063581 0.0376889 0)
(-0.0698129 0.036506 0)
(-0.0757678 0.0347872 0)
(-0.0813685 0.0325713 0)
(-0.0865442 0.0299002 0)
(-0.0912304 0.0268188 0)
(-0.0953699 0.0233743 0)
(-0.0989124 0.0196158 0)
(-0.101815 0.0155941 0)
(-0.104042 0.0113614 0)
(-0.105567 0.00697139 0)
(-0.106369 0.00247915 0)
(-0.106437 -0.00205907 0)
(-0.105768 -0.00658578 0)
(-0.104366 -0.0110425 0)
(-0.102244 -0.0153697 0)
(-0.0994262 -0.0195074 0)
(-0.0959423 -0.0233956 0)
(-0.0918327 -0.0269745 0)
(-0.0871463 -0.0301853 0)
(-0.081941 -0.0329711 0)
(-0.0762833 -0.0352782 0)
(-0.0702479 -0.0370565 0)
(-0.0639172 -0.0382615 0)
(-0.0573809 -0.0388555 0)
(-0.0507346 -0.0388093 0)
(-0.0440792 -0.038104 0)
(-0.0375193 -0.036733 0)
(-0.0311617 -0.0347035 0)
(-0.0251142 -0.0320397 0)
(-0.0194834 -0.0287839 0)
(-0.014374 -0.0249995 0)
(-0.00988745 -0.020773 0)
(-0.00611752 -0.0162161 0)
(-0.00314733 -0.0114669 0)
(-0.00109585 -0.00669064 0)
(-0.000159898 -0.00208961 0)
(-0.000188731 0.00286788 0)
(-0.00126701 0.00879895 0)
(-0.00360026 0.0146895 0)
(-0.00693945 0.0203512 0)
(-0.0111305 0.0256354 0)
(-0.0160671 0.030422 0)
(-0.0216366 0.0346182 0)
(-0.0277234 0.0381565 0)
(-0.0342136 0.0409914 0)
(-0.0409948 0.0430973 0)
(-0.0479572 0.044465 0)
(-0.0549942 0.0450991 0)
(-0.0620032 0.0450162 0)
(-0.0688862 0.0442422 0)
(-0.0755509 0.0428108 0)
(-0.0819108 0.040762 0)
(-0.0878857 0.0381404 0)
(-0.0934023 0.0349948 0)
(-0.0983944 0.0313771 0)
(-0.102803 0.0273416 0)
(-0.106576 0.0229448 0)
(-0.10967 0.0182451 0)
(-0.112048 0.0133024 0)
(-0.113682 0.00817832 0)
(-0.114551 0.00293585 0)
(-0.114642 -0.0023605 0)
(-0.113953 -0.00764484 0)
(-0.112486 -0.0128501 0)
(-0.110256 -0.017908 0)
(-0.107283 -0.0227498 0)
(-0.1036 -0.0273062 0)
(-0.0992473 -0.0315084 0)
(-0.0942736 -0.0352885 0)
(-0.0887383 -0.0385807 0)
(-0.0827098 -0.0413223 0)
(-0.0762652 -0.0434549 0)
(-0.0694904 -0.0449263 0)
(-0.062479 -0.0456918 0)
(-0.0553319 -0.0457159 0)
(-0.0481561 -0.0449749 0)
(-0.0410635 -0.0434585 0)
(-0.0341696 -0.041172 0)
(-0.0275917 -0.0381387 0)
(-0.0214476 -0.0344022 0)
(-0.0158543 -0.0300282 0)
(-0.0109266 -0.0251067 0)
(-0.00677275 -0.0197537 0)
(-0.00349012 -0.0141118 0)
(-0.00121696 -0.00834998 0)
(-0.00017789 -0.00267286 0)
(-0.0002066 0.00353858 0)
(-0.00138522 0.0106808 0)
(-0.00393215 0.0176554 0)
(-0.00757038 0.024276 0)
(-0.0121266 0.0303954 0)
(-0.0174804 0.0358944 0)
(-0.0235056 0.0406813 0)
(-0.0300741 0.04469 0)
(-0.0370605 0.0478773 0)
(-0.0443431 0.05022 0)
(-0.0518036 0.0517123 0)
(-0.0593284 0.0523633 0)
(-0.0668089 0.0521943 0)
(-0.0741424 0.0512369 0)
(-0.0812325 0.0495307 0)
(-0.0879895 0.0471222 0)
(-0.0943307 0.044063 0)
(-0.100181 0.0404091 0)
(-0.105472 0.0362195 0)
(-0.110143 0.031556 0)
(-0.114143 0.0264829 0)
(-0.117425 0.0210661 0)
(-0.119953 0.0153733 0)
(-0.121697 0.00947426 0)
(-0.122636 0.00343992 0)
(-0.122758 -0.00265693 0)
(-0.122055 -0.00874197 0)
(-0.120534 -0.0147394 0)
(-0.118206 -0.0205723 0)
(-0.115091 -0.0261625 0)
(-0.111222 -0.0314317 0)
(-0.106639 -0.0363014 0)
(-0.10139 -0.0406944 0)
(-0.0955371 -0.0445351 0)
(-0.0891483 -0.0477515 0)
(-0.0823035 -0.0502761 0)
(-0.0750912 -0.052048 0)
(-0.0676091 -0.0530142 0)
(-0.0599632 -0.0531325 0)
(-0.0522668 -0.0523727 0)
(-0.0446392 -0.0507198 0)
(-0.0372048 -0.0481757 0)
(-0.0300914 -0.0447618 0)
(-0.0234284 -0.0405215 0)
(-0.0173456 -0.0355215 0)
(-0.0119721 -0.0298544 0)
(-0.00743077 -0.0236397 0)
(-0.00383359 -0.0170241 0)
(-0.00133794 -0.0101804 0)
(-0.000195754 -0.00331696 0)
(-0.000224279 0.00426868 0)
(-0.00150239 0.0127275 0)
(-0.00426147 0.0208766 0)
(-0.00819703 0.0285311 0)
(-0.0131168 0.0355454 0)
(-0.0188863 0.0418021 0)
(-0.0253657 0.0472119 0)
(-0.0324139 0.0517114 0)
(-0.0398943 0.0552606 0)
(-0.0476753 0.0578406 0)
(-0.05563 0.0594504 0)
(-0.0636376 0.0601045 0)
(-0.0715838 0.0598304 0)
(-0.079361 0.058666 0)
(-0.086869 0.0566581 0)
(-0.0940153 0.0538603 0)
(-0.100715 0.0503318 0)
(-0.106891 0.046136 0)
(-0.112474 0.0413398 0)
(-0.117403 0.0360127 0)
(-0.121624 0.0302267 0)
(-0.125092 0.0240554 0)
(-0.12777 0.0175747 0)
(-0.129626 0.0108619 0)
(-0.130639 0.00399625 0)
(-0.130796 -0.00294139 0)
(-0.13009 -0.00986828 0)
(-0.128524 -0.0167 0)
(-0.126109 -0.0233506 0)
(-0.122866 -0.0297329 0)
(-0.118825 -0.0357589 0)
(-0.114024 -0.0413405 0)
(-0.108515 -0.0463903 0)
(-0.102356 -0.050823 0)
(-0.0956184 -0.0545561 0)
(-0.0883825 -0.0575123 0)
(-0.0807399 -0.0596209 0)
(-0.0727917 -0.0608199 0)
(-0.0646489 -0.0610585 0)
(-0.056431 -0.0602992 0)
(-0.0482653 -0.0585207 0)
(-0.0402853 -0.05572 0)
(-0.0326297 -0.0519154 0)
(-0.0254401 -0.0471482 0)
(-0.0188601 -0.0414856 0)
(-0.0130335 -0.0350215 0)
(-0.00809838 -0.0278782 0)
(-0.00418179 -0.0202063 0)
(-0.00146047 -0.0121833 0)
(-0.000213814 -0.00402222 0)
(-0.000241979 0.00505793 0)
(-0.00161961 0.0149384 0)
(-0.00459086 0.0243522 0)
(-0.00882378 0.0331156 0)
(-0.0141071 0.0410846 0)
(-0.0202922 0.0481444 0)
(-0.0272252 0.0542089 0)
(-0.0347521 0.0592187 0)
(-0.0427246 0.0631388 0)
(-0.0510009 0.0659557 0)
(-0.0594456 0.0676748 0)
(-0.0679307 0.0683172 0)
(-0.0763359 0.0679178 0)
(-0.0845491 0.0665222 0)
(-0.0924665 0.0641851 0)
(-0.0999931 0.0609682 0)
(-0.107042 0.0569387 0)
(-0.113535 0.0521682 0)
(-0.119402 0.0467316 0)
(-0.124582 0.0407064 0)
(-0.12902 0.0341726 0)
(-0.132671 0.0272117 0)
(-0.135497 0.0199071 0)
(-0.137467 0.0123442 0)
(-0.138559 0.00461006 0)
(-0.138757 -0.0032064 0)
(-0.138056 -0.0110142 0)
(-0.136456 -0.0187203 0)
(-0.133968 -0.02623 0)
(-0.130611 -0.0334469 0)
(-0.126412 -0.0402733 0)
(-0.121411 -0.0466111 0)
(-0.115656 -0.0523627 0)
(-0.109206 -0.0574317 0)
(-0.102132 -0.0617252 0)
(-0.0945167 -0.0651548 0)
(-0.0864522 -0.067639 0)
(-0.0780436 -0.0691054 0)
(-0.0694066 -0.0694934 0)
(-0.0606669 -0.0687566 0)
(-0.0519597 -0.0668657 0)
(-0.0434283 -0.0638115 0)
(-0.0352226 -0.0596072 0)
(-0.0274972 -0.0542913 0)
(-0.0204099 -0.0479294 0)
(-0.0141203 -0.0406161 0)
(-0.00878228 -0.0324762 0)
(-0.00453865 -0.0236639 0)
(-0.00158612 -0.0143619 0)
(-0.00023237 -0.00478985 0)
(-0.000259883 0.00590664 0)
(-0.00173785 0.0173142 0)
(-0.00492271 0.0280832 0)
(-0.00945468 0.0380305 0)
(-0.0151031 0.0470137 0)
(-0.021705 0.0549216 0)
(-0.0290921 0.0616719 0)
(-0.0370971 0.0672108 0)
(-0.0455598 0.0715096 0)
(-0.054328 0.0745617 0)
(-0.0632577 0.0763803 0)
(-0.0722135 0.0769949 0)
(-0.0810695 0.0764489 0)
(-0.0897092 0.0747968 0)
(-0.0980257 0.0721023 0)
(-0.105922 0.068436 0)
(-0.113309 0.0638739 0)
(-0.120108 0.0584964 0)
(-0.12625 0.0523867 0)
(-0.131672 0.0456307 0)
(-0.13632 0.0383161 0)
(-0.14015 0.0305323 0)
(-0.143122 0.0223706 0)
(-0.145207 0.0139238 0)
(-0.146381 0.00528673 0)
(-0.146628 -0.00344394 0)
(-0.145942 -0.0121692 0)
(-0.14432 -0.0207878 0)
(-0.141773 -0.0291962 0)
(-0.138318 -0.0372889 0)
(-0.133979 -0.0449586 0)
(-0.128796 -0.0520968 0)
(-0.122813 -0.0585953 0)
(-0.116089 -0.0643465 0)
(-0.108696 -0.0692457 0)
(-0.100714 -0.0731928 0)
(-0.0922383 -0.0760942 0)
(-0.0833772 -0.0778658 0)
(-0.0742504 -0.0784355 0)
(-0.0649897 -0.0777464 0)
(-0.0557384 -0.0757595 0)
(-0.0466497 -0.0724574 0)
(-0.0378852 -0.0678467 0)
(-0.0296132 -0.0619612 0)
(-0.0220067 -0.054864 0)
(-0.0152416 -0.0466492 0)
(-0.00948892 -0.0374434 0)
(-0.00490792 -0.0274047 0)
(-0.00171642 -0.0167216 0)
(-0.000251694 -0.00562184 0)
(-0.000278153 0.00681559 0)
(-0.00185801 0.0198565 0)
(-0.00525925 0.0320718 0)
(-0.0100934 0.043278 0)
(-0.0161101 0.0533349 0)
(-0.023131 0.0621348 0)
(-0.0309734 0.0696012 0)
(-0.0394561 0.0756865 0)
(-0.0484068 0.0803699 0)
(-0.0576627 0.0836537 0)
(-0.0670707 0.0855603 0)
(-0.0764886 0.0861291 0)
(-0.0857848 0.0854136 0)
(-0.0948388 0.0834785 0)
(-0.103541 0.0803976 0)
(-0.111792 0.0762513 0)
(-0.119503 0.0711254 0)
(-0.126595 0.0651093 0)
(-0.132998 0.0582951 0)
(-0.138651 0.050777 0)
(-0.143501 0.0426508 0)
(-0.147503 0.0340137 0)
(-0.150619 0.0249643 0)
(-0.152818 0.015603 0)
(-0.154078 0.0060316 0)
(-0.154381 -0.00364556 0)
(-0.153719 -0.0133219 0)
(-0.15209 -0.0228883 0)
(-0.149501 -0.0322328 0)
(-0.145965 -0.0412408 0)
(-0.141508 -0.0497954 0)
(-0.136163 -0.0577779 0)
(-0.129974 -0.0650688 0)
(-0.122998 -0.0715489 0)
(-0.115304 -0.0771011 0)
(-0.106974 -0.0816122 0)
(-0.0981021 -0.0849756 0)
(-0.0887998 -0.0870936 0)
(-0.0791903 -0.0878812 0)
(-0.0694117 -0.0872689 0)
(-0.059615 -0.0852061 0)
(-0.0499636 -0.0816651 0)
(-0.0406315 -0.076644 0)
(-0.031801 -0.0701702 0)
(-0.0236615 -0.0623027 0)
(-0.0164062 -0.0531341 0)
(-0.0102245 -0.0427921 0)
(-0.0052932 -0.0314389 0)
(-0.00185278 -0.0192695 0)
(-0.000272043 -0.00652095 0)
(-0.000296934 0.00778601 0)
(-0.0019809 0.0225683 0)
(-0.00560251 0.0363217 0)
(-0.0107436 0.048862 0)
(-0.0171327 0.0600513 0)
(-0.0245761 0.0697865 0)
(-0.0328755 0.0779972 0)
(-0.0418355 0.0846443 0)
(-0.051271 0.0897162 0)
(-0.0610086 0.0932256 0)
(-0.0708864 0.0952063 0)
(-0.0807549 0.095709 0)
(-0.0904775 0.0947991 0)
(-0.09993 0.092553 0)
(-0.109 0.0890555 0)
(-0.117588 0.0843983 0)
(-0.125605 0.0786773 0)
(-0.132972 0.0719918 0)
(-0.13962 0.064443 0)
(-0.14549 0.0561337 0)
(-0.150529 0.0471678 0)
(-0.154694 0.0376499 0)
(-0.157947 0.0276858 0)
(-0.16026 0.0173828 0)
(-0.161607 0.0068497 0)
(-0.161973 -0.00380245 0)
(-0.161347 -0.01446 0)
(-0.159725 -0.0250062 0)
(-0.157112 -0.0353211 0)
(-0.153518 -0.0452816 0)
(-0.148966 -0.0547612 0)
(-0.143485 -0.0636308 0)
(-0.137116 -0.0717597 0)
(-0.129914 -0.0790164 0)
(-0.121945 -0.0852705 0)
(-0.113288 -0.0903948 0)
(-0.10404 -0.0942681 0)
(-0.0943122 -0.0967779 0)
(-0.0842313 -0.0978239 0)
(-0.0739408 -0.097322 0)
(-0.0635998 -0.0952079 0)
(-0.0533819 -0.0914413 0)
(-0.0434735 -0.0860096 0)
(-0.0340724 -0.0789317 0)
(-0.0253846 -0.0702606 0)
(-0.0176225 -0.0600864 0)
(-0.0109949 -0.0485373 0)
(-0.00569792 -0.0357792 0)
(-0.00199656 -0.0220142 0)
(-0.00029366 -0.00749064 0)
(-0.000316364 0.00881951 0)
(-0.00210731 0.0254533 0)
(-0.00595445 0.0408377 0)
(-0.0114083 0.0547876 0)
(-0.0181754 0.0671675 0)
(-0.0260454 0.0778794 0)
(-0.0348037 0.0868608 0)
(-0.04424 0.0940821 0)
(-0.0541561 0.0995432 0)
(-0.0643674 0.103269 0)
(-0.0747034 0.105307 0)
(-0.0850076 0.10572 0)
(-0.0951385 0.104589 0)
(-0.104969 0.102001 0)
(-0.114385 0.098056 0)
(-0.123287 0.0928562 0)
(-0.131585 0.0865091 0)
(-0.139204 0.0791243 0)
(-0.146075 0.0708127 0)
(-0.152142 0.0616856 0)
(-0.157354 0.0518548 0)
(-0.161669 0.0414322 0)
(-0.165052 0.0305305 0)
(-0.167474 0.0192632 0)
(-0.168912 0.00774544 0)
(-0.169347 -0.00390561 0)
(-0.168768 -0.0155698 0)
(-0.16717 -0.0271236 0)
(-0.164553 -0.0384398 0)
(-0.160926 -0.0493868 0)
(-0.156306 -0.0598291 0)
(-0.15072 -0.0696274 0)
(-0.144204 -0.0786393 0)
(-0.136807 -0.0867207 0)
(-0.128593 -0.0937273 0)
(-0.119639 -0.0995167 0)
(-0.110041 -0.103952 0)
(-0.0999084 -0.106903 0)
(-0.0893724 -0.108253 0)
(-0.0785807 -0.107901 0)
(-0.0676998 -0.105765 0)
(-0.0569136 -0.101792 0)
(-0.0464217 -0.0959539 0)
(-0.0364376 -0.0882597 0)
(-0.0271855 -0.0787545 0)
(-0.0188982 -0.0675241 0)
(-0.0118057 -0.0546962 0)
(-0.0061254 -0.0404403 0)
(-0.00214909 -0.0249664 0)
(-0.000316784 -0.00853508 0)
(-0.000336581 0.00991813 0)
(-0.00223799 0.0285164 0)
(-0.006317 0.0456262 0)
(-0.0120909 0.0610611 0)
(-0.0192427 0.0746885 0)
(-0.0275439 0.0864166 0)
(-0.036763 0.0961921 0)
(-0.0466736 0.103997 0)
(-0.057064 0.109844 0)
(-0.0677384 0.113773 0)
(-0.0785171 0.115846 0)
(-0.0892374 0.116144 0)
(-0.0997533 0.11476 0)
(-0.109935 0.111799 0)
(-0.119668 0.107373 0)
(-0.128853 0.101598 0)
(-0.137404 0.0945945 0)
(-0.145245 0.0864818 0)
(-0.152312 0.077381 0)
(-0.158551 0.0674124 0)
(-0.163914 0.0566952 0)
(-0.168363 0.0453486 0)
(-0.171864 0.0334911 0)
(-0.17439 0.0212422 0)
(-0.175916 0.00872224 0)
(-0.176426 -0.00394602 0)
(-0.175907 -0.016637 0)
(-0.17435 -0.0292211 0)
(-0.171753 -0.0415645 0)
(-0.168122 -0.053528 0)
(-0.163467 -0.0649676 0)
(-0.157811 -0.0757337 0)
(-0.151185 -0.0856726 0)
(-0.143633 -0.0946271 0)
(-0.135213 -0.102438 0)
(-0.125999 -0.108947 0)
(-0.116082 -0.113999 0)
(-0.105574 -0.117447 0)
(-0.0946061 -0.119152 0)
(-0.0833293 -0.118995 0)
(-0.0719177 -0.116875 0)
(-0.060565 -0.11272 0)
(-0.0494844 -0.106486 0)
(-0.0389058 -0.0981685 0)
(-0.0290731 -0.0878022 0)
(-0.0202408 -0.0754667 0)
(-0.0126624 -0.0612881 0)
(-0.0065789 -0.0454393 0)
(-0.00231168 -0.0281381 0)
(-0.000341654 -0.00965912 0)
(-0.000357726 0.0110843 0)
(-0.00237377 0.0317632 0)
(-0.00669215 0.0506945 0)
(-0.0127946 0.0676901 0)
(-0.0203386 0.0826207 0)
(-0.0290764 0.0954017 0)
(-0.0387577 0.105991 0)
(-0.0491393 0.114383 0)
(-0.0599953 0.120608 0)
(-0.0711183 0.124722 0)
(-0.0823198 0.126806 0)
(-0.093431 0.126956 0)
(-0.104302 0.125286 0)
(-0.114802 0.121916 0)
(-0.124816 0.116974 0)
(-0.134247 0.110592 0)
(-0.143011 0.1029 0)
(-0.151037 0.0940323 0)
(-0.158265 0.0841186 0)
(-0.164644 0.073288 0)
(-0.170132 0.0616675 0)
(-0.174693 0.0493823 0)
(-0.178296 0.0365568 0)
(-0.180915 0.0233151 0)
(-0.182528 0.00978219 0)
(-0.183118 -0.00391494 0)
(-0.18267 -0.0176461 0)
(-0.181174 -0.0312769 0)
(-0.178624 -0.0446677 0)
(-0.17502 -0.0576726 0)
(-0.170368 -0.0701396 0)
(-0.164685 -0.0819096 0)
(-0.157994 -0.0928176 0)
(-0.150333 -0.102693 0)
(-0.141754 -0.111361 0)
(-0.132325 -0.118647 0)
(-0.122133 -0.124376 0)
(-0.111287 -0.128379 0)
(-0.0999172 -0.130498 0)
(-0.0881789 -0.130589 0)
(-0.0762516 -0.12853 0)
(-0.0643389 -0.124226 0)
(-0.0526676 -0.117614 0)
(-0.0414847 -0.108672 0)
(-0.0310551 -0.097422 0)
(-0.0216573 -0.0839352 0)
(-0.0135704 -0.0683344 0)
(-0.00706165 -0.0507949 0)
(-0.00248567 -0.031543 0)
(-0.000368515 -0.0108683 0)
(-0.000379962 0.0123208 0)
(-0.00251554 0.0352004 0)
(-0.00708212 0.0560513 0)
(-0.0135231 0.0746831 0)
(-0.021468 0.0909706 0)
(-0.0306478 0.104838 0)
(-0.0407919 0.116255 0)
(-0.0516393 0.125234 0)
(-0.062949 0.131823 0)
(-0.0745016 0.136098 0)
(-0.0861001 0.138159 0)
(-0.0975699 0.138126 0)
(-0.108758 0.136131 0)
(-0.119534 0.132313 0)
(-0.129784 0.126818 0)
(-0.139414 0.119793 0)
(-0.148345 0.111384 0)
(-0.15651 0.101736 0)
(-0.163856 0.0909883 0)
(-0.170336 0.0792797 0)
(-0.175914 0.0667438 0)
(-0.180558 0.0535118 0)
(-0.184241 0.0397127 0)
(-0.18694 0.0254745 0)
(-0.188635 0.0109255 0)
(-0.189308 -0.0038042 0)
(-0.188943 -0.0185811 0)
(-0.187528 -0.0332672 0)
(-0.185054 -0.0477183 0)
(-0.181514 -0.0617831 0)
(-0.17691 -0.0753022 0)
(-0.171248 -0.0881079 0)
(-0.164546 -0.100024 0)
(-0.156833 -0.110867 0)
(-0.148152 -0.120446 0)
(-0.138563 -0.128568 0)
(-0.128149 -0.135038 0)
(-0.117012 -0.139663 0)
(-0.105282 -0.14226 0)
(-0.0931146 -0.142661 0)
(-0.0806945 -0.140716 0)
(-0.0682344 -0.136305 0)
(-0.0559746 -0.129341 0)
(-0.0441804 -0.119782 0)
(-0.0331388 -0.107632 0)
(-0.0231544 -0.0929519 0)
(-0.0145349 -0.0758583 0)
(-0.00757699 -0.0565282 0)
(-0.00267243 -0.0351964 0)
(-0.000397629 -0.0121688 0)
(-0.000403476 0.0136311 0)
(-0.00266433 0.0388361 0)
(-0.00748944 0.0617066 0)
(-0.0142803 0.0820501 0)
(-0.0226359 0.0997456 0)
(-0.0322633 0.114728 0)
(-0.04287 0.126983 0)
(-0.0541754 0.13654 0)
(-0.0659227 0.143471 0)
(-0.0778804 0.147874 0)
(-0.0898429 0.149874 0)
(-0.101631 0.149615 0)
(-0.11309 0.14725 0)
(-0.124089 0.142942 0)
(-0.13452 0.136855 0)
(-0.144291 0.129152 0)
(-0.153331 0.119996 0)
(-0.161579 0.109543 0)
(-0.168989 0.0979444 0)
(-0.175522 0.0853463 0)
(-0.181148 0.0718892 0)
(-0.185839 0.0577092 0)
(-0.189575 0.0429389 0)
(-0.192336 0.027709 0)
(-0.194104 0.0121499 0)
(-0.194861 -0.00360658 0)
(-0.194592 -0.0194253 0)
(-0.19328 -0.0351661 0)
(-0.190913 -0.0506817 0)
(-0.187479 -0.0658167 0)
(-0.18297 -0.0804058 0)
(-0.177387 -0.0942733 0)
(-0.170736 -0.107233 0)
(-0.163037 -0.119087 0)
(-0.154322 -0.129631 0)
(-0.144643 -0.13865 0)
(-0.134071 -0.145927 0)
(-0.122704 -0.151247 0)
(-0.110666 -0.154396 0)
(-0.0981134 -0.155177 0)
(-0.085233 -0.153411 0)
(-0.0722461 -0.148946 0)
(-0.0594063 -0.141668 0)
(-0.0469975 -0.131509 0)
(-0.0353306 -0.118451 0)
(-0.0247388 -0.10254 0)
(-0.0155614 -0.0838846 0)
(-0.00812837 -0.0626621 0)
(-0.00287344 -0.0391152 0)
(-0.000429281 -0.0135676 0)
(-0.000428499 0.0150191 0)
(-0.00282142 0.0426793 0)
(-0.00791717 0.0676723 0)
(-0.0150713 0.0898022 0)
(-0.0238483 0.108954 0)
(-0.0339291 0.125074 0)
(-0.0449965 0.138168 0)
(-0.056749 0.148287 0)
(-0.0689127 0.155528 0)
(-0.081244 0.160018 0)
(-0.0935292 0.16191 0)
(-0.105585 0.161373 0)
(-0.117257 0.158589 0)
(-0.128416 0.153743 0)
(-0.138959 0.14702 0)
(-0.148802 0.138604 0)
(-0.157881 0.128672 0)
(-0.166145 0.117394 0)
(-0.173555 0.104931 0)
(-0.180082 0.0914378 0)
(-0.185702 0.0770605 0)
(-0.190398 0.0619394 0)
(-0.194153 0.0462096 0)
(-0.196952 0.0300029 0)
(-0.19878 0.0134504 0)
(-0.199621 -0.0033163 0)
(-0.199457 -0.020162 0)
(-0.198272 -0.0369459 0)
(-0.196046 -0.0535199 0)
(-0.192762 -0.0697257 0)
(-0.188406 -0.0853938 0)
(-0.182966 -0.100342 0)
(-0.176438 -0.114374 0)
(-0.168831 -0.127281 0)
(-0.160164 -0.13884 0)
(-0.150475 -0.148819 0)
(-0.139826 -0.156976 0)
(-0.128303 -0.163068 0)
(-0.116025 -0.166851 0)
(-0.103143 -0.168095 0)
(-0.089847 -0.166584 0)
(-0.0763639 -0.162132 0)
(-0.0629602 -0.15459 0)
(-0.0499389 -0.143859 0)
(-0.0376364 -0.129894 0)
(-0.026417 -0.112722 0)
(-0.0166556 -0.0924395 0)
(-0.00871955 -0.0692215 0)
(-0.00309033 -0.0433183 0)
(-0.000463791 -0.0150725 0)
(-0.000455323 0.0164893 0)
(-0.00298837 0.0467412 0)
(-0.00836911 0.073962 0)
(-0.0159019 0.0979523 0)
(-0.0251128 0.118604 0)
(-0.0356526 0.135879 0)
(-0.047177 0.149803 0)
(-0.0593614 0.160457 0)
(-0.0719142 0.167966 0)
(-0.0845792 0.17249 0)
(-0.0971354 0.174215 0)
(-0.109397 0.173342 0)
(-0.12121 0.170081 0)
(-0.132452 0.164644 0)
(-0.143025 0.15724 0)
(-0.152856 0.148074 0)
(-0.16189 0.137338 0)
(-0.170088 0.125216 0)
(-0.177422 0.111881 0)
(-0.183872 0.0974937 0)
(-0.189427 0.0822056 0)
(-0.194074 0.0661598 0)
(-0.197806 0.0494926 0)
(-0.200613 0.0323355 0)
(-0.202483 0.0148182 0)
(-0.203403 -0.00292946 0)
(-0.203355 -0.0207743 0)
(-0.202319 -0.0385773 0)
(-0.200271 -0.056191 0)
(-0.197188 -0.0734566 0)
(-0.193046 -0.0902021 0)
(-0.187823 -0.10624 0)
(-0.181502 -0.121367 0)
(-0.174076 -0.135362 0)
(-0.165551 -0.147987 0)
(-0.155951 -0.158988 0)
(-0.14532 -0.168099 0)
(-0.133734 -0.175047 0)
(-0.121299 -0.179556 0)
(-0.108161 -0.181356 0)
(-0.0945082 -0.180191 0)
(-0.0805718 -0.175834 0)
(-0.0666302 -0.168094 0)
(-0.0530056 -0.156834 0)
(-0.0400613 -0.141976 0)
(-0.0281958 -0.123521 0)
(-0.0178235 -0.101551 0)
(-0.0093547 -0.0762333 0)
(-0.00332496 -0.0478263 0)
(-0.000501532 -0.0166921 0)
(-0.00048432 0.0180475 0)
(-0.0031672 0.0510347 0)
(-0.00885001 0.0805918 0)
(-0.0167796 0.106515 0)
(-0.0264383 0.128705 0)
(-0.0374426 0.147142 0)
(-0.0494179 0.161877 0)
(-0.0620141 0.173025 0)
(-0.0749208 0.180746 0)
(-0.0878693 0.185239 0)
(-0.100633 0.186727 0)
(-0.113023 0.185447 0)
(-0.124892 0.181643 0)
(-0.136123 0.175557 0)
(-0.146628 0.167424 0)
(-0.156348 0.157469 0)
(-0.165238 0.145904 0)
(-0.173274 0.132925 0)
(-0.180441 0.118715 0)
(-0.186732 0.103442 0)
(-0.192146 0.0872618 0)
(-0.196683 0.0703187 0)
(-0.200342 0.0527483 0)
(-0.20312 0.0346801 0)
(-0.20501 0.0162405 0)
(-0.206001 -0.00244464 0)
(-0.206076 -0.0212464 0)
(-0.205212 -0.0400297 0)
(-0.203382 -0.0586501 0)
(-0.200554 -0.0769507 0)
(-0.196694 -0.0947594 0)
(-0.191769 -0.111886 0)
(-0.185749 -0.12812 0)
(-0.178608 -0.143231 0)
(-0.170337 -0.156965 0)
(-0.160938 -0.16905 0)
(-0.150441 -0.179193 0)
(-0.138902 -0.187089 0)
(-0.126414 -0.192424 0)
(-0.113112 -0.194886 0)
(-0.0991787 -0.194174 0)
(-0.0848473 -0.190011 0)
(-0.0704062 -0.182158 0)
(-0.0561966 -0.170429 0)
(-0.04261 -0.154708 0)
(-0.0300822 -0.134961 0)
(-0.0190721 -0.111247 0)
(-0.0100386 -0.0837267 0)
(-0.00357946 -0.0526619 0)
(-0.000542941 -0.0184362 0)
(-0.000515974 0.0197002 0)
(-0.00336047 0.0555755 0)
(-0.00936599 0.0875811 0)
(-0.0177141 0.115508 0)
(-0.0278365 0.139268 0)
(-0.0393105 0.158862 0)
(-0.0517271 0.174375 0)
(-0.0647084 0.18596 0)
(-0.0779242 0.193821 0)
(-0.0910939 0.198202 0)
(-0.103985 0.199369 0)
(-0.116413 0.197601 0)
(-0.128233 0.193179 0)
(-0.139341 0.18638 0)
(-0.149663 0.177465 0)
(-0.159152 0.166683 0)
(-0.167783 0.154264 0)
(-0.175545 0.140419 0)
(-0.18244 0.125339 0)
(-0.188476 0.109199 0)
(-0.193664 0.0921557 0)
(-0.198017 0.0743548 0)
(-0.201543 0.055929 0)
(-0.204247 0.0370037 0)
(-0.206129 0.0176996 0)
(-0.207179 -0.00186349 0)
(-0.207382 -0.0215634 0)
(-0.206713 -0.0412715 0)
(-0.205141 -0.0608492 0)
(-0.202625 -0.0801441 0)
(-0.199123 -0.0989864 0)
(-0.194587 -0.117186 0)
(-0.188972 -0.134528 0)
(-0.182234 -0.150774 0)
(-0.174343 -0.165656 0)
(-0.16528 -0.178883 0)
(-0.155051 -0.190135 0)
(-0.143693 -0.199074 0)
(-0.131278 -0.205347 0)
(-0.117926 -0.208592 0)
(-0.103809 -0.208457 0)
(-0.0891596 -0.204607 0)
(-0.0742731 -0.196746 0)
(-0.0595084 -0.184631 0)
(-0.0452866 -0.168095 0)
(-0.032084 -0.147061 0)
(-0.020409 -0.121558 0)
(-0.0107768 -0.0917334 0)
(-0.00385641 -0.0578506 0)
(-0.000588553 -0.0203156 0)
(-0.000550922 0.0214557 0)
(-0.00357152 0.0603827 0)
(-0.00992485 0.094953 0)
(-0.0187172 0.124952 0)
(-0.0293217 0.150303 0)
(-0.04127 0.171036 0)
(-0.0541141 0.187276 0)
(-0.0674457 0.199222 0)
(-0.080914 0.207131 0)
(-0.094227 0.2113 0)
(-0.10715 0.212045 0)
(-0.119502 0.209695 0)
(-0.131149 0.204571 0)
(-0.142002 0.196986 0)
(-0.152003 0.187235 0)
(-0.161124 0.175589 0)
(-0.16936 0.162296 0)
(-0.176719 0.147581 0)
(-0.183221 0.131645 0)
(-0.188891 0.114666 0)
(-0.193756 0.0968022 0)
(-0.19784 0.0781968 0)
(-0.201164 0.0589784 0)
(-0.203743 0.039266 0)
(-0.205581 0.0191725 0)
(-0.206674 -0.00119128 0)
(-0.207007 -0.0217123 0)
(-0.206555 -0.0422712 0)
(-0.205281 -0.0627382 0)
(-0.203139 -0.0829682 0)
(-0.200074 -0.102797 0)
(-0.196026 -0.122037 0)
(-0.190932 -0.140473 0)
(-0.184729 -0.15786 0)
(-0.177361 -0.173919 0)
(-0.168787 -0.188341 0)
(-0.158986 -0.20078 0)
(-0.147965 -0.210862 0)
(-0.135775 -0.218192 0)
(-0.122513 -0.222356 0)
(-0.108335 -0.222941 0)
(-0.0934682 -0.219548 0)
(-0.0782096 -0.21181 0)
(-0.0629348 -0.199417 0)
(-0.0480947 -0.182138 0)
(-0.0342095 -0.15984 0)
(-0.0218434 -0.132516 0)
(-0.011576 -0.100288 0)
(-0.00415895 -0.0634207 0)
(-0.000639029 -0.0223429 0)
(-0.000589997 0.0233242 0)
(-0.00380468 0.0654796 0)
(-0.0105367 0.102735 0)
(-0.0198045 0.134869 0)
(-0.0309121 0.161822 0)
(-0.0433382 0.183658 0)
(-0.0565902 0.200551 0)
(-0.0702267 0.21276 0)
(-0.0838756 0.220602 0)
(-0.0972356 0.224437 0)
(-0.110072 0.224643 0)
(-0.122213 0.2216 0)
(-0.133539 0.215679 0)
(-0.14398 0.207232 0)
(-0.1535 0.196586 0)
(-0.162095 0.184039 0)
(-0.169781 0.169858 0)
(-0.176589 0.154279 0)
(-0.182561 0.13751 0)
(-0.187739 0.119732 0)
(-0.192169 0.101104 0)
(-0.19589 0.081763 0)
(-0.198934 0.0618315 0)
(-0.201326 0.0414197 0)
(-0.203079 0.0206303 0)
(-0.204192 -0.00043747 0)
(-0.204654 -0.0216825 0)
(-0.204438 -0.0429978 0)
(-0.203503 -0.0642652 0)
(-0.201798 -0.0853506 0)
(-0.199255 -0.106098 0)
(-0.195802 -0.126327 0)
(-0.191355 -0.145825 0)
(-0.185831 -0.164344 0)
(-0.17915 -0.181597 0)
(-0.171239 -0.197258 0)
(-0.162047 -0.210956 0)
(-0.15155 -0.222284 0)
(-0.139766 -0.230799 0)
(-0.126764 -0.236032 0)
(-0.112678 -0.237502 0)
(-0.0977203 -0.234734 0)
(-0.0821869 -0.227281 0)
(-0.0664657 -0.214748 0)
(-0.0510372 -0.196826 0)
(-0.0364685 -0.173314 0)
(-0.0233864 -0.144151 0)
(-0.0124446 -0.109428 0)
(-0.00449101 -0.0694041 0)
(-0.000695205 -0.0245321 0)
(-0.000634304 0.0253185 0)
(-0.0040656 0.0708953 0)
(-0.0112144 0.110963 0)
(-0.0209953 0.14529 0)
(-0.0326303 0.173838 0)
(-0.0455356 0.196718 0)
(-0.059168 0.214165 0)
(-0.0730501 0.226507 0)
(-0.086789 0.23414 0)
(-0.100076 0.237496 0)
(-0.112683 0.237022 0)
(-0.12445 0.233161 0)
(-0.13528 0.226337 0)
(-0.145125 0.216946 0)
(-0.153979 0.205348 0)
(-0.161864 0.191868 0)
(-0.168824 0.176789 0)
(-0.174916 0.16036 0)
(-0.180203 0.142794 0)
(-0.184751 0.124273 0)
(-0.188623 0.104952 0)
(-0.191874 0.0849613 0)
(-0.19455 0.0644144 0)
(-0.196688 0.0434101 0)
(-0.198306 0.0220381 0)
(-0.199413 0.000383787 0)
(-0.199997 -0.0214668 0)
(-0.200034 -0.0434219 0)
(-0.199479 -0.0653783 0)
(-0.198273 -0.087216 0)
(-0.19634 -0.108793 0)
(-0.193593 -0.129937 0)
(-0.18993 -0.150443 0)
(-0.185244 -0.170065 0)
(-0.179427 -0.188511 0)
(-0.172375 -0.205443 0)
(-0.164 -0.220468 0)
(-0.154242 -0.233142 0)
(-0.143078 -0.242977 0)
(-0.130542 -0.249443 0)
(-0.116735 -0.251985 0)
(-0.101848 -0.25004 0)
(-0.0861662 -0.243066 0)
(-0.0700863 -0.230569 0)
(-0.054116 -0.212141 0)
(-0.0388722 -0.187494 0)
(-0.0250513 -0.156495 0)
(-0.013393 -0.119195 0)
(-0.00485758 -0.0758373 0)
(-0.000758154 -0.0268999 0)
(-0.000685314 0.0274545 0)
(-0.00436166 0.076666 0)
(-0.0119748 0.119676 0)
(-0.0223145 0.156245 0)
(-0.0345042 0.186364 0)
(-0.0478865 0.210201 0)
(-0.0618608 0.228067 0)
(-0.075911 0.240381 0)
(-0.089625 0.247628 0)
(-0.102692 0.25033 0)
(-0.114893 0.249015 0)
(-0.126092 0.244195 0)
(-0.136218 0.236353 0)
(-0.145255 0.22593 0)
(-0.153231 0.213324 0)
(-0.160199 0.198883 0)
(-0.166235 0.182908 0)
(-0.171425 0.165656 0)
(-0.175858 0.147344 0)
(-0.179623 0.128151 0)
(-0.182802 0.108226 0)
(-0.185468 0.08769 0)
(-0.187681 0.0666448 0)
(-0.189488 0.0451751 0)
(-0.190918 0.0233551 0)
(-0.191985 0.00125335 0)
(-0.192682 -0.0210618 0)
(-0.192983 -0.0435165 0)
(-0.192845 -0.0660261 0)
(-0.192201 -0.0884885 0)
(-0.190968 -0.110778 0)
(-0.189042 -0.132737 0)
(-0.186306 -0.154173 0)
(-0.182627 -0.174846 0)
(-0.177869 -0.194465 0)
(-0.171892 -0.212683 0)
(-0.16457 -0.229088 0)
(-0.155797 -0.243206 0)
(-0.145504 -0.254499 0)
(-0.133677 -0.262375 0)
(-0.120378 -0.266196 0)
(-0.105762 -0.265304 0)
(-0.0900956 -0.259043 0)
(-0.0737749 -0.246801 0)
(-0.0573316 -0.228047 0)
(-0.0414338 -0.202382 0)
(-0.026855 -0.169582 0)
(-0.0144343 -0.129635 0)
(-0.00526508 -0.0827624 0)
(-0.00082928 -0.0294659 0)
(-0.000744998 0.0297528 0)
(-0.00470261 0.0828373 0)
(-0.0128394 0.128929 0)
(-0.0237933 0.167777 0)
(-0.0365681 0.199413 0)
(-0.0504191 0.22408 0)
(-0.064681 0.242191 0)
(-0.0787976 0.254271 0)
(-0.0923406 0.26092 0)
(-0.105003 0.262763 0)
(-0.116587 0.26042 0)
(-0.126985 0.254483 0)
(-0.136164 0.245499 0)
(-0.144149 0.233957 0)
(-0.151004 0.22029 0)
(-0.156824 0.204871 0)
(-0.161718 0.188013 0)
(-0.165804 0.169982 0)
(-0.169199 0.150991 0)
(-0.172017 0.131216 0)
(-0.174359 0.110796 0)
(-0.176317 0.0898395 0)
(-0.177964 0.0684337 0)
(-0.179359 0.0466467 0)
(-0.180542 0.0245347 0)
(-0.18153 0.00214695 0)
(-0.182324 -0.0204684 0)
(-0.182899 -0.0432585 0)
(-0.18321 -0.0661602 0)
(-0.183188 -0.0890927 0)
(-0.182741 -0.111951 0)
(-0.181753 -0.134598 0)
(-0.18009 -0.156857 0)
(-0.177596 -0.1785 0)
(-0.174105 -0.199245 0)
(-0.16944 -0.21874 0)
(-0.163431 -0.236562 0)
(-0.155921 -0.252208 0)
(-0.146788 -0.265096 0)
(-0.135961 -0.274568 0)
(-0.123445 -0.2799 0)
(-0.109348 -0.280323 0)
(-0.0939057 -0.275054 0)
(-0.0775006 -0.263336 0)
(-0.060682 -0.24449 0)
(-0.0441683 -0.217974 0)
(-0.0288181 -0.183444 0)
(-0.0155856 -0.1408 0)
(-0.00572196 -0.0902289 0)
(-0.00091045 -0.0322533 0)
(-0.000816027 0.0322396 0)
(-0.0051013 0.0894667 0)
(-0.0138363 0.138783 0)
(-0.025471 0.179929 0)
(-0.0388631 0.212993 0)
(-0.0531643 0.23832 0)
(-0.067637 0.256446 0)
(-0.0816852 0.26804 0)
(-0.0948711 0.273833 0)
(-0.106902 0.274575 0)
(-0.117611 0.270995 0)
(-0.126933 0.26377 0)
(-0.134883 0.253514 0)
(-0.141533 0.240768 0)
(-0.146998 0.225997 0)
(-0.151412 0.209595 0)
(-0.154927 0.191886 0)
(-0.157692 0.173136 0)
(-0.159856 0.153556 0)
(-0.161554 0.13331 0)
(-0.16291 0.112525 0)
(-0.164032 0.0912941 0)
(-0.165008 0.0696867 0)
(-0.165906 0.0477519 0)
(-0.166777 0.0255255 0)
(-0.167645 0.0030354 0)
(-0.168515 -0.0196928 0)
(-0.169367 -0.0426299 0)
(-0.170155 -0.0657367 0)
(-0.170808 -0.0889573 0)
(-0.171229 -0.112212 0)
(-0.171293 -0.135387 0)
(-0.170849 -0.158329 0)
(-0.169721 -0.18083 0)
(-0.167713 -0.20262 0)
(-0.164612 -0.223355 0)
(-0.160199 -0.242605 0)
(-0.154265 -0.259847 0)
(-0.146622 -0.274458 0)
(-0.137131 -0.285717 0)
(-0.125728 -0.292808 0)
(-0.112457 -0.294843 0)
(-0.0975023 -0.290892 0)
(-0.0812185 -0.280027 0)
(-0.0641602 -0.261388 0)
(-0.0470931 -0.234251 0)
(-0.0309669 -0.19811 0)
(-0.016869 -0.15275 0)
(-0.00623943 -0.0982957 0)
(-0.00100419 -0.0352907 0)
(-0.000902061 0.034949 0)
(-0.00557491 0.0966274 0)
(-0.0150017 0.149318 0)
(-0.027397 0.192756 0)
(-0.0414376 0.22711 0)
(-0.0561534 0.252861 0)
(-0.0707279 0.270713 0)
(-0.0845288 0.281504 0)
(-0.0971193 0.286135 0)
(-0.108236 0.285501 0)
(-0.117759 0.280448 0)
(-0.12568 0.271752 0)
(-0.132074 0.260096 0)
(-0.137074 0.246069 0)
(-0.140847 0.230167 0)
(-0.143579 0.212797 0)
(-0.145461 0.194291 0)
(-0.14668 0.174909 0)
(-0.14741 0.154852 0)
(-0.147814 0.13427 0)
(-0.148034 0.113273 0)
(-0.148192 0.0919358 0)
(-0.14839 0.0703073 0)
(-0.148707 0.0484152 0)
(-0.149201 0.0262729 0)
(-0.149903 0.00388518 0)
(-0.150825 -0.0187467 0)
(-0.151949 -0.0416188 0)
(-0.153233 -0.0647185 0)
(-0.154607 -0.0880179 0)
(-0.155969 -0.111465 0)
(-0.15719 -0.134977 0)
(-0.158105 -0.158427 0)
(-0.158522 -0.181635 0)
(-0.158217 -0.204352 0)
(-0.156941 -0.226251 0)
(-0.154429 -0.246906 0)
(-0.15041 -0.265783 0)
(-0.144628 -0.282228 0)
(-0.136862 -0.29546 0)
(-0.126964 -0.304572 0)
(-0.114892 -0.308548 0)
(-0.100757 -0.306293 0)
(-0.0848627 -0.29668 0)
(-0.0677517 -0.278625 0)
(-0.050227 -0.251173 0)
(-0.0333342 -0.213609 0)
(-0.0183136 -0.165551 0)
(-0.00683257 -0.107034 0)
(-0.00111398 -0.0386135 0)
(-0.00100821 0.0379255 0)
(-0.0061466 0.104413 0)
(-0.0163831 0.160629 0)
(-0.0296324 0.206314 0)
(-0.0443472 0.241755 0)
(-0.0594144 0.267617 0)
(-0.0739348 0.284822 0)
(-0.0872492 0.294429 0)
(-0.098939 0.297537 0)
(-0.108791 0.295211 0)
(-0.116752 0.288435 0)
(-0.122891 0.278081 0)
(-0.127359 0.264905 0)
(-0.130356 0.249538 0)
(-0.132113 0.232499 0)
(-0.132868 0.214206 0)
(-0.132855 0.194984 0)
(-0.132296 0.175084 0)
(-0.131395 0.154689 0)
(-0.130334 0.133933 0)
(-0.129272 0.112902 0)
(-0.128345 0.0916494 0)
(-0.127665 0.0702011 0)
(-0.127319 0.0485618 0)
(-0.127371 0.0267211 0)
(-0.127862 0.00465952 0)
(-0.128806 -0.017647 0)
(-0.130192 -0.0402211 0)
(-0.131983 -0.0630783 0)
(-0.134109 -0.0862205 0)
(-0.136473 -0.109628 0)
(-0.138941 -0.13325 0)
(-0.141343 -0.156995 0)
(-0.143472 -0.180717 0)
(-0.145083 -0.204199 0)
(-0.145895 -0.22714 0)
(-0.145597 -0.249132 0)
(-0.143859 -0.269644 0)
(-0.140347 -0.288002 0)
(-0.13475 -0.303377 0)
(-0.126815 -0.314775 0)
(-0.116393 -0.321049 0)
(-0.103492 -0.320921 0)
(-0.0883362 -0.313035 0)
(-0.0714273 -0.296034 0)
(-0.0535889 -0.268675 0)
(-0.0359609 -0.229961 0)
(-0.0199576 -0.17928 0)
(-0.00752204 -0.116531 0)
(-0.00124469 -0.0422664 0)
(-0.00114173 0.0412278 0)
(-0.00684806 0.112943 0)
(-0.0180424 0.172834 0)
(-0.0322528 0.220665 0)
(-0.0476523 0.256898 0)
(-0.0629632 0.282456 0)
(-0.0772061 0.298547 0)
(-0.0897128 0.306505 0)
(-0.10011 0.307673 0)
(-0.108264 0.303309 0)
(-0.114217 0.294544 0)
(-0.118133 0.282354 0)
(-0.120255 0.267556 0)
(-0.120866 0.250819 0)
(-0.120262 0.232675 0)
(-0.118736 0.213536 0)
(-0.116567 0.193717 0)
(-0.114007 0.173447 0)
(-0.111286 0.152888 0)
(-0.108602 0.132146 0)
(-0.106128 0.111283 0)
(-0.104008 0.090328 0)
(-0.102361 0.0692807 0)
(-0.10128 0.0481216 0)
(-0.100833 0.0268161 0)
(-0.101068 0.00532001 0)
(-0.102003 -0.0164161 0)
(-0.103633 -0.0384416 0)
(-0.105928 -0.0608008 0)
(-0.108825 -0.0835264 0)
(-0.112231 -0.106633 0)
(-0.116015 -0.130106 0)
(-0.120007 -0.153894 0)
(-0.123995 -0.177892 0)
(-0.127718 -0.201926 0)
(-0.130871 -0.225733 0)
(-0.133102 -0.248938 0)
(-0.134023 -0.271029 0)
(-0.13322 -0.291333 0)
(-0.130285 -0.308987 0)
(-0.124843 -0.322924 0)
(-0.116611 -0.331868 0)
(-0.10546 -0.334348 0)
(-0.0914936 -0.328746 0)
(-0.0751336 -0.313383 0)
(-0.0571935 -0.286648 0)
(-0.0388974 -0.247173 0)
(-0.0218523 -0.194025 0)
(-0.00833654 -0.126895 0)
(-0.00140338 -0.0463071 0)
(-0.00131327 0.0449346 0)
(-0.00772333 0.122372 0)
(-0.0200616 0.186073 0)
(-0.0353497 0.235864 0)
(-0.0514124 0.272472 0)
(-0.0667892 0.297178 0)
(-0.0804335 0.31157 0)
(-0.0917012 0.317328 0)
(-0.100305 0.316082 0)
(-0.106229 0.309311 0)
(-0.109643 0.298297 0)
(-0.110834 0.284113 0)
(-0.110151 0.267632 0)
(-0.107967 0.249539 0)
(-0.10465 0.230366 0)
(-0.100547 0.210508 0)
(-0.0959728 0.190253 0)
(-0.0912102 0.169801 0)
(-0.0865043 0.149283 0)
(-0.0820661 0.128774 0)
(-0.0780736 0.108307 0)
(-0.0746752 0.0878815 0)
(-0.0719916 0.0674723 0)
(-0.0701181 0.0470344 0)
(-0.0691261 0.0265094 0)
(-0.0690641 0.0058289 0)
(-0.0699575 -0.0150808 0)
(-0.0718081 -0.0362949 0)
(-0.0745921 -0.0578856 0)
(-0.0782574 -0.0799167 0)
(-0.0827202 -0.102437 0)
(-0.0878599 -0.125472 0)
(-0.0935141 -0.149013 0)
(-0.0994727 -0.173003 0)
(-0.105472 -0.197319 0)
(-0.111191 -0.221752 0)
(-0.116248 -0.245976 0)
(-0.120203 -0.26952 0)
(-0.12257 -0.291734 0)
(-0.122832 -0.311748 0)
(-0.120483 -0.328442 0)
(-0.115078 -0.340426 0)
(-0.106312 -0.346034 0)
(-0.0941158 -0.343361 0)
(-0.0787752 -0.330345 0)
(-0.0610441 -0.30492 0)
(-0.0422035 -0.265229 0)
(-0.0240658 -0.209886 0)
(-0.00931666 -0.138263 0)
(-0.00160045 -0.0508116 0)
(-0.00153887 0.0491526 0)
(-0.00883492 0.1329 0)
(-0.0225483 0.200512 0)
(-0.0390304 0.25195 0)
(-0.0556743 0.288344 0)
(-0.0708285 0.311483 0)
(-0.0834137 0.323454 0)
(-0.0928642 0.326368 0)
(-0.099037 0.322191 0)
(-0.102085 0.312637 0)
(-0.102344 0.29914 0)
(-0.100249 0.282854 0)
(-0.096272 0.264683 0)
(-0.0908789 0.245313 0)
(-0.0845071 0.22525 0)
(-0.0775513 0.204856 0)
(-0.0703585 0.184379 0)
(-0.0632279 0.163977 0)
(-0.0564135 0.143743 0)
(-0.0501285 0.123714 0)
(-0.0445495 0.103892 0)
(-0.0398215 0.084246 0)
(-0.0360614 0.0647237 0)
(-0.0333617 0.0452564 0)
(-0.0317927 0.0257625 0)
(-0.0314039 0.00615195 0)
(-0.0322248 -0.0136714 0)
(-0.0342638 -0.0338062 0)
(-0.0375071 -0.0543504 0)
(-0.0419154 -0.075397 0)
(-0.0474197 -0.0970286 0)
(-0.0539161 -0.11931 0)
(-0.0612585 -0.142279 0)
(-0.0692511 -0.165931 0)
(-0.0776395 -0.190203 0)
(-0.0861019 -0.214952 0)
(-0.0942414 -0.23992 0)
(-0.101582 -0.264701 0)
(-0.107572 -0.288696 0)
(-0.111595 -0.311064 0)
(-0.113001 -0.330668 0)
(-0.111162 -0.346029 0)
(-0.105552 -0.355302 0)
(-0.0958695 -0.356279 0)
(-0.082185 -0.346464 0)
(-0.0651164 -0.323229 0)
(-0.0459467 -0.28407 0)
(-0.0266896 -0.226971 0)
(-0.010521 -0.150812 0)
(-0.00185182 -0.0558824 0)
(-0.00184371 0.0540299 0)
(-0.0102736 0.144786 0)
(-0.0256452 0.216338 0)
(-0.043413 0.268915 0)
(-0.0604461 0.304274 0)
(-0.0749183 0.324921 0)
(-0.0857867 0.333595 0)
(-0.0926499 0.332937 0)
(-0.0955893 0.325288 0)
(-0.0949896 0.312604 0)
(-0.091396 0.29645 0)
(-0.0854137 0.278032 0)
(-0.0776439 0.258254 0)
(-0.0686451 0.237769 0)
(-0.058915 0.217034 0)
(-0.0488836 0.196356 0)
(-0.0389151 0.175928 0)
(-0.0293127 0.155855 0)
(-0.0203262 0.136183 0)
(-0.0121596 0.11691 0)
(-0.00497815 0.098 0)
(0.00108486 0.0793937 0)
(0.00592289 0.061013 0)
(0.00945176 0.0427664 0)
(0.0116064 0.0245524 0)
(0.012339 0.00626183 0)
(0.0116177 -0.01222 0)
(0.00942729 -0.0310115 0)
(0.00577057 -0.0502328 0)
(0.000671221 -0.0700026 0)
(-0.00582173 -0.0904345 0)
(-0.0136278 -0.111631 0)
(-0.0226272 -0.133675 0)
(-0.0326509 -0.156618 0)
(-0.0434692 -0.180464 0)
(-0.0547785 -0.205144 0)
(-0.0661879 -0.230488 0)
(-0.0772071 -0.256181 0)
(-0.0872391 -0.281711 0)
(-0.0955819 -0.306306 0)
(-0.101448 -0.328861 0)
(-0.104008 -0.34786 0)
(-0.102477 -0.361312 0)
(-0.0962459 -0.366719 0)
(-0.0850743 -0.361105 0)
(-0.0693287 -0.341166 0)
(-0.0501938 -0.303564 0)
(-0.0298449 -0.24539 0)
(-0.0120359 -0.164767 0)
(-0.0021828 -0.0616616 0)
(-0.00226894 0.0597771 0)
(-0.0121739 0.15837 0)
(-0.029538 0.233744 0)
(-0.0486103 0.28666 0)
(-0.0656474 0.319848 0)
(-0.0787172 0.33682 0)
(-0.0869379 0.341166 0)
(-0.0902014 0.336149 0)
(-0.0889186 0.324511 0)
(-0.0837775 0.308426 0)
(-0.0755707 0.289549 0)
(-0.0650883 0.269091 0)
(-0.0530573 0.247906 0)
(-0.0401146 0.226578 0)
(-0.0267987 0.205484 0)
(-0.0135545 0.184853 0)
(-0.000742962 0.164806 0)
(0.011347 0.145388 0)
(0.0224859 0.12659 0)
(0.0324925 0.108367 0)
(0.0412241 0.0906483 0)
(0.0485684 0.0733457 0)
(0.0544366 0.0563578 0)
(0.0587585 0.0395739 0)
(0.0614787 0.0228764 0)
(0.062554 0.00614185 0)
(0.0619522 -0.0107585 0)
(0.0596521 -0.0279578 0)
(0.0556446 -0.0455929 0)
(0.0499353 -0.0638031 0)
(0.0425494 -0.0827277 0)
(0.033537 -0.102502 0)
(0.0229823 -0.123253 0)
(0.0110144 -0.145085 0)
(-0.00217911 -0.168071 0)
(-0.0163347 -0.192227 0)
(-0.0310942 -0.217483 0)
(-0.0459835 -0.243639 0)
(-0.0603934 -0.270308 0)
(-0.0735662 -0.29684 0)
(-0.0845963 -0.322223 0)
(-0.0924581 -0.344979 0)
(-0.0960772 -0.363041 0)
(-0.0944663 -0.373663 0)
(-0.086951 -0.373381 0)
(-0.0734855 -0.35811 0)
(-0.0549886 -0.323447 0)
(-0.0336895 -0.265231 0)
(-0.0139912 -0.180419 0)
(-0.00263515 -0.0683516 0)
(-0.00288451 0.0667016 0)
(-0.0147396 0.174085 0)
(-0.0344605 0.252895 0)
(-0.0546852 0.304908 0)
(-0.0710121 0.334368 0)
(-0.0815689 0.346195 0)
(-0.0858453 0.345047 0)
(-0.0842077 0.334886 0)
(-0.0775221 0.318837 0)
(-0.0668494 0.299234 0)
(-0.0532544 0.277743 0)
(-0.0377059 0.255506 0)
(-0.0210347 0.233271 0)
(-0.00392464 0.211504 0)
(0.0130766 0.190471 0)
(0.0295401 0.170299 0)
(0.045135 0.151025 0)
(0.0596092 0.132626 0)
(0.0727722 0.115038 0)
(0.0844806 0.0981727 0)
(0.0946261 0.0819254 0)
(0.103127 0.0661826 0)
(0.109918 0.0508243 0)
(0.11495 0.0357257 0)
(0.118181 0.0207583 0)
(0.119576 0.00578972 0)
(0.119104 -0.00931665 0)
(0.116739 -0.0247024 0)
(0.11246 -0.0405146 0)
(0.106253 -0.0569059 0)
(0.0981168 -0.0740344 0)
(0.0880656 -0.0920617 0)
(0.0761398 -0.11115 0)
(0.0624159 -0.131453 0)
(0.0470223 -0.15311 0)
(0.0301585 -0.176223 0)
(0.0121191 -0.200831 0)
(-0.00667673 -0.22687 0)
(-0.0256533 -0.254113 0)
(-0.0440463 -0.282083 0)
(-0.0608787 -0.309944 0)
(-0.0749585 -0.336349 0)
(-0.0849202 -0.35927 0)
(-0.0893417 -0.375812 0)
(-0.0869826 -0.382071 0)
(-0.0771725 -0.373116 0)
(-0.0602992 -0.343226 0)
(-0.0384177 -0.28652 0)
(-0.0165852 -0.198142 0)
(-0.00328049 -0.0762508 0)
(-0.00381327 0.075269 0)
(-0.0182819 0.192482 0)
(-0.0406805 0.273844 0)
(-0.0615462 0.323048 0)
(-0.0759021 0.346693 0)
(-0.0822724 0.351615 0)
(-0.0808452 0.343753 0)
(-0.0726941 0.327779 0)
(-0.0592697 0.307115 0)
(-0.0420517 0.284131 0)
(-0.0223679 0.260386 0)
(-0.00132714 0.236858 0)
(0.0201874 0.214117 0)
(0.0414962 0.192462 0)
(0.06209 0.172018 0)
(0.0815958 0.152795 0)
(0.0997451 0.134738 0)
(0.116348 0.117752 0)
(0.131273 0.10172 0)
(0.14443 0.0865147 0)
(0.155754 0.0720044 0)
(0.165204 0.0580557 0)
(0.172745 0.0445359 0)
(0.178352 0.0313124 0)
(0.182001 0.0182522 0)
(0.183666 0.00522084 0)
(0.183322 -0.00791964 0)
(0.180938 -0.021312 0)
(0.176482 -0.0351057 0)
(0.169923 -0.0494588 0)
(0.161228 -0.0645388 0)
(0.150376 -0.0805237 0)
(0.137355 -0.097601 0)
(0.12218 -0.115965 0)
(0.104905 -0.13581 0)
(0.0856425 -0.157318 0)
(0.0645914 -0.180639 0)
(0.0420714 -0.205855 0)
(0.0185674 -0.232922 0)
(-0.00521923 -0.261591 0)
(-0.0283172 -0.291279 0)
(-0.0494412 -0.320897 0)
(-0.066981 -0.348607 0)
(-0.0790664 -0.371546 0)
(-0.0837761 -0.385512 0)
(-0.0795638 -0.384754 0)
(-0.0658993 -0.362017 0)
(-0.0442364 -0.309112 0)
(-0.0201213 -0.218399 0)
(-0.00424507 -0.0858144 0)
(-0.00527451 0.0862079 0)
(-0.0232683 0.214213 0)
(-0.0484247 0.296337 0)
(-0.0687098 0.339875 0)
(-0.0789597 0.355006 0)
(-0.0787021 0.351063 0)
(-0.0692845 0.335388 0)
(-0.0527434 0.313244 0)
(-0.0312045 0.288147 0)
(-0.00655046 0.2623 0)
(0.0196976 0.236998 0)
(0.0463793 0.212938 0)
(0.0726455 0.190442 0)
(0.0978963 0.169599 0)
(0.121722 0.150371 0)
(0.143851 0.132645 0)
(0.164114 0.116275 0)
(0.182408 0.101101 0)
(0.198677 0.0869598 0)
(0.212896 0.0736946 0)
(0.225057 0.0611541 0)
(0.235159 0.0491944 0)
(0.243205 0.037678 0)
(0.249197 0.0264719 0)
(0.253129 0.015446 0)
(0.25499 0.00447048 0)
(0.254758 -0.00658656 0)
(0.252401 -0.0178616 0)
(0.24788 -0.0294984 0)
(0.241143 -0.041651 0)
(0.232133 -0.0544863 0)
(0.220787 -0.0681868 0)
(0.207044 -0.0829525 0)
(0.190851 -0.0990018 0)
(0.172176 -0.11657 0)
(0.151027 -0.135905 0)
(0.127477 -0.157253 0)
(0.101704 -0.180835 0)
(0.074036 -0.206805 0)
(0.0450253 -0.235173 0)
(0.015527 -0.265684 0)
(-0.0132061 -0.297632 0)
(-0.0394403 -0.329573 0)
(-0.0609298 -0.35893 0)
(-0.0750297 -0.381496 0)
(-0.0790757 -0.390901 0)
(-0.0711127 -0.378275 0)
(-0.0512709 -0.332486 0)
(-0.0250516 -0.241712 0)
(-0.00575393 -0.0977611 0)
(-0.0076544 0.100683 0)
(-0.030355 0.23992 0)
(-0.0576314 0.319433 0)
(-0.0747828 0.353155 0)
(-0.0774705 0.356503 0)
(-0.0672014 0.341804 0)
(-0.0470325 0.317672 0)
(-0.0201541 0.28961 0)
(0.0106617 0.260865 0)
(0.0432628 0.233193 0)
(0.0760965 0.207436 0)
(0.108101 0.1839 0)
(0.138585 0.162596 0)
(0.167123 0.143386 0)
(0.193471 0.126065 0)
(0.217508 0.110406 0)
(0.239194 0.096185 0)
(0.258533 0.0831923 0)
(0.275559 0.0712349 0)
(0.290318 0.0601385 0)
(0.302858 0.0497449 0)
(0.313228 0.0399098 0)
(0.321465 0.0305001 0)
(0.327597 0.0213907 0)
(0.33164 0.0124613 0)
(0.333594 0.00359418 0)
(0.333446 -0.00532973 0)
(0.331164 -0.0144334 0)
(0.326702 -0.0238469 0)
(0.319993 -0.0337115 0)
(0.310957 -0.0441827 0)
(0.299496 -0.0554346 0)
(0.285501 -0.0676643 0)
(0.268852 -0.0810961 0)
(0.24943 -0.0959848 0)
(0.22713 -0.112617 0)
(0.201881 -0.131312 0)
(0.173678 -0.152404 0)
(0.142637 -0.176228 0)
(0.109066 -0.203056 0)
(0.0735662 -0.233006 0)
(0.0371774 -0.265864 0)
(0.00154018 -0.300786 0)
(-0.0309366 -0.335825 0)
(-0.0570038 -0.367222 0)
(-0.0727594 -0.38848 0)
(-0.0742783 -0.389363 0)
(-0.059284 -0.355325 0)
(-0.0319917 -0.268524 0)
(-0.00819914 -0.113242 0)
(-0.0115741 0.120523 0)
(-0.0402531 0.269849 0)
(-0.0672413 0.340745 0)
(-0.0763672 0.358994 0)
(-0.0662428 0.347103 0)
(-0.0416697 0.320412 0)
(-0.00785726 0.288177 0)
(0.0309108 0.255446 0)
(0.0714896 0.224672 0)
(0.111771 0.196835 0)
(0.150443 0.172147 0)
(0.186754 0.150448 0)
(0.220316 0.131423 0)
(0.250977 0.114719 0)
(0.278721 0.0999917 0)
(0.303614 0.0869284 0)
(0.325761 0.0752569 0)
(0.345285 0.0647416 0)
(0.362308 0.0551804 0)
(0.376949 0.0463994 0)
(0.38931 0.0382474 0)
(0.39948 0.0305913 0)
(0.40753 0.0233117 0)
(0.413513 0.0162991 0)
(0.417461 0.0094504 0)
(0.419388 0.00266544 0)
(0.419286 -0.00415581 0)
(0.417127 -0.0111167 0)
(0.41286 -0.018327 0)
(0.406411 -0.0259068 0)
(0.397681 -0.0339907 0)
(0.386546 -0.0427323 0)
(0.372857 -0.0523101 0)
(0.356439 -0.0629336 0)
(0.337093 -0.0748513 0)
(0.314607 -0.0883578 0)
(0.288762 -0.103802 0)
(0.259359 -0.12159 0)
(0.226256 -0.142185 0)
(0.189437 -0.166083 0)
(0.149114 -0.19376 0)
(0.105893 -0.22554 0)
(0.0610079 -0.261345 0)
(0.0166346 -0.300211 0)
(-0.0237728 -0.339448 0)
(-0.0552836 -0.373291 0)
(-0.0716707 -0.390993 0)
(-0.0669124 -0.374742 0)
(-0.0415363 -0.298749 0)
(-0.0121936 -0.134045 0)
(-0.0177485 0.14855 0)
(-0.0528821 0.30281 0)
(-0.0732995 0.355066 0)
(-0.0658499 0.351045 0)
(-0.0357681 0.321364 0)
(0.00765744 0.283172 0)
(0.0572144 0.244934 0)
(0.108135 0.210188 0)
(0.157552 0.179982 0)
(0.203924 0.154244 0)
(0.246547 0.132471 0)
(0.285207 0.114049 0)
(0.319959 0.0983955 0)
(0.350993 0.0850024 0)
(0.378553 0.0734466 0)
(0.4029 0.0633823 0)
(0.424283 0.0545285 0)
(0.442929 0.0466569 0)
(0.45904 0.0395806 0)
(0.472792 0.0331449 0)
(0.484329 0.0272199 0)
(0.493771 0.0216943 0)
(0.501214 0.0164711 0)
(0.506726 0.0114627 0)
(0.510354 0.00658819 0)
(0.512121 0.00176996 0)
(0.512025 -0.00306911 0)
(0.510041 -0.00800846 0)
(0.506119 -0.0131328 0)
(0.500183 -0.0185356 0)
(0.492125 -0.0243226 0)
(0.481808 -0.030617 0)
(0.469057 -0.0375648 0)
(0.45366 -0.0453423 0)
(0.435362 -0.0541652 0)
(0.413866 -0.0643001 0)
(0.388828 -0.076079 0)
(0.359869 -0.0899153 0)
(0.326591 -0.106322 0)
(0.288619 -0.125924 0)
(0.245676 -0.149458 0)
(0.197731 -0.177725 0)
(0.145252 -0.21144 0)
(0.0896122 -0.250872 0)
(0.0336957 -0.295039 0)
(-0.0173564 -0.340117 0)
(-0.0554204 -0.376583 0)
(-0.0697303 -0.384945 0)
(-0.0532976 -0.330658 0)
(-0.0183758 -0.162888 0)
(-0.0258806 0.189372 0)
(-0.0643844 0.333672 0)
(-0.0643981 0.351754 0)
(-0.0272763 0.319467 0)
(0.0304606 0.272792 0)
(0.0955016 0.227022 0)
(0.160221 0.187481 0)
(0.220819 0.155021 0)
(0.275751 0.128865 0)
(0.324688 0.107854 0)
(0.367882 0.0908881 0)
(0.405821 0.0770606 0)
(0.439056 0.0656606 0)
(0.468119 0.0561448 0)
(0.49349 0.0481 0)
(0.515586 0.0412118 0)
(0.534762 0.0352383 0)
(0.551318 0.0299916 0)
(0.565504 0.0253238 0)
(0.577523 0.0211161 0)
(0.587545 0.0172714 0)
(0.595702 0.0137089 0)
(0.602098 0.010359 0)
(0.606811 0.00716032 0)
(0.609892 0.00405691 0)
(0.611368 0.000995554 0)
(0.611244 -0.00207622 0)
(0.609498 -0.00521238 0)
(0.606086 -0.00847062 0)
(0.600934 -0.0119149 0)
(0.593939 -0.0156186 0)
(0.584964 -0.0196682 0)
(0.573833 -0.0241681 0)
(0.560321 -0.0292472 0)
(0.544153 -0.0350675 0)
(0.524987 -0.0418359 0)
(0.502407 -0.0498202 0)
(0.475911 -0.0593716 0)
(0.444905 -0.070954 0)
(0.408698 -0.0851835 0)
(0.366533 -0.102875 0)
(0.317653 -0.125085 0)
(0.261481 -0.15312 0)
(0.197986 -0.188412 0)
(0.128395 -0.232032 0)
(0.0564305 -0.283308 0)
(-0.00983734 -0.336564 0)
(-0.0558663 -0.374863 0)
(-0.0627813 -0.358347 0)
(-0.0261686 -0.204117 0)
(-0.0296293 0.246724 0)
(-0.0583989 0.346547 0)
(-0.0119576 0.311495 0)
(0.0703986 0.251533 0)
(0.159094 0.196214 0)
(0.242193 0.152098 0)
(0.31563 0.118865 0)
(0.37876 0.0942148 0)
(0.432448 0.0758296 0)
(0.478012 0.0619134 0)
(0.516752 0.051184 0)
(0.549797 0.0427495 0)
(0.57808 0.0359911 0)
(0.602355 0.0304767 0)
(0.623226 0.0259002 0)
(0.641176 0.0220407 0)
(0.656591 0.0187358 0)
(0.669781 0.0158639 0)
(0.680996 0.0133319 0)
(0.690434 0.0110671 0)
(0.698254 0.00901135 0)
(0.704582 0.00711693 0)
(0.709514 0.0053437 0)
(0.713121 0.00365666 0)
(0.71545 0.00202421 0)
(0.716529 0.000416633 0)
(0.716363 -0.00119525 0)
(0.714937 -0.00284139 0)
(0.712214 -0.00455387 0)
(0.708134 -0.00636847 0)
(0.702609 -0.00832652 0)
(0.695519 -0.0104773 0)
(0.686709 -0.0128813 0)
(0.675979 -0.0156144 0)
(0.663073 -0.018774 0)
(0.647667 -0.0224877 0)
(0.629349 -0.0269264 0)
(0.607597 -0.0323227 0)
(0.581746 -0.0390001 0)
(0.55095 -0.047417 0)
(0.514142 -0.0582336 0)
(0.469997 -0.0724113 0)
(0.416932 -0.0913509 0)
(0.353236 -0.11705 0)
(0.277534 -0.152157 0)
(0.18996 -0.199439 0)
(0.0943121 -0.259599 0)
(0.00284632 -0.325581 0)
(-0.0528309 -0.364955 0)
(-0.0285072 -0.260371 0)
(0.0100401 0.28671 0)
(0.0248623 0.299723 0)
(0.150353 0.214158 0)
(0.281623 0.145882 0)
(0.387786 0.100249 0)
(0.47134 0.070551 0)
(0.537221 0.051291 0)
(0.589414 0.0385743 0)
(0.631223 0.0298981 0)
(0.665178 0.0237552 0)
(0.693116 0.0192485 0)
(0.716359 0.0158343 0)
(0.735869 0.0131737 0)
(0.752358 0.011049 0)
(0.766358 0.00931518 0)
(0.778273 0.00787285 0)
(0.788416 0.00665166 0)
(0.797029 0.00560045 0)
(0.804301 0.00468108 0)
(0.810382 0.00386432 0)
(0.81539 0.00312724 0)
(0.819416 0.00245131 0)
(0.822529 0.00182112 0)
(0.824781 0.0012234 0)
(0.826207 0.000646293 0)
(0.826827 7.87023e-05 0)
(0.826645 -0.000490206 0)
(0.825652 -0.00107155 0)
(0.823823 -0.00167725 0)
(0.821118 -0.00232069 0)
(0.817475 -0.0030174 0)
(0.812811 -0.00378612 0)
(0.807018 -0.0046501 0)
(0.799952 -0.00563894 0)
(0.791427 -0.00679132 0)
(0.781204 -0.008159 0)
(0.768968 -0.00981303 0)
(0.75431 -0.0118535 0)
(0.736682 -0.0144259 0)
(0.71535 -0.0177481 0)
(0.68931 -0.0221588 0)
(0.657167 -0.0282038 0)
(0.616967 -0.0367923 0)
(0.565963 -0.0494769 0)
(0.500472 -0.0689028 0)
(0.415933 -0.0993375 0)
(0.306696 -0.146963 0)
(0.169408 -0.218966 0)
(0.0356164 -0.308497 0)
(0.0145891 -0.294729 0)
(0.301251 0.14701 0)
(0.400424 0.127488 0)
(0.564643 0.0751789 0)
(0.682464 0.0427889 0)
(0.752591 0.0251228 0)
(0.797597 0.0154523 0)
(0.828866 0.0100763 0)
(0.851606 0.00698491 0)
(0.868782 0.00510837 0)
(0.88219 0.00389659 0)
(0.892926 0.00306678 0)
(0.901682 0.00246899 0)
(0.908923 0.00201998 0)
(0.914971 0.00167111 0)
(0.920056 0.0013924 0)
(0.924347 0.00116445 0)
(0.927972 0.000974136 0)
(0.931029 0.000812244 0)
(0.933593 0.000672081 0)
(0.935722 0.000548637 0)
(0.937462 0.000438051 0)
(0.938848 0.000337258 0)
(0.939907 0.000243744 0)
(0.940658 0.000155369 0)
(0.941115 7.02389e-05 0)
(0.941285 -1.34042e-05 0)
(0.94117 -9.72693e-05 0)
(0.940767 -0.000183116 0)
(0.940067 -0.000272836 0)
(0.939054 -0.000368562 0)
(0.937705 -0.000472802 0)
(0.935989 -0.000588612 0)
(0.933865 -0.00071984 0)
(0.931277 -0.00087147 0)
(0.928154 -0.00105014 0)
(0.924401 -0.00126494 0)
(0.919894 -0.00152873 0)
(0.914466 -0.00186029 0)
(0.907887 -0.00228826 0)
(0.899841 -0.00285849 0)
(0.889867 -0.0036485 0)
(0.87728 -0.00479728 0)
(0.860999 -0.00656845 0)
(0.839242 -0.00948378 0)
(0.809014 -0.0145901 0)
(0.765011 -0.0239422 0)
(0.695657 -0.0414637 0)
(0.577236 -0.074311 0)
(0.408944 -0.128032 0)
(0.304996 -0.148435 0)
)
;

boundaryField
{
    movingWall
    {
        type            fixedValue;
        value           uniform (1 0 0);
    }
    fixedWalls
    {
        type            noSlip;
    }
    frontAndBack
    {
        type            empty;
    }
}


// ************************************************************************* //
