/*--------------------------------*- C++ -*----------------------------------*\
| =========                 |                                                 |
| \\      /  F ield         | OpenFOAM: The Open Source CFD Toolbox           |
|  \\    /   O peration     | Version:  v2012                                 |
|   \\  /    A nd           | Website:  www.openfoam.com                      |
|    \\/     M anipulation  |                                                 |
\*---------------------------------------------------------------------------*/
FoamFile
{
    version     2.0;
    format      ascii;
    class       surfaceScalarField;
    location    "0.2";
    object      phi;
}
// * * * * * * * * * * * * * * * * * * * * * * * * * * * * * * * * * * * * * //

dimensions      [0 3 -1 0 0 0 0];
oriented        oriented;


internalField   nonuniform List<scalar> 
4900
(
1.18528e-09
-1.17797e-09
2.41955e-09
-1.23426e-09
2.51718e-09
-9.76398e-11
1.03911e-09
1.47805e-09
-2.09545e-09
3.13455e-09
-6.79881e-09
4.70334e-09
-1.29009e-08
6.10208e-09
-2.01942e-08
7.2933e-09
-2.8457e-08
8.26282e-09
-3.74656e-08
9.00858e-09
-4.70009e-08
9.53527e-09
-5.68523e-08
9.85146e-09
-6.68203e-08
9.96802e-09
-7.67175e-08
9.89718e-09
-8.63695e-08
9.65202e-09
-9.56156e-08
9.24608e-09
-1.04309e-07
8.69317e-09
-1.12316e-07
8.00726e-09
-1.19518e-07
7.2024e-09
-1.25811e-07
6.29278e-09
-1.31104e-07
5.29268e-09
-1.3532e-07
4.21659e-09
-1.384e-07
3.07924e-09
-1.40295e-07
1.89568e-09
-1.40977e-07
6.81372e-10
-1.40429e-07
-5.47813e-10
-1.38653e-07
-1.77551e-09
-1.35669e-07
-2.98487e-09
-1.3151e-07
-4.15858e-09
-1.26231e-07
-5.2789e-09
-1.19903e-07
-6.32776e-09
-1.12616e-07
-7.28692e-09
-1.04478e-07
-8.13809e-09
-9.56151e-08
-8.86317e-09
-8.61706e-08
-9.44449e-09
-7.63055e-08
-9.86508e-09
-6.61965e-08
-1.0109e-08
-5.60348e-08
-1.01617e-08
-4.60243e-08
-1.00105e-08
-3.63795e-08
-9.6448e-09
-2.73224e-08
-9.05703e-09
-1.90791e-08
-8.24338e-09
-1.18738e-08
-7.20532e-09
-5.92156e-09
-5.9522e-09
-1.41521e-09
-4.50639e-09
1.49863e-09
-2.91393e-09
2.76348e-09
-1.26491e-09
2.49555e-09
2.68062e-10
1.1739e-09
1.32201e-09
1.17424e-09
1.25254e-09
-2.43052e-09
1.4505e-09
-1.43225e-09
-1.15782e-09
2.51067e-09
-7.37804e-09
7.69826e-09
-1.746e-08
1.32165e-08
-3.12956e-08
1.85389e-08
-4.85596e-08
2.33662e-08
-6.88028e-08
2.75365e-08
-9.15096e-08
3.09697e-08
-1.16135e-07
3.36339e-08
-1.42127e-07
3.55276e-08
-1.68944e-07
3.66681e-08
-1.96061e-07
3.70851e-08
-2.2298e-07
3.68165e-08
-2.49233e-07
3.59053e-08
-2.74385e-07
3.4398e-08
-2.98036e-07
3.23436e-08
-3.19821e-07
2.97925e-08
-3.39415e-07
2.67965e-08
-3.5653e-07
2.34082e-08
-3.70919e-07
1.96812e-08
-3.82372e-07
1.567e-08
-3.90723e-07
1.14305e-08
-3.95847e-07
7.01949e-09
-3.97661e-07
2.49555e-09
-3.96128e-07
-2.08136e-09
-3.91254e-07
-6.64958e-09
-3.83093e-07
-1.11459e-08
-3.71746e-07
-1.55055e-08
-3.57362e-07
-1.96625e-08
-3.4014e-07
-2.35499e-08
-3.20327e-07
-2.71006e-08
-2.98217e-07
-3.02477e-08
-2.74155e-07
-3.29254e-08
-2.48529e-07
-3.50702e-08
-2.21772e-07
-3.66219e-08
-1.94357e-07
-3.75246e-08
-1.6679e-07
-3.77287e-08
-1.39608e-07
-3.71927e-08
-1.13368e-07
-3.58849e-08
-8.86379e-08
-3.37868e-08
-6.59842e-08
-3.08971e-08
-4.59518e-08
-2.72378e-08
-2.90397e-08
-2.28642e-08
-1.56633e-08
-1.78827e-08
-6.09671e-09
-1.24805e-08
-3.83048e-10
-6.97877e-09
1.8032e-09
-1.91871e-09
1.33328e-09
1.79133e-09
2.5078e-09
1.55776e-10
-2.58631e-09
-2.40141e-09
1.12489e-09
-9.34422e-09
9.45344e-09
-2.15088e-08
1.98629e-08
-3.91608e-08
3.08685e-08
-6.21538e-08
4.15319e-08
-9.00585e-08
5.12709e-08
-1.22264e-07
5.97417e-08
-1.58048e-07
6.67538e-08
-1.9663e-07
7.2216e-08
-2.37205e-07
7.6103e-08
-2.7897e-07
7.84333e-08
-3.21141e-07
7.92556e-08
-3.62963e-07
7.86391e-08
-4.03725e-07
7.66671e-08
-4.4276e-07
7.34326e-08
-4.79452e-07
6.90357e-08
-5.1324e-07
6.35812e-08
-5.43622e-07
5.71779e-08
-5.70151e-07
4.99373e-08
-5.92444e-07
4.19738e-08
-6.10178e-07
3.34043e-08
-6.23096e-07
2.43483e-08
-6.31005e-07
1.49285e-08
-6.3378e-07
5.27029e-09
-6.31364e-07
-4.49737e-09
-6.23771e-07
-1.42424e-08
-6.11087e-07
-2.38296e-08
-5.93472e-07
-3.31207e-08
-5.71159e-07
-4.19757e-08
-5.44456e-07
-5.02527e-08
-5.13746e-07
-5.78101e-08
-4.79487e-07
-6.45073e-08
-4.42205e-07
-7.0207e-08
-4.02498e-07
-7.47772e-08
-3.61026e-07
-7.80938e-08
-3.18507e-07
-8.00438e-08
-2.75707e-07
-8.05284e-08
-2.33433e-07
-7.94672e-08
-1.92514e-07
-7.68036e-08
-1.5379e-07
-7.25113e-08
-1.18084e-07
-6.66031e-08
-8.61775e-08
-5.91443e-08
-5.87701e-08
-5.02717e-08
-3.64278e-08
-4.0225e-08
-1.95121e-08
-2.9396e-08
-8.08353e-09
-1.8407e-08
-1.78087e-09
-8.2213e-09
3.29258e-10
-3.19173e-10
2.83714e-09
-1.37602e-09
-1.21031e-09
-7.51871e-09
7.26755e-09
-1.96954e-08
2.16301e-08
-3.85465e-08
3.8714e-08
-6.4217e-08
5.6539e-08
-9.64586e-08
7.37736e-08
-1.34729e-07
8.95416e-08
-1.7828e-07
1.03293e-07
-2.26228e-07
1.14701e-07
-2.77607e-07
1.23595e-07
-3.31414e-07
1.2991e-07
-3.86639e-07
1.33658e-07
-4.42285e-07
1.34902e-07
-4.97391e-07
1.33745e-07
-5.51042e-07
1.30318e-07
-6.02378e-07
1.24769e-07
-6.50603e-07
1.17261e-07
-6.9499e-07
1.07968e-07
-7.34883e-07
9.70706e-08
-7.69702e-07
8.4757e-08
-7.98949e-07
7.12202e-08
-8.22203e-07
5.66584e-08
-8.39129e-07
4.12747e-08
-8.49478e-07
2.52774e-08
-8.53088e-07
8.88027e-09
-8.49888e-07
-7.69789e-09
-8.39897e-07
-2.42328e-08
-8.23231e-07
-4.04953e-08
-8.001e-07
-5.6252e-08
-7.7081e-07
-7.12661e-08
-7.35763e-07
-8.52996e-08
-6.95459e-07
-9.81145e-08
-6.5049e-07
-1.09476e-07
-6.01541e-07
-1.19156e-07
-5.49382e-07
-1.26936e-07
-4.94863e-07
-1.32612e-07
-4.38907e-07
-1.36001e-07
-3.82492e-07
-1.36943e-07
-3.26643e-07
-1.35315e-07
-2.72413e-07
-1.31034e-07
-2.20853e-07
-1.24071e-07
-1.72993e-07
-1.14463e-07
-1.29799e-07
-1.02338e-07
-9.2132e-08
-8.79391e-08
-6.06884e-08
-7.16688e-08
-3.59328e-08
-5.41517e-08
-1.80126e-08
-3.63271e-08
-6.66584e-09
-1.95679e-08
-1.12775e-09
-5.85737e-09
1.70935e-09
-3.01791e-09
1.80759e-09
-1.3101e-08
1.73505e-08
-3.09605e-08
3.94896e-08
-5.69052e-08
6.46586e-08
-9.08584e-08
9.04923e-08
-1.32407e-07
1.15323e-07
-1.80868e-07
1.38002e-07
-2.35353e-07
1.57777e-07
-2.94831e-07
1.74179e-07
-3.58181e-07
1.86946e-07
-4.24236e-07
1.95965e-07
-4.91813e-07
2.01235e-07
-5.59745e-07
2.02833e-07
-6.26896e-07
2.00897e-07
-6.92185e-07
1.95607e-07
-7.54591e-07
1.87175e-07
-8.13166e-07
1.75836e-07
-8.67041e-07
1.61843e-07
-9.15435e-07
1.45464e-07
-9.57655e-07
1.26977e-07
-9.93102e-07
1.06667e-07
-1.02127e-06
8.48311e-08
-1.04177e-06
6.17723e-08
-1.0543e-06
3.78019e-08
-1.05866e-06
1.32393e-08
-1.05477e-06
-1.15884e-08
-1.04265e-06
-3.63466e-08
-1.02245e-06
-6.06935e-08
-9.94423e-07
-8.42819e-08
-9.58929e-07
-1.0676e-07
-9.16453e-07
-1.27775e-07
-8.67592e-07
-1.46976e-07
-8.13054e-07
-1.64015e-07
-7.53652e-07
-1.78558e-07
-6.90304e-07
-1.90285e-07
-6.24017e-07
-1.98899e-07
-5.55881e-07
-2.04136e-07
-4.87055e-07
-2.0577e-07
-4.18742e-07
-2.03628e-07
-3.52177e-07
-1.976e-07
-2.88591e-07
-1.87657e-07
-2.29185e-07
-1.7387e-07
-1.75083e-07
-1.56439e-07
-1.27295e-07
-1.35727e-07
-8.66545e-08
-1.1231e-07
-5.37602e-08
-8.70461e-08
-2.89118e-08
-6.11755e-08
-1.20486e-08
-3.64309e-08
-2.70622e-09
-1.51997e-08
-9.96913e-10
-4.63673e-09
6.44433e-09
-1.87374e-08
3.14511e-08
-4.24344e-08
6.31865e-08
-7.56374e-08
9.78616e-08
-1.17983e-07
1.32838e-07
-1.68842e-07
1.66182e-07
-2.27357e-07
1.96517e-07
-2.92484e-07
2.22905e-07
-3.63047e-07
2.44743e-07
-4.37781e-07
2.6168e-07
-5.15371e-07
2.73555e-07
-5.94489e-07
2.80352e-07
-6.73819e-07
2.82163e-07
-7.52084e-07
2.79161e-07
-8.28058e-07
2.71581e-07
-9.00588e-07
2.59704e-07
-9.68597e-07
2.43845e-07
-1.0311e-06
2.24347e-07
-1.08721e-06
2.01573e-07
-1.13614e-06
1.75903e-07
-1.1772e-06
1.47729e-07
-1.20982e-06
1.17458e-07
-1.23356e-06
8.55078e-08
-1.24807e-06
5.23071e-08
-1.25312e-06
1.82957e-08
-1.24863e-06
-1.60762e-08
-1.23463e-06
-5.03479e-08
-1.21128e-06
-8.40501e-08
-1.17885e-06
-1.16706e-07
-1.13778e-06
-1.47833e-07
-1.08861e-06
-1.76949e-07
-1.03201e-06
-2.03572e-07
-9.68791e-07
-2.27232e-07
-8.99877e-07
-2.47472e-07
-8.26304e-07
-2.63858e-07
-7.49211e-07
-2.75991e-07
-6.69832e-07
-2.83515e-07
-5.89473e-07
-2.8613e-07
-5.09492e-07
-2.83609e-07
-4.31279e-07
-2.75813e-07
-3.56222e-07
-2.62713e-07
-2.85674e-07
-2.44417e-07
-2.20915e-07
-2.21199e-07
-1.631e-07
-1.93542e-07
-1.13219e-07
-1.62191e-07
-7.20409e-08
-1.28224e-07
-4.00694e-08
-9.3147e-08
-1.7511e-08
-5.89893e-08
-4.26979e-09
-2.84408e-08
-5.26673e-09
-6.18089e-09
1.26252e-08
-2.42337e-08
4.95039e-08
-5.37479e-08
9.27006e-08
-9.4215e-08
1.38329e-07
-1.44949e-07
1.83572e-07
-2.05069e-07
2.26302e-07
-2.73513e-07
2.64961e-07
-3.49066e-07
2.98457e-07
-4.30395e-07
3.26073e-07
-5.16093e-07
3.47377e-07
-6.04706e-07
3.62169e-07
-6.94774e-07
3.7042e-07
-7.84852e-07
3.72241e-07
-8.73535e-07
3.67845e-07
-9.59481e-07
3.57527e-07
-1.04142e-06
3.41642e-07
-1.11817e-06
3.20594e-07
-1.18864e-06
2.94823e-07
-1.25187e-06
2.64796e-07
-1.30697e-06
2.31004e-07
-1.3532e-06
1.9396e-07
-1.38993e-06
1.54189e-07
-1.41666e-06
1.12236e-07
-1.43301e-06
6.86579e-08
-1.43874e-06
2.4028e-08
-1.43375e-06
-2.1068e-08
-1.41807e-06
-6.60313e-08
-1.39186e-06
-1.10252e-07
-1.35546e-06
-1.5311e-07
-1.30931e-06
-1.93981e-07
-1.25402e-06
-2.32238e-07
-1.19033e-06
-2.6726e-07
-1.11913e-06
-2.98437e-07
-1.04142e-06
-3.2518e-07
-9.5835e-07
-3.4693e-07
-8.71167e-07
-3.63174e-07
-7.81226e-07
-3.73456e-07
-6.89962e-07
-3.77394e-07
-5.98869e-07
-3.74701e-07
-5.09478e-07
-3.65204e-07
-4.2332e-07
-3.48871e-07
-3.41898e-07
-3.25839e-07
-2.66642e-07
-2.96455e-07
-1.98872e-07
-2.61312e-07
-1.39752e-07
-2.21311e-07
-9.02507e-08
-1.77725e-07
-5.11157e-08
-1.32282e-07
-2.28561e-08
-8.72489e-08
-5.76477e-09
-4.55321e-08
-1.10315e-08
-7.63843e-09
2.02636e-08
-2.95176e-08
7.1383e-08
-6.4739e-08
1.27922e-07
-1.12385e-07
1.85974e-07
-1.71432e-07
2.42619e-07
-2.40727e-07
2.95597e-07
-3.1898e-07
3.43214e-07
-4.04786e-07
3.84263e-07
-4.96647e-07
4.17934e-07
-5.93006e-07
4.43736e-07
-6.92275e-07
4.61438e-07
-7.92866e-07
4.71011e-07
-8.93216e-07
4.72591e-07
-9.91809e-07
4.66438e-07
-1.0872e-06
4.52914e-07
-1.17801e-06
4.32455e-07
-1.26298e-06
4.05561e-07
-1.34093e-06
3.72775e-07
-1.41081e-06
3.34679e-07
-1.47169e-06
2.91884e-07
-1.52276e-06
2.45028e-07
-1.56334e-06
1.94768e-07
-1.59289e-06
1.41783e-07
-1.611e-06
8.67689e-08
-1.61741e-06
3.04414e-08
-1.61201e-06
-2.64683e-08
-1.59483e-06
-8.32128e-08
-1.56605e-06
-1.39031e-07
-1.52601e-06
-1.93151e-07
-1.47519e-06
-2.44794e-07
-1.41425e-06
-2.93179e-07
-1.34398e-06
-3.37532e-07
-1.26532e-06
-3.77095e-07
-1.17937e-06
-4.11134e-07
-1.08734e-06
-4.38956e-07
-9.90595e-07
-4.59924e-07
-8.9058e-07
-4.7347e-07
-7.88851e-07
-4.79124e-07
-6.87025e-07
-4.76527e-07
-5.86764e-07
-4.65465e-07
-4.89743e-07
-4.45893e-07
-3.97611e-07
-4.17971e-07
-3.11962e-07
-3.82104e-07
-2.34289e-07
-3.38985e-07
-1.65954e-07
-2.89646e-07
-1.08152e-07
-2.35527e-07
-6.18957e-08
-1.78538e-07
-2.80132e-08
-1.21131e-07
-7.17876e-09
-6.63665e-08
-1.82103e-08
-9.01524e-09
2.92789e-08
-3.45806e-08
9.69483e-08
-7.53649e-08
1.68706e-07
-1.30061e-07
2.4067e-07
-1.97312e-07
3.0987e-07
-2.75676e-07
3.73961e-07
-3.63623e-07
4.31161e-07
-4.59541e-07
4.80182e-07
-5.61757e-07
5.2015e-07
-6.68558e-07
5.50536e-07
-7.78217e-07
5.71097e-07
-8.89024e-07
5.81818e-07
-9.99302e-07
5.82868e-07
-1.10743e-06
5.74568e-07
-1.21187e-06
5.57352e-07
-1.31116e-06
5.31748e-07
-1.40396e-06
4.98357e-07
-1.48902e-06
4.57836e-07
-1.56523e-06
4.10887e-07
-1.63159e-06
3.58249e-07
-1.68726e-06
3.00693e-07
-1.7315e-06
2.39015e-07
-1.76376e-06
1.74035e-07
-1.78358e-06
1.06596e-07
-1.79071e-06
3.75642e-08
-1.785e-06
-3.2177e-08
-1.76649e-06
-1.01724e-07
-1.73536e-06
-1.70155e-07
-1.69198e-06
-2.36539e-07
-1.63684e-06
-2.99932e-07
-1.57062e-06
-3.59393e-07
-1.49417e-06
-4.13984e-07
-1.40848e-06
-4.62787e-07
-1.3147e-06
-5.04916e-07
-1.21412e-06
-5.39531e-07
-1.10819e-06
-5.65859e-07
-9.98442e-07
-5.83214e-07
-8.86546e-07
-5.9102e-07
-7.74235e-07
-5.88839e-07
-6.63297e-07
-5.76402e-07
-5.5555e-07
-5.5364e-07
-4.528e-07
-5.20722e-07
-3.56809e-07
-4.78094e-07
-2.69266e-07
-4.26529e-07
-1.91744e-07
-3.67168e-07
-1.25685e-07
-3.01586e-07
-7.23807e-08
-2.31843e-07
-3.29797e-08
-1.60532e-07
-8.51894e-09
-9.08272e-08
-2.67292e-08
-1.03243e-08
3.96031e-08
-3.94454e-08
1.26069e-07
-8.56477e-08
2.14908e-07
-1.47259e-07
3.02282e-07
-2.22592e-07
3.85203e-07
-3.09917e-07
4.61286e-07
-4.07452e-07
5.28696e-07
-5.13368e-07
5.86098e-07
-6.25804e-07
6.32586e-07
-7.42885e-07
6.67617e-07
-8.62744e-07
6.90956e-07
-9.83544e-07
7.02618e-07
-1.1035e-06
7.02824e-07
-1.22089e-06
6.91962e-07
-1.3341e-06
6.70554e-07
-1.44158e-06
6.39228e-07
-1.54191e-06
5.98695e-07
-1.63381e-06
5.49733e-07
-1.7161e-06
4.93172e-07
-1.78773e-06
4.29885e-07
-1.84782e-06
3.60784e-07
-1.89562e-06
2.86807e-07
-1.9305e-06
2.08924e-07
-1.95204e-06
1.2813e-07
-1.95992e-06
4.5445e-08
-1.95401e-06
-3.80878e-08
-1.93433e-06
-1.21402e-07
-1.90107e-06
-2.03413e-07
-1.85459e-06
-2.83018e-07
-1.79542e-06
-3.59107e-07
-1.72425e-06
-4.30565e-07
-1.64194e-06
-4.96285e-07
-1.54955e-06
-5.5518e-07
-1.44827e-06
-6.062e-07
-1.33945e-06
-6.48349e-07
-1.2246e-06
-6.80704e-07
-1.10537e-06
-7.02446e-07
-9.83508e-07
-7.12884e-07
-8.60861e-07
-7.11485e-07
-7.39353e-07
-6.9791e-07
-6.20944e-07
-6.72049e-07
-5.07606e-07
-6.3406e-07
-4.01285e-07
-5.84415e-07
-3.03874e-07
-5.2394e-07
-2.17178e-07
-4.53863e-07
-1.42898e-07
-3.75866e-07
-8.26128e-08
-2.92128e-07
-3.77879e-08
-2.05357e-07
-9.80076e-09
-1.18814e-07
-3.653e-08
-1.15807e-08
5.11837e-08
-4.41496e-08
1.58638e-07
-9.56432e-08
2.66402e-07
-1.64047e-07
3.70685e-07
-2.47352e-07
4.68509e-07
-3.4354e-07
5.57473e-07
-4.50572e-07
6.35727e-07
-5.66393e-07
7.01919e-07
-6.88946e-07
7.55139e-07
-8.16188e-07
7.94859e-07
-9.46104e-07
8.20873e-07
-1.07673e-06
8.33247e-07
-1.20618e-06
8.32271e-07
-1.33264e-06
8.18417e-07
-1.45439e-06
7.92305e-07
-1.56983e-06
7.54675e-07
-1.6775e-06
7.06358e-07
-1.77602e-06
6.4826e-07
-1.8642e-06
5.81348e-07
-1.94095e-06
5.06636e-07
-2.00535e-06
4.25179e-07
-2.05661e-06
3.38066e-07
-2.0941e-06
2.46418e-07
-2.11736e-06
1.51386e-07
-2.12606e-06
5.41494e-08
-2.12006e-06
-4.40864e-08
-2.09937e-06
-1.42089e-07
-2.06418e-06
-2.38603e-07
-2.01485e-06
-3.32356e-07
-1.9519e-06
-4.22058e-07
-1.87604e-06
-5.06419e-07
-1.78817e-06
-5.84153e-07
-1.68936e-06
-6.53997e-07
-1.58083e-06
-7.14723e-07
-1.46402e-06
-7.65168e-07
-1.34047e-06
-8.04248e-07
-1.21192e-06
-8.30997e-07
-1.08021e-06
-8.4459e-07
-9.47317e-07
-8.44382e-07
-8.15281e-07
-8.29946e-07
-6.86219e-07
-8.01111e-07
-5.62275e-07
-7.58004e-07
-4.45592e-07
-7.01098e-07
-3.38282e-07
-6.3125e-07
-2.42395e-07
-5.4975e-07
-1.59902e-07
-4.5836e-07
-9.26731e-08
-3.59356e-07
-4.24872e-08
-2.55543e-07
-1.10427e-08
-1.50259e-07
-4.75727e-08
-1.27995e-08
6.39833e-08
-4.87353e-08
1.94574e-07
-1.05422e-07
3.23089e-07
-1.8052e-07
4.45783e-07
-2.7171e-07
5.59698e-07
-3.76682e-07
6.62446e-07
-4.93137e-07
7.52182e-07
-6.1879e-07
8.27572e-07
-7.51381e-07
8.8773e-07
-8.88692e-07
9.32169e-07
-1.02856e-06
9.60739e-07
-1.16889e-06
9.73578e-07
-1.30768e-06
9.71064e-07
-1.44304e-06
9.53771e-07
-1.57316e-06
9.22433e-07
-1.6964e-06
8.77912e-07
-1.81122e-06
8.21171e-07
-1.91621e-06
7.53255e-07
-2.01013e-06
6.75272e-07
-2.09188e-06
5.88383e-07
-2.16049e-06
4.93793e-07
-2.21517e-06
3.92743e-07
-2.25526e-06
2.86509e-07
-2.28028e-06
1.76401e-07
-2.28988e-06
6.3758e-08
-2.28392e-06
-5.00492e-08
-2.26239e-06
-1.6362e-07
-2.22546e-06
-2.75529e-07
-2.1735e-06
-3.84324e-07
-2.10702e-06
-4.88539e-07
-2.02674e-06
-5.86698e-07
-1.93356e-06
-6.7733e-07
-1.82857e-06
-7.58986e-07
-1.71304e-06
-8.30253e-07
-1.58842e-06
-8.89785e-07
-1.45635e-06
-9.36324e-07
-1.31861e-06
-9.68739e-07
-1.17714e-06
-9.86053e-07
-1.03404e-06
-9.8749e-07
-8.91472e-07
-9.72511e-07
-7.51722e-07
-9.40861e-07
-6.17113e-07
-8.92614e-07
-4.89996e-07
-8.28215e-07
-3.72715e-07
-7.4853e-07
-2.67581e-07
-6.54884e-07
-1.76839e-07
-5.49101e-07
-1.02662e-07
-4.33534e-07
-4.7134e-08
-3.11071e-07
-1.2264e-08
-1.85129e-07
-5.98367e-08
-1.39951e-08
7.79783e-08
-5.32452e-08
2.33824e-07
-1.15061e-07
3.84904e-07
-1.96787e-07
5.2751e-07
-2.95799e-07
6.5871e-07
-4.09501e-07
7.76147e-07
-5.35327e-07
8.78009e-07
-6.70758e-07
9.63003e-07
-8.13326e-07
1.0303e-06
-9.6063e-07
1.07947e-06
-1.11035e-06
1.11046e-06
-1.26028e-06
1.1235e-06
-1.40829e-06
1.11908e-06
-1.55241e-06
1.09788e-06
-1.69076e-06
1.06079e-06
-1.82163e-06
1.00878e-06
-1.94344e-06
9.42982e-07
-2.05476e-06
8.64574e-07
-2.15431e-06
7.74817e-07
-2.24095e-06
6.75024e-07
-2.31371e-06
5.66554e-07
-2.37177e-06
4.50803e-07
-2.41446e-06
3.29204e-07
-2.44129e-06
2.03223e-07
-2.45189e-06
7.43631e-08
-2.4461e-06
-5.58424e-08
-2.42389e-06
-1.85825e-07
-2.38544e-06
-3.13984e-07
-2.33107e-06
-4.38692e-07
-2.26131e-06
-5.58299e-07
-2.17687e-06
-6.71143e-07
-2.07864e-06
-7.75559e-07
-1.96772e-06
-8.69903e-07
-1.84541e-06
-9.52567e-07
-1.71318e-06
-1.02201e-06
-1.57273e-06
-1.07678e-06
-1.42591e-06
-1.11556e-06
-1.27475e-06
-1.13721e-06
-1.12145e-06
-1.14079e-06
-9.68326e-07
-1.12563e-06
-8.17822e-07
-1.09137e-06
-6.72454e-07
-1.03798e-06
-5.34794e-07
-9.65876e-07
-4.0743e-07
-8.75893e-07
-2.92943e-07
-7.69372e-07
-1.9387e-07
-6.48175e-07
-1.12686e-07
-5.14718e-07
-5.17868e-08
-3.7197e-07
-1.34831e-08
-2.23433e-07
-7.33198e-08
-1.51801e-08
9.31584e-08
-5.77198e-08
2.76364e-07
-1.24632e-07
4.51817e-07
-2.12955e-07
6.15833e-07
-3.1976e-07
7.65515e-07
-4.42161e-07
8.98548e-07
-5.77328e-07
1.01318e-06
-7.22497e-07
1.10817e-06
-8.7499e-07
1.18279e-06
-1.03222e-06
1.2367e-06
-1.19172e-06
1.26996e-06
-1.35113e-06
1.28291e-06
-1.50824e-06
1.27619e-06
-1.66097e-06
1.25062e-06
-1.8074e-06
1.20721e-06
-1.94575e-06
1.14713e-06
-2.0744e-06
1.07164e-06
-2.1919e-06
9.82073e-07
-2.29694e-06
8.79857e-07
-2.38838e-06
7.6646e-07
-2.46522e-06
6.43396e-07
-2.52663e-06
5.12217e-07
-2.57194e-06
3.74514e-07
-2.60063e-06
2.3191e-07
-2.61233e-06
8.60654e-08
-2.60685e-06
-6.13218e-08
-2.58416e-06
-2.08517e-07
-2.54439e-06
-3.5375e-07
-2.48787e-06
-4.95214e-07
-2.4151e-06
-6.31075e-07
-2.32676e-06
-7.59479e-07
-2.22375e-06
-8.78566e-07
-2.10717e-06
-9.86487e-07
-1.97831e-06
-1.08143e-06
-1.83868e-06
-1.16163e-06
-1.69002e-06
-1.22545e-06
-1.53423e-06
-1.27135e-06
-1.37344e-06
-1.298e-06
-1.20995e-06
-1.30428e-06
-1.04623e-06
-1.28935e-06
-8.84889e-07
-1.25271e-06
-7.28642e-07
-1.19423e-06
-5.80294e-07
-1.11422e-06
-4.42693e-07
-1.01349e-06
-3.187e-07
-8.93364e-07
-2.11158e-07
-7.55717e-07
-1.22855e-07
-6.03021e-07
-5.65031e-08
-4.38321e-07
-1.47178e-08
-2.65218e-07
-8.80376e-08
-1.63661e-08
1.09524e-07
-6.21963e-08
3.22194e-07
-1.34207e-07
5.23828e-07
-2.29129e-07
7.10754e-07
-3.43726e-07
8.80113e-07
-4.74823e-07
1.02964e-06
-6.19315e-07
1.15767e-06
-7.74195e-07
1.26305e-06
-9.36565e-07
1.34516e-06
-1.10365e-06
1.40379e-06
-1.27283e-06
1.43913e-06
-1.4416e-06
1.45169e-06
-1.60767e-06
1.44225e-06
-1.76886e-06
1.41181e-06
-1.92319e-06
1.36154e-06
-2.06884e-06
1.29278e-06
-2.20416e-06
1.20696e-06
-2.32768e-06
1.10559e-06
-2.43807e-06
9.90249e-07
-2.53418e-06
8.62574e-07
-2.61502e-06
7.24237e-07
-2.67975e-06
5.76946e-07
-2.72768e-06
4.22446e-07
-2.75829e-06
2.62516e-07
-2.77119e-06
9.89711e-08
-2.76618e-06
-6.63326e-08
-2.7432e-06
-2.31498e-07
-2.70237e-06
-3.94587e-07
-2.64396e-06
-5.53616e-07
-2.56847e-06
-7.06569e-07
-2.47655e-06
-8.51399e-07
-2.36907e-06
-9.86043e-07
-2.24712e-06
-1.10844e-06
-2.11199e-06
-1.21656e-06
-1.9652e-06
-1.30842e-06
-1.80851e-06
-1.38214e-06
-1.64389e-06
-1.43597e-06
-1.47355e-06
-1.46834e-06
-1.2999e-06
-1.47793e-06
-1.12555e-06
-1.4637e-06
-9.53274e-07
-1.42498e-06
-7.8601e-07
-1.36149e-06
-6.268e-07
-1.27343e-06
-4.78765e-07
-1.16153e-06
-3.45068e-07
-1.02706e-06
-2.28865e-07
-8.7192e-07
-1.33275e-07
-6.98611e-07
-6.13381e-08
-5.10258e-07
-1.59847e-08
-3.10571e-07
-1.04022e-07
-1.75632e-08
1.27088e-07
-6.67088e-08
3.71339e-07
-1.43851e-07
6.00969e-07
-2.45404e-07
8.12307e-07
-3.67823e-07
1.00253e-06
-5.07633e-07
1.16945e-06
-6.61452e-07
1.31149e-06
-8.26019e-07
1.42762e-06
-9.98215e-07
1.51736e-06
-1.17508e-06
1.58065e-06
-1.35381e-06
1.61787e-06
-1.53181e-06
1.62969e-06
-1.70665e-06
1.61709e-06
-1.8761e-06
1.58126e-06
-2.03812e-06
1.52356e-06
-2.19085e-06
1.44551e-06
-2.33262e-06
1.34874e-06
-2.46195e-06
1.23492e-06
-2.57751e-06
1.10581e-06
-2.67816e-06
9.63217e-07
-2.76289e-06
8.08968e-07
-2.83087e-06
6.44928e-07
-2.88142e-06
4.72993e-07
-2.91399e-06
2.95091e-07
-2.92821e-06
1.13187e-07
-2.92383e-06
-7.07104e-08
-2.90078e-06
-2.54549e-07
-2.85914e-06
-4.36227e-07
-2.79916e-06
-6.13593e-07
-2.72128e-06
-7.84446e-07
-2.62614e-06
-9.46547e-07
-2.51455e-06
-1.09763e-06
-2.38758e-06
-1.23541e-06
-2.2465e-06
-1.35763e-06
-2.09285e-06
-1.46207e-06
-1.92838e-06
-1.5466e-06
-1.75513e-06
-1.60922e-06
-1.57536e-06
-1.64811e-06
-1.3916e-06
-1.66169e-06
-1.20659e-06
-1.64871e-06
-1.0233e-06
-1.60827e-06
-8.44867e-07
-1.53992e-06
-6.74599e-07
-1.4437e-06
-5.15903e-07
-1.32023e-06
-3.72254e-07
-1.17071e-06
-2.47147e-07
-9.97026e-07
-1.44049e-07
-8.01709e-07
-6.63447e-08
-5.87962e-07
-1.72993e-08
-3.59616e-07
-1.21322e-07
-1.87806e-08
1.45868e-07
-7.12884e-08
4.23847e-07
-1.53621e-07
6.83302e-07
-2.6187e-07
9.20556e-07
-3.92167e-07
1.13283e-06
-5.40727e-07
1.31801e-06
-7.03882e-07
1.47464e-06
-8.78113e-07
1.60185e-06
-1.06007e-06
1.69931e-06
-1.2466e-06
1.76718e-06
-1.43475e-06
1.80602e-06
-1.62178e-06
1.81672e-06
-1.80517e-06
1.80048e-06
-1.98262e-06
1.75871e-06
-2.15206e-06
1.69299e-06
-2.31158e-06
1.60504e-06
-2.45953e-06
1.49668e-06
-2.59441e-06
1.36979e-06
-2.7149e-06
1.2263e-06
-2.81987e-06
1.06819e-06
-2.90834e-06
8.97437e-07
-2.97948e-06
7.16067e-07
-3.03261e-06
5.26121e-07
-3.06719e-06
3.29668e-07
-3.08282e-06
1.28817e-07
-3.07924e-06
-7.42828e-08
-3.05636e-06
-2.77432e-07
-3.01421e-06
-4.78375e-07
-2.95301e-06
-6.74794e-07
-2.87314e-06
-8.64315e-07
-2.77518e-06
-1.04451e-06
-2.65992e-06
-1.21289e-06
-2.52836e-06
-1.36697e-06
-2.38175e-06
-1.50424e-06
-2.2216e-06
-1.62222e-06
-2.04968e-06
-1.71852e-06
-1.86805e-06
-1.79085e-06
-1.67904e-06
-1.83712e-06
-1.48526e-06
-1.85547e-06
-1.28961e-06
-1.84436e-06
-1.09523e-06
-1.80265e-06
-9.05492e-07
-1.72966e-06
-7.23959e-07
-1.62524e-06
-5.54343e-07
-1.48984e-06
-4.00457e-07
-1.3246e-06
-2.66154e-07
-1.13133e-06
-1.55273e-07
-9.12591e-07
-7.1573e-08
-6.71662e-07
-1.86763e-08
-4.12513e-07
-1.39998e-07
-2.00269e-08
1.65895e-07
-7.59637e-08
4.79784e-07
-1.63575e-07
7.70914e-07
-2.7861e-07
1.03559e-06
-4.16862e-07
1.27108e-06
-5.74224e-07
1.47538e-06
-7.46729e-07
1.64715e-06
-9.30589e-07
1.78571e-06
-1.12222e-06
1.89094e-06
-1.31827e-06
1.96323e-06
-1.51563e-06
2.00338e-06
-1.71144e-06
2.01253e-06
-1.90309e-06
1.99213e-06
-2.08822e-06
1.94384e-06
-2.26471e-06
1.86948e-06
-2.43067e-06
1.771e-06
-2.58443e-06
1.65044e-06
-2.72451e-06
1.50987e-06
-2.84962e-06
1.35142e-06
-2.95865e-06
1.17722e-06
-3.05065e-06
9.89433e-07
-3.1248e-06
7.90219e-07
-3.18044e-06
5.8176e-07
-3.21703e-06
3.6626e-07
-3.23417e-06
1.45956e-07
-3.23158e-06
-7.6872e-08
-3.20913e-06
-2.99889e-07
-3.16681e-06
-5.20695e-07
-3.10478e-06
-7.36821e-07
-3.02337e-06
-9.45722e-07
-2.9231e-06
-1.14478e-06
-2.80467e-06
-1.33132e-06
-2.66905e-06
-1.5026e-06
-2.51741e-06
-1.65587e-06
-2.35124e-06
-1.7884e-06
-2.17229e-06
-1.89747e-06
-1.98262e-06
-1.98052e-06
-1.78463e-06
-2.03511e-06
-1.58101e-06
-2.05909e-06
-1.3748e-06
-2.05058e-06
-1.1693e-06
-2.00815e-06
-9.68126e-07
-1.93083e-06
-7.75117e-07
-1.81825e-06
-5.94305e-07
-1.67065e-06
-4.29862e-07
-1.48904e-06
-2.86028e-07
-1.27516e-06
-1.67043e-07
-1.03158e-06
-7.70711e-08
-7.61634e-07
-2.01299e-08
-4.69454e-07
-1.60128e-07
-2.13098e-08
1.87205e-07
-8.07618e-08
5.39236e-07
-1.73764e-07
8.63916e-07
-2.957e-07
1.15753e-06
-4.42005e-07
1.41739e-06
-6.08231e-07
1.6416e-06
-7.90098e-07
1.82901e-06
-9.83535e-07
1.97915e-06
-1.18472e-06
2.09213e-06
-1.3901e-06
2.16861e-06
-1.59641e-06
2.20969e-06
-1.80067e-06
2.21679e-06
-2.00019e-06
2.19165e-06
-2.19257e-06
2.13622e-06
-2.37566e-06
2.05258e-06
-2.54758e-06
1.94293e-06
-2.70668e-06
1.80954e-06
-2.85152e-06
1.6547e-06
-2.98084e-06
1.48074e-06
-3.09358e-06
1.28996e-06
-3.18881e-06
1.08467e-06
-3.26577e-06
8.67176e-07
-3.3238e-06
6.39793e-07
-3.36239e-06
4.04844e-07
-3.38111e-06
1.64681e-07
-3.37969e-06
-7.82978e-08
-3.35794e-06
-3.21639e-07
-3.31582e-06
-5.62815e-07
-3.25342e-06
-7.99216e-07
-3.171e-06
-1.02814e-06
-3.06899e-06
-1.24679e-06
-2.94803e-06
-1.45228e-06
-2.80897e-06
-1.64166e-06
-2.65294e-06
-1.81191e-06
-2.48134e-06
-1.95999e-06
-2.2959e-06
-2.08291e-06
-2.09868e-06
-2.17774e-06
-1.89208e-06
-2.24171e-06
-1.67889e-06
-2.27228e-06
-1.46225e-06
-2.26722e-06
-1.24566e-06
-2.22474e-06
-1.03296e-06
-2.14353e-06
-8.28281e-07
-2.02293e-06
-6.35989e-07
-1.86294e-06
-4.60643e-07
-1.66439e-06
-3.06903e-07
-1.4289e-06
-1.79446e-07
-1.15903e-06
-8.28855e-08
-8.58195e-07
-2.16737e-08
-5.30666e-07
-1.81802e-07
-2.26375e-08
2.09842e-07
-8.57099e-08
6.02308e-07
-1.84239e-07
9.62445e-07
-3.13215e-07
1.2865e-06
-4.67688e-07
1.57186e-06
-6.42846e-07
1.81676e-06
-8.34073e-07
2.02024e-06
-1.03701e-06
2.18208e-06
-1.24758e-06
2.3027e-06
-1.46203e-06
2.38306e-06
-1.67694e-06
2.42459e-06
-1.88922e-06
2.42907e-06
-2.09611e-06
2.39855e-06
-2.29519e-06
2.33529e-06
-2.4843e-06
2.24169e-06
-2.66158e-06
2.12021e-06
-2.82543e-06
1.97339e-06
-2.97445e-06
1.80373e-06
-3.10746e-06
1.61375e-06
-3.22344e-06
1.40594e-06
-3.32154e-06
1.18276e-06
-3.40101e-06
9.46651e-07
-3.46126e-06
7.00038e-07
-3.50177e-06
4.45353e-07
-3.52213e-06
1.85048e-07
-3.52205e-06
-7.8383e-08
-3.5013e-06
-3.42386e-07
-3.45979e-06
-6.04323e-07
-3.39755e-06
-8.61462e-07
-3.31473e-06
-1.11096e-06
-3.21167e-06
-1.34985e-06
-3.0889e-06
-1.57505e-06
-2.94718e-06
-1.78338e-06
-2.78752e-06
-1.97156e-06
-2.61125e-06
-2.13626e-06
-2.42002e-06
-2.27414e-06
-2.21585e-06
-2.38191e-06
-2.00116e-06
-2.4564e-06
-1.77879e-06
-2.49465e-06
-1.55198e-06
-2.49403e-06
-1.32441e-06
-2.45231e-06
-1.10015e-06
-2.36779e-06
-8.83625e-07
-2.23945e-06
-6.79573e-07
-2.067e-06
-4.92962e-07
-1.851e-06
-3.28906e-07
-1.59296e-06
-1.92571e-07
-1.29537e-06
-8.9062e-08
-9.61704e-07
-2.33213e-08
-5.96407e-07
-2.05123e-07
-2.4018e-08
2.3386e-07
-9.0836e-08
6.69126e-07
-1.95054e-07
1.06666e-06
-3.31232e-07
1.42268e-06
-4.94002e-07
1.73463e-06
-6.78159e-07
2.00092e-06
-8.7873e-07
2.22081e-06
-1.09104e-06
2.3944e-06
-1.31077e-06
2.52242e-06
-1.53395e-06
2.60624e-06
-1.757e-06
2.64765e-06
-1.97676e-06
2.64882e-06
-2.19039e-06
2.61219e-06
-2.39547e-06
2.54036e-06
-2.58986e-06
2.43608e-06
-2.77175e-06
2.3021e-06
-2.9396e-06
2.14123e-06
-3.09209e-06
1.95622e-06
-3.22812e-06
1.74978e-06
-3.34676e-06
1.52458e-06
-3.44721e-06
1.28322e-06
-3.52882e-06
1.02826e-06
-3.59102e-06
7.62239e-07
-3.63334e-06
4.87668e-07
-3.65537e-06
2.07079e-07
-3.65679e-06
-7.69585e-08
-3.63737e-06
-3.61814e-07
-3.59692e-06
-6.44764e-07
-3.53541e-06
-9.22973e-07
-3.4529e-06
-1.19347e-06
-3.34959e-06
-1.45316e-06
-3.22589e-06
-1.69875e-06
-3.08243e-06
-1.92685e-06
-2.92008e-06
-2.13391e-06
-2.74006e-06
-2.31629e-06
-2.54391e-06
-2.47029e-06
-2.33359e-06
-2.59223e-06
-2.1115e-06
-2.6785e-06
-1.88048e-06
-2.72567e-06
-1.64389e-06
-2.73062e-06
-1.40555e-06
-2.69064e-06
-1.16977e-06
-2.60357e-06
-9.41284e-07
-2.46794e-06
-7.25211e-07
-2.28307e-06
-5.26966e-07
-2.04924e-06
-3.52163e-07
-1.76776e-06
-2.06503e-07
-1.44103e-06
-9.56462e-08
-1.07256e-06
-2.50864e-08
-6.66966e-07
-2.30209e-07
-2.54606e-08
2.59321e-07
-9.61711e-08
7.39837e-07
-2.06265e-07
1.17676e-06
-3.49831e-07
1.56625e-06
-5.21041e-07
1.90584e-06
-7.1426e-07
2.19413e-06
-9.2413e-07
2.43068e-06
-1.14565e-06
2.61592e-06
-1.37422e-06
2.751e-06
-1.60568e-06
2.8377e-06
-1.83631e-06
2.87828e-06
-2.06283e-06
2.87535e-06
-2.28242e-06
2.83177e-06
-2.49262e-06
2.75057e-06
-2.69138e-06
2.63483e-06
-2.87694e-06
2.48766e-06
-3.04785e-06
2.31215e-06
-3.20292e-06
2.11129e-06
-3.34114e-06
1.888e-06
-3.4617e-06
1.64513e-06
-3.56389e-06
1.38541e-06
-3.64714e-06
1.11151e-06
-3.71095e-06
8.26046e-07
-3.75488e-06
5.316e-07
-3.77856e-06
2.30755e-07
-3.78164e-06
-7.38706e-08
-3.76386e-06
-3.79596e-07
-3.72499e-06
-6.8364e-07
-3.66487e-06
-9.83093e-07
-3.58345e-06
-1.27489e-06
-3.48082e-06
-1.55579e-06
-3.35722e-06
-1.82235e-06
-3.2131e-06
-2.07096e-06
-3.0492e-06
-2.29781e-06
-2.86656e-06
-2.49894e-06
-2.66658e-06
-2.67027e-06
-2.45112e-06
-2.80769e-06
-2.2225e-06
-2.90711e-06
-1.98357e-06
-2.96459e-06
-1.73775e-06
-2.97645e-06
-1.489e-06
-2.9394e-06
-1.24185e-06
-2.85072e-06
-1.00136e-06
-2.70843e-06
-7.73038e-07
-2.51139e-06
-5.62796e-07
-2.25949e-06
-3.76793e-07
-1.95376e-06
-2.21328e-07
-1.59649e-06
-1.02685e-07
-1.1912e-06
-2.69835e-08
-7.42668e-07
-2.57193e-07
-2.69759e-08
2.86297e-07
-1.01751e-07
8.14612e-07
-2.17941e-07
1.29295e-06
-3.69106e-07
1.71741e-06
-5.4891e-07
2.08564e-06
-7.51244e-07
2.39647e-06
-9.70334e-07
2.64977e-06
-1.20082e-06
2.84641e-06
-1.43784e-06
2.98801e-06
-1.677e-06
3.07686e-06
-1.91446e-06
3.11574e-06
-2.14689e-06
3.10778e-06
-2.37144e-06
3.05632e-06
-2.58569e-06
2.96483e-06
-2.78768e-06
2.83681e-06
-2.97575e-06
2.67574e-06
-3.1486e-06
2.485e-06
-3.30516e-06
2.26784e-06
-3.44456e-06
2.02741e-06
-3.56612e-06
1.76669e-06
-3.66927e-06
1.48856e-06
-3.75353e-06
1.19577e-06
-3.81849e-06
8.91005e-07
-3.86377e-06
5.76879e-07
-3.88901e-06
2.56003e-07
-3.8939e-06
-6.89893e-08
-3.87809e-06
-3.95398e-07
-3.84132e-06
-7.20417e-07
-3.78331e-06
-1.0411e-06
-3.70391e-06
-1.3543e-06
-3.60301e-06
-1.65668e-06
-3.4807e-06
-1.94467e-06
-3.33723e-06
-2.21443e-06
-3.17312e-06
-2.46192e-06
-2.98921e-06
-2.68284e-06
-2.78673e-06
-2.87274e-06
-2.56738e-06
-3.02704e-06
-2.33337e-06
-3.14112e-06
-2.08751e-06
-3.21046e-06
-1.83321e-06
-3.23074e-06
-1.57457e-06
-3.19803e-06
-1.31634e-06
-3.10896e-06
-1.06389e-06
-2.96088e-06
-8.23163e-07
-2.75211e-06
-6.00581e-07
-2.48207e-06
-4.02917e-07
-2.15143e-06
-2.37136e-07
-1.76227e-06
-1.10229e-07
-1.31811e-06
-2.90277e-08
-8.23869e-07
-2.86221e-07
-2.8577e-08
3.14874e-07
-1.07619e-07
8.93653e-07
-2.30159e-07
1.41549e-06
-3.89165e-07
1.87642e-06
-5.7773e-07
2.27421e-06
-7.89219e-07
2.60796e-06
-1.0174e-06
2.87796e-06
-1.25654e-06
3.08555e-06
-1.50147e-06
3.23294e-06
-1.74761e-06
3.323e-06
-1.99099e-06
3.35913e-06
-2.22824e-06
3.34503e-06
-2.45652e-06
3.2846e-06
-2.67352e-06
3.18182e-06
-2.87736e-06
3.04065e-06
-3.06655e-06
2.86494e-06
-3.23996e-06
2.6584e-06
-3.39667e-06
2.42456e-06
-3.53602e-06
2.16676e-06
-3.65748e-06
1.88815e-06
-3.76064e-06
1.59171e-06
-3.84513e-06
1.28027e-06
-3.91067e-06
9.56536e-07
-3.95693e-06
6.2314e-07
-3.98361e-06
2.82684e-07
-3.99038e-06
-6.22176e-08
-3.97689e-06
-4.08885e-07
-3.94278e-06
-7.54525e-07
-3.8877e-06
-1.09618e-06
-3.81131e-06
-1.43069e-06
-3.71336e-06
-1.75463e-06
-3.5937e-06
-2.06432e-06
-3.45237e-06
-2.35576e-06
-3.28964e-06
-2.62465e-06
-3.1061e-06
-2.86638e-06
-2.90275e-06
-3.0761e-06
-2.68105e-06
-3.24874e-06
-2.44307e-06
-3.37911e-06
-2.1915e-06
-3.46204e-06
-1.92974e-06
-3.4925e-06
-1.66197e-06
-3.4658e-06
-1.39312e-06
-3.3778e-06
-1.12889e-06
-3.22511e-06
-8.75672e-07
-3.00533e-06
-6.40447e-07
-2.71729e-06
-4.30657e-07
-2.36122e-06
-2.5402e-07
-1.93891e-06
-1.1833e-07
-1.4538e-06
-3.12363e-08
-9.10963e-07
-3.17457e-07
-3.028e-08
3.45154e-07
-1.13828e-07
9.77201e-07
-2.43017e-07
1.54468e-06
-4.10141e-07
2.04354e-06
-6.07647e-07
2.47171e-06
-8.28311e-07
2.82862e-06
-1.0654e-06
3.11504e-06
-1.31276e-06
3.33291e-06
-1.56493e-06
3.48511e-06
-1.81714e-06
3.57521e-06
-2.0653e-06
3.6073e-06
-2.30604e-06
3.58576e-06
-2.53657e-06
3.51513e-06
-2.75471e-06
3.39996e-06
-2.95875e-06
3.24468e-06
-3.14739e-06
3.05358e-06
-3.3197e-06
2.83071e-06
-3.475e-06
2.57986e-06
-3.61283e-06
2.30459e-06
-3.73287e-06
2.00819e-06
-3.83488e-06
1.69372e-06
-3.91867e-06
1.36406e-06
-3.98405e-06
1.02192e-06
-4.03082e-06
6.69909e-07
-4.05872e-06
3.10583e-07
-4.06743e-06
-5.35026e-08
-4.05659e-06
-4.1973e-07
-4.02575e-06
-7.85362e-07
-3.97445e-06
-1.14748e-06
-3.9022e-06
-1.50294e-06
-3.80854e-06
-1.84829e-06
-3.69311e-06
-2.17976e-06
-3.55565e-06
-2.49322e-06
-3.39615e-06
-2.78415e-06
-3.21491e-06
-3.04763e-06
-3.0126e-06
-3.2784e-06
-2.79044e-06
-3.47089e-06
-2.55024e-06
-3.61931e-06
-2.29453e-06
-3.71775e-06
-2.02663e-06
-3.7604e-06
-1.75074e-06
-3.74169e-06
-1.47197e-06
-3.65658e-06
-1.19631e-06
-3.50076e-06
-9.30629e-07
-3.27102e-06
-6.82511e-07
-2.96541e-06
-4.60141e-07
-2.58359e-06
-2.72085e-07
-2.12697e-06
-1.2705e-07
-1.59884e-06
-3.36283e-08
-1.00438e-06
-3.51085e-07
-3.21056e-08
3.7726e-07
-1.20447e-07
1.06554e-06
-2.56638e-07
1.68087e-06
-4.32201e-07
2.2191e-06
-6.38842e-07
2.67836e-06
-8.68675e-07
3.05846e-06
-1.1144e-06
3.36077e-06
-1.36944e-06
3.58795e-06
-1.628e-06
3.74367e-06
-1.88512e-06
3.83233e-06
-2.13667e-06
3.85884e-06
-2.37927e-06
3.82836e-06
-2.61027e-06
3.74613e-06
-2.82763e-06
3.61733e-06
-3.02988e-06
3.44693e-06
-3.21598e-06
3.23968e-06
-3.38524e-06
2.99997e-06
-3.53727e-06
2.73189e-06
-3.67185e-06
2.43917e-06
-3.78891e-06
2.12524e-06
-3.88841e-06
1.79322e-06
-3.97036e-06
1.44601e-06
-4.03472e-06
1.08628e-06
-4.0814e-06
7.16589e-07
-4.11021e-06
3.39394e-07
-4.12087e-06
-4.28464e-08
-4.11298e-06
-4.27625e-07
-4.08603e-06
-8.12309e-07
-4.03944e-06
-1.19407e-06
-3.97256e-06
-1.56982e-06
-3.88471e-06
-1.93614e-06
-3.77525e-06
-2.28922e-06
-3.64363e-06
-2.62484e-06
-3.48951e-06
-2.93827e-06
-3.3128e-06
-3.22433e-06
-3.11384e-06
-3.47736e-06
-2.89348e-06
-3.69126e-06
-2.6532e-06
-3.85958e-06
-2.3953e-06
-3.97566e-06
-2.12294e-06
-4.03276e-06
-1.84028e-06
-4.02435e-06
-1.55255e-06
-3.94431e-06
-1.26604e-06
-3.78728e-06
-9.88068e-07
-3.54899e-06
-7.2689e-07
-3.22659e-06
-4.91509e-07
-2.81897e-06
-2.91445e-07
-2.32703e-06
-1.36457e-07
-1.75382e-06
-3.62264e-08
-1.10462e-06
-3.87312e-07
-3.40803e-08
4.1134e-07
-1.27561e-07
1.15902e-06
-2.71179e-07
1.82448e-06
-4.55554e-07
2.40348e-06
-6.71542e-07
2.89434e-06
-9.10501e-07
3.29741e-06
-1.16451e-06
3.61477e-06
-1.4265e-06
3.84994e-06
-1.69038e-06
4.00755e-06
-1.95101e-06
4.09296e-06
-2.20422e-06
4.11205e-06
-2.44672e-06
4.07086e-06
-2.67602e-06
3.97543e-06
-2.89033e-06
3.83164e-06
-3.08846e-06
3.64506e-06
-3.26967e-06
3.42089e-06
-3.43361e-06
3.16391e-06
-3.58019e-06
2.87847e-06
-3.7095e-06
2.56849e-06
-3.82175e-06
2.23749e-06
-3.91716e-06
1.88864e-06
-3.99595e-06
1.5248e-06
-4.05826e-06
1.14859e-06
-4.10411e-06
7.62448e-07
-4.13343e-06
3.68712e-07
-4.14596e-06
-3.03177e-08
-4.14129e-06
-4.32292e-07
-4.11887e-06
-8.34735e-07
-4.07797e-06
-1.23496e-06
-4.01778e-06
-1.63001e-06
-3.93739e-06
-2.01653e-06
-3.83586e-06
-2.39075e-06
-3.71231e-06
-2.74838e-06
-3.566e-06
-3.08458e-06
-3.39644e-06
-3.39389e-06
-3.20351e-06
-3.67029e-06
-2.98763e-06
-3.90715e-06
-2.74987e-06
-4.09734e-06
-2.49218e-06
-4.23335e-06
-2.21747e-06
-4.30747e-06
-1.92979e-06
-4.31203e-06
-1.63441e-06
-4.23968e-06
-1.33788e-06
-4.08381e-06
-1.048e-06
-3.83887e-06
-7.73703e-07
-3.50088e-06
-5.24914e-07
-3.06776e-06
-3.12235e-07
-2.53971e-06
-1.46634e-07
-1.91942e-06
-3.90576e-08
-1.21219e-06
-4.26369e-07
-3.62386e-08
4.47578e-07
-1.35283e-07
1.25807e-06
-2.86837e-07
1.97604e-06
-4.80465e-07
2.59711e-06
-7.0603e-07
3.11991e-06
-9.54022e-07
3.54541e-06
-1.21582e-06
3.87657e-06
-1.48386e-06
4.11798e-06
-1.75171e-06
4.2754e-06
-2.0141e-06
4.35536e-06
-2.26689e-06
4.36483e-06
-2.50691e-06
4.31088e-06
-2.73195e-06
4.20046e-06
-2.94051e-06
4.0402e-06
-3.13176e-06
3.83631e-06
-3.30536e-06
3.59449e-06
-3.46133e-06
3.31988e-06
-3.59996e-06
3.0171e-06
-3.72169e-06
2.69022e-06
-3.82705e-06
2.34284e-06
-3.91655e-06
1.97813e-06
-3.99064e-06
1.59889e-06
-4.04967e-06
1.20762e-06
-4.09384e-06
8.06611e-07
-4.12314e-06
3.98016e-07
-4.1374e-06
-1.60641e-08
-4.13619e-06
-4.33494e-07
-4.11891e-06
-8.52014e-07
-4.08473e-06
-1.26914e-06
-4.03265e-06
-1.6821e-06
-3.9615e-06
-2.08768e-06
-3.87005e-06
-2.4822e-06
-3.75705e-06
-2.86139e-06
-3.62131e-06
-3.22031e-06
-3.46187e-06
-3.55334e-06
-3.27808e-06
-3.85408e-06
-3.06983e-06
-4.11539e-06
-2.8377e-06
-4.32947e-06
-2.58314e-06
-4.48791e-06
-2.30871e-06
-4.5819e-06
-2.01823e-06
-4.60251e-06
-1.71693e-06
-4.54098e-06
-1.41157e-06
-4.38917e-06
-1.11039e-06
-4.14005e-06
-8.2307e-07
-3.7882e-06
-5.60533e-07
-3.3303e-06
-3.34615e-07
-2.76563e-06
-1.57679e-07
-2.09636e-06
-4.21548e-08
-1.32772e-06
-4.68524e-07
-3.86253e-08
4.86204e-07
-1.43757e-07
1.3632e-06
-3.03868e-07
2.13615e-06
-5.07269e-07
2.80051e-06
-7.42655e-07
3.35529e-06
-9.9952e-07
3.80227e-06
-1.26846e-06
4.14551e-06
-1.54136e-06
4.39089e-06
-1.81151e-06
4.54554e-06
-2.07352e-06
4.61738e-06
-2.32334e-06
4.61465e-06
-2.55806e-06
4.5456e-06
-2.77578e-06
4.41818e-06
-2.97543e-06
4.23985e-06
-3.15662e-06
4.0175e-06
-3.31946e-06
3.75733e-06
-3.46443e-06
3.46486e-06
-3.59226e-06
3.14493e-06
-3.70378e-06
2.80175e-06
-3.79989e-06
2.43895e-06
-3.88141e-06
2.05965e-06
-3.94907e-06
1.66655e-06
-4.00344e-06
1.26199e-06
-4.04489e-06
8.48056e-07
-4.07354e-06
4.26671e-07
-4.08928e-06
-3.21568e-10
-4.09172e-06
-4.31054e-07
-4.0802e-06
-8.6354e-07
-4.05377e-06
-1.29557e-06
-4.01126e-06
-1.72461e-06
-3.95127e-06
-2.14767e-06
-3.87223e-06
-2.56124e-06
-3.77249e-06
-2.96113e-06
-3.6504e-06
-3.34241e-06
-3.50443e-06
-3.69931e-06
-3.33336e-06
-4.02515e-06
-3.13642e-06
-4.31233e-06
-2.91357e-06
-4.55233e-06
-2.66566e-06
-4.73582e-06
-2.39474e-06
-4.85283e-06
-2.10426e-06
-4.89299e-06
-1.7993e-06
-4.84593e-06
-1.48671e-06
-4.70176e-06
-1.17517e-06
-4.4516e-06
-8.75118e-07
-4.08825e-06
-5.98575e-07
-3.60684e-06
-3.58777e-07
-3.00542e-06
-1.69715e-07
-2.28542e-06
-4.55595e-08
-1.45187e-06
-5.14083e-07
-4.12992e-08
5.27503e-07
-1.53169e-07
1.47507e-06
-3.22598e-07
2.30558e-06
-5.36387e-07
3.0143e-06
-7.8185e-07
3.60076e-06
-1.04733e-06
4.06775e-06
-1.32254e-06
4.42072e-06
-1.59881e-06
4.66716e-06
-1.86914e-06
4.81587e-06
-2.12814e-06
4.87638e-06
-2.37194e-06
4.85845e-06
-2.59797e-06
4.77163e-06
-2.80478e-06
4.62499e-06
-2.99183e-06
4.4269e-06
-3.15927e-06
4.18494e-06
-3.30776e-06
3.90582e-06
-3.43832e-06
3.59541e-06
-3.55214e-06
3.25875e-06
-3.65053e-06
2.90013e-06
-3.73475e-06
2.52318e-06
-3.806e-06
2.1309e-06
-3.86529e-06
1.72584e-06
-3.91344e-06
1.31014e-06
-3.951e-06
8.85616e-07
-3.97825e-06
4.53918e-07
-3.99514e-06
1.65774e-08
-4.00134e-06
-4.24863e-07
-3.99612e-06
-8.68752e-07
-3.97848e-06
-1.31321e-06
-3.94707e-06
-1.75602e-06
-3.90023e-06
-2.19451e-06
-3.83608e-06
-2.62538e-06
-3.75255e-06
-3.04466e-06
-3.64747e-06
-3.44749e-06
-3.51872e-06
-3.82805e-06
-3.3644e-06
-4.17947e-06
-3.18302e-06
-4.49371e-06
-2.97374e-06
-4.7616e-06
-2.73668e-06
-4.97288e-06
-2.47319e-06
-5.11631e-06
-2.18619e-06
-5.17999e-06
-1.88044e-06
-5.15168e-06
-1.56277e-06
-5.01943e-06
-1.24221e-06
-4.77216e-06
-9.29978e-07
-4.40048e-06
-6.39285e-07
-3.89753e-06
-3.84962e-07
-3.25975e-06
-1.82896e-07
-2.48749e-06
-4.93241e-08
-1.58544e-06
-5.63408e-07
-4.43372e-08
5.7184e-07
-1.63761e-07
1.59449e-06
-3.43442e-07
2.48526e-06
-5.68346e-07
3.2392e-06
-8.24139e-07
3.85655e-06
-1.09782e-06
4.34143e-06
-1.37814e-06
4.70105e-06
-1.65586e-06
4.94488e-06
-1.92374e-06
5.08375e-06
-2.1765e-06
5.12914e-06
-2.41057e-06
5.09252e-06
-2.62389e-06
4.98494e-06
-2.81559e-06
4.81669e-06
-2.98579e-06
4.5971e-06
-3.13528e-06
4.33444e-06
-3.26538e-06
4.03592e-06
-3.37769e-06
3.70772e-06
-3.47397e-06
3.35503e-06
-3.55599e-06
2.98216e-06
-3.62546e-06
2.59265e-06
-3.68394e-06
2.18938e-06
-3.73275e-06
1.77465e-06
-3.77296e-06
1.35035e-06
-3.80533e-06
9.1799e-07
-3.83029e-06
4.78882e-07
-3.84792e-06
3.41986e-08
-3.85788e-06
-4.14898e-07
-3.85949e-06
-8.67146e-07
-3.85163e-06
-1.32107e-06
-3.83282e-06
-1.77483e-06
-3.80118e-06
-2.22614e-06
-3.75451e-06
-2.67206e-06
-3.6903e-06
-3.10887e-06
-3.60587e-06
-3.53192e-06
-3.49846e-06
-3.93546e-06
-3.36542e-06
-4.31251e-06
-3.2044e-06
-4.65473e-06
-3.01366e-06
-4.95234e-06
-2.7924e-06
-5.19415e-06
-2.54107e-06
-5.36764e-06
-2.26185e-06
-5.45921e-06
-1.95895e-06
-5.45458e-06
-1.63902e-06
-5.33937e-06
-1.31131e-06
-5.09987e-06
-9.87788e-07
-4.724e-06
-6.82962e-07
-4.20236e-06
-4.1347e-07
-3.52924e-06
-1.97419e-07
-2.70354e-06
-5.35168e-08
-1.72934e-06
-6.16924e-07
-4.78408e-08
6.19681e-07
-1.75848e-07
1.7225e-06
-3.66931e-07
2.67634e-06
-6.03803e-07
3.47607e-06
-8.70145e-07
4.12289e-06
-1.1514e-06
4.62268e-06
-1.43527e-06
4.98492e-06
-1.71195e-06
5.22156e-06
-1.97409e-06
5.34589e-06
-2.21665e-06
5.37169e-06
-2.43655e-06
5.31242e-06
-2.6324e-06
5.18079e-06
-2.80411e-06
4.9884e-06
-2.95258e-06
4.74557e-06
-3.0794e-06
4.46126e-06
-3.1866e-06
4.14312e-06
-3.27646e-06
3.79758e-06
-3.35133e-06
3.4299e-06
-3.41351e-06
3.04433e-06
-3.46515e-06
2.64429e-06
-3.50818e-06
2.23241e-06
-3.54425e-06
1.81072e-06
-3.57469e-06
1.38079e-06
-3.60047e-06
9.43767e-07
-3.62217e-06
5.00585e-07
-3.63998e-06
5.20076e-08
-3.65365e-06
-4.0123e-07
-3.66248e-06
-8.58312e-07
-3.66533e-06
-1.31821e-06
-3.66059e-06
-1.77957e-06
-3.64619e-06
-2.24054e-06
-3.61962e-06
-2.69863e-06
-3.57799e-06
-3.1505e-06
-3.51807e-06
-3.59184e-06
-3.43643e-06
-4.0171e-06
-3.32963e-06
-4.41932e-06
-3.19436e-06
-4.78999e-06
-3.02786e-06
-5.11884e-06
-2.82818e-06
-5.39383e-06
-2.59467e-06
-5.60115e-06
-2.32846e-06
-5.72541e-06
-2.033e-06
-5.75005e-06
-1.71444e-06
-5.65792e-06
-1.38213e-06
-5.43219e-06
-1.04868e-06
-5.05745e-06
-7.29969e-07
-4.52107e-06
-4.44681e-07
-3.81453e-06
-2.13539e-07
-2.93468e-06
-5.82267e-08
-1.88466e-06
-6.75151e-07
-5.1945e-08
6.71626e-07
-1.89838e-07
1.86039e-06
-3.9374e-07
2.88024e-06
-6.43563e-07
3.7259e-06
-9.20588e-07
4.39992e-06
-1.20847e-06
4.91056e-06
-1.49377e-06
5.27023e-06
-1.7662e-06
5.49399e-06
-2.01846e-06
5.59815e-06
-2.24595e-06
5.59918e-06
-2.44635e-06
5.51282e-06
-2.61915e-06
5.3536e-06
-2.76524e-06
5.13449e-06
-2.88647e-06
4.8668e-06
-2.98534e-06
4.56012e-06
-3.0647e-06
4.22249e-06
-3.12757e-06
3.86045e-06
-3.17692e-06
3.47925e-06
-3.21559e-06
3.08301e-06
-3.24618e-06
2.67488e-06
-3.271e-06
2.25722e-06
-3.292e-06
1.83172e-06
-3.31076e-06
1.39954e-06
-3.32845e-06
9.61463e-07
-3.34583e-06
5.17967e-07
-3.3632e-06
6.93774e-08
-3.3804e-06
-3.84038e-07
-3.39676e-06
-8.4195e-07
-3.41113e-06
-1.30384e-06
-3.42182e-06
-1.76888e-06
-3.42661e-06
-2.23575e-06
-3.42275e-06
-2.70249e-06
-3.40696e-06
-3.16629e-06
-3.37552e-06
-3.62327e-06
-3.32435e-06
-4.06827e-06
-3.24914e-06
-4.49454e-06
-3.14559e-06
-4.89354e-06
-3.00973e-06
-5.2547e-06
-2.83831e-06
-5.56526e-06
-2.62929e-06
-5.81017e-06
-2.38247e-06
-5.97223e-06
-2.10013e-06
-6.03239e-06
-1.78766e-06
-5.97039e-06
-1.45415e-06
-5.7657e-06
-1.11276e-06
-5.39885e-06
-7.80741e-07
-4.85308e-06
-4.79081e-07
-4.11619e-06
-2.31591e-07
-3.18217e-06
-6.35727e-08
-2.05268e-06
-7.38724e-07
-5.68305e-08
7.28456e-07
-2.0627e-07
2.00983e-06
-4.24732e-07
3.09871e-06
-6.88606e-07
3.98977e-06
-9.76273e-07
4.68758e-06
-1.26932e-06
5.20361e-06
-1.55318e-06
5.55408e-06
-1.81719e-06
5.75799e-06
-2.05435e-06
5.83532e-06
-2.26084e-06
5.80566e-06
-2.43536e-06
5.68735e-06
-2.57861e-06
5.49684e-06
-2.69264e-06
5.24853e-06
-2.78047e-06
4.95462e-06
-2.8456e-06
4.62526e-06
-2.89182e-06
4.26871e-06
-2.9229e-06
3.89152e-06
-2.94246e-06
3.4988e-06
-2.95386e-06
3.09441e-06
-2.96015e-06
2.68117e-06
-2.96397e-06
2.26104e-06
-2.96756e-06
1.83531e-06
-2.97273e-06
1.40471e-06
-2.98084e-06
9.69574e-07
-2.9928e-06
5.29922e-07
-3.00903e-06
8.56048e-08
-3.02946e-06
-3.63606e-07
-3.05351e-06
-8.17901e-07
-3.08004e-06
-1.27731e-06
-3.10735e-06
-1.74158e-06
-3.13311e-06
-2.20999e-06
-3.1544e-06
-2.6812e-06
-3.16765e-06
-3.15304e-06
-3.16869e-06
-3.62224e-06
-3.15279e-06
-4.08416e-06
-3.11482e-06
-4.5325e-06
-3.04943e-06
-4.95893e-06
-2.95133e-06
-5.3528e-06
-2.81577e-06
-5.70082e-06
-2.63905e-06
-5.98689e-06
-2.41927e-06
-6.19201e-06
-2.15711e-06
-6.29455e-06
-1.85673e-06
-6.27077e-06
-1.52658e-06
-6.09584e-06
-1.18007e-06
-5.74536e-06
-8.35799e-07
-5.19735e-06
-5.17294e-07
-4.43469e-06
-2.5202e-07
-3.44745e-06
-6.97157e-08
-2.23498e-06
-8.08439e-07
-6.27424e-08
7.91199e-07
-2.25852e-07
2.17294e-06
-4.60998e-07
3.33385e-06
-7.40106e-07
4.26888e-06
-1.03803e-06
4.98551e-06
-1.33407e-06
5.49964e-06
-1.61251e-06
5.83253e-06
-1.86265e-06
6.00813e-06
-2.07815e-06
6.05083e-06
-2.25638e-06
5.98389e-06
-2.39748e-06
5.82845e-06
-2.50363e-06
5.603e-06
-2.57837e-06
5.32327e-06
-2.62601e-06
5.00225e-06
-2.65122e-06
4.65047e-06
-2.65872e-06
4.27621e-06
-2.65308e-06
3.88588e-06
-2.63855e-06
3.48428e-06
-2.619e-06
3.07486e-06
-2.59782e-06
2.66e-06
-2.57798e-06
2.2412e-06
-2.56194e-06
1.81927e-06
-2.5517e-06
1.39447e-06
-2.54878e-06
9.66651e-07
-2.55421e-06
5.35353e-07
-2.56854e-06
9.99379e-08
-2.59182e-06
-3.40329e-07
-2.62355e-06
-7.86171e-07
-2.66267e-06
-1.23819e-06
-2.70752e-06
-1.69673e-06
-2.75577e-06
-2.16174e-06
-2.80439e-06
-2.63258e-06
-2.84962e-06
-3.10781e-06
-2.88694e-06
-3.58492e-06
-2.91108e-06
-4.06002e-06
-2.91614e-06
-4.52744e-06
-2.89569e-06
-4.97938e-06
-2.8431e-06
-5.40539e-06
-2.75192e-06
-5.792e-06
-2.61651e-06
-6.12229e-06
-2.43286e-06
-6.37566e-06
-2.19955e-06
-6.52786e-06
-1.91889e-06
-6.55142e-06
-1.59815e-06
-6.41658e-06
-1.25051e-06
-6.093e-06
-8.95746e-07
-5.55212e-06
-5.60121e-07
-4.77032e-06
-2.75418e-07
-3.73215e-06
-7.68767e-08
-2.43352e-06
-8.85316e-07
-7.00183e-08
8.61217e-07
-2.49528e-07
2.35245e-06
-5.03926e-07
3.58825e-06
-7.99428e-07
4.56438e-06
-1.10664e-06
5.29273e-06
-1.40234e-06
5.79533e-06
-1.66993e-06
6.10012e-06
-1.89905e-06
6.23725e-06
-2.08465e-06
6.23643e-06
-2.2258e-06
6.12504e-06
-2.32458e-06
5.92722e-06
-2.38506e-06
5.66348e-06
-2.41248e-06
5.35069e-06
-2.41263e-06
5.00241e-06
-2.39143e-06
4.62927e-06
-2.35458e-06
4.23935e-06
-2.30737e-06
3.83868e-06
-2.25464e-06
3.43155e-06
-2.20066e-06
3.02088e-06
-2.14915e-06
2.60848e-06
-2.10325e-06
2.19531e-06
-2.06562e-06
1.78164e-06
-2.03836e-06
1.36721e-06
-2.02309e-06
9.5139e-07
-2.02097e-06
5.33233e-07
-2.03265e-06
1.11615e-07
-2.05828e-06
-3.14698e-07
-2.0975e-06
-7.46954e-07
-2.14937e-06
-1.18632e-06
-2.21234e-06
-1.63376e-06
-2.28416e-06
-2.08991e-06
-2.36185e-06
-2.55489e-06
-2.44157e-06
-3.02809e-06
-2.51859e-06
-3.5079e-06
-2.58726e-06
-3.99134e-06
-2.64101e-06
-4.47369e-06
-2.67244e-06
-4.94795e-06
-2.67353e-06
-5.4043e-06
-2.63607e-06
-5.82947e-06
-2.55221e-06
-6.20615e-06
-2.41539e-06
-6.51248e-06
-2.22149e-06
-6.72177e-06
-1.97024e-06
-6.80267e-06
-1.66689e-06
-6.71994e-06
-1.32371e-06
-6.43617e-06
-9.6124e-07
-5.91459e-06
-6.08587e-07
-5.12297e-06
-3.02592e-07
-4.03815e-06
-8.53647e-08
-2.65075e-06
-9.70681e-07
-7.91328e-08
9.4035e-07
-2.78569e-07
2.55189e-06
-5.55266e-07
3.86495e-06
-8.68093e-07
4.87721e-06
-1.18259e-06
5.60723e-06
-1.47296e-06
6.0857e-06
-1.72216e-06
6.34931e-06
-1.92094e-06
6.43603e-06
-2.06629e-06
6.38177e-06
-2.15974e-06
6.21849e-06
-2.20587e-06
5.97335e-06
-2.21104e-06
5.66865e-06
-2.18247e-06
5.32212e-06
-2.12756e-06
4.9475e-06
-2.05344e-06
4.55516e-06
-1.96676e-06
4.15267e-06
-1.87349e-06
3.74541e-06
-1.77889e-06
3.33695e-06
-1.68752e-06
2.92951e-06
-1.60328e-06
2.52424e-06
-1.52942e-06
2.12145e-06
-1.46864e-06
1.72086e-06
-1.4231e-06
1.32167e-06
-1.39446e-06
9.22749e-07
-1.38392e-06
5.22694e-07
-1.39222e-06
1.19916e-07
-1.41964e-06
-2.87284e-07
-1.46594e-06
-7.00647e-07
-1.53039e-06
-1.12188e-06
-1.61161e-06
-1.55254e-06
-1.70756e-06
-1.99396e-06
-1.81542e-06
-2.44703e-06
-1.93146e-06
-2.91205e-06
-2.05095e-06
-3.38841e-06
-2.16805e-06
-3.87425e-06
-2.27571e-06
-4.36603e-06
-2.36574e-06
-4.85792e-06
-2.42887e-06
-5.34117e-06
-2.45508e-06
-5.80326e-06
-2.43414e-06
-6.22709e-06
-2.35653e-06
-6.59008e-06
-2.21476e-06
-6.86354e-06
-2.00508e-06
-7.01235e-06
-1.72964e-06
-6.99538e-06
-1.39875e-06
-6.76706e-06
-1.03293e-06
-6.28042e-06
-6.63992e-07
-5.4919e-06
-3.34641e-07
-4.3675e-06
-9.56216e-08
-2.88977e-06
-1.0663e-06
-9.07689e-08
1.03112e-06
-3.14699e-07
2.77582e-06
-6.17199e-07
4.16745e-06
-9.47658e-07
5.20767e-06
-1.26573e-06
5.9253e-06
-1.54326e-06
6.36323e-06
-1.76366e-06
6.56972e-06
-1.91993e-06
6.5923e-06
-2.01219e-06
6.47403e-06
-2.04531e-06
6.25162e-06
-2.02703e-06
5.95507e-06
-1.9664e-06
5.60801e-06
-1.87278e-06
5.22851e-06
-1.75523e-06
4.82995e-06
-1.62205e-06
4.42198e-06
-1.48066e-06
4.01128e-06
-1.33752e-06
3.60227e-06
-1.19816e-06
3.19758e-06
-1.06725e-06
2.79859e-06
-9.48673e-07
2.40566e-06
-8.4566e-07
2.01844e-06
-7.60823e-07
1.63602e-06
-6.96256e-07
1.2571e-06
-6.53586e-07
8.80079e-07
-6.3401e-07
5.03119e-07
-6.3832e-07
1.24225e-07
-6.66893e-07
-2.5871e-07
-7.19678e-07
-6.47862e-07
-7.96143e-07
-1.04541e-06
-8.95206e-07
-1.45348e-06
-1.01514e-06
-1.87403e-06
-1.15345e-06
-2.30873e-06
-1.30671e-06
-2.75879e-06
-1.47043e-06
-3.22469e-06
-1.63884e-06
-3.70584e-06
-1.80477e-06
-4.2001e-06
-1.95949e-06
-4.70321e-06
-2.09271e-06
-5.20794e-06
-2.19277e-06
-5.70321e-06
-2.247e-06
-6.17286e-06
-2.24262e-06
-6.59446e-06
-2.1681e-06
-6.93807e-06
-2.01514e-06
-7.1653e-06
-1.78142e-06
-7.2291e-06
-1.47373e-06
-7.07475e-06
-1.11125e-06
-6.6429e-06
-7.27958e-07
-5.8752e-06
-3.73089e-07
-4.72237e-06
-1.08295e-07
-3.15456e-06
-1.1746e-06
-1.05939e-07
1.13706e-06
-3.60289e-07
3.03017e-06
-6.92382e-07
4.49954e-06
-1.03941e-06
5.5547e-06
-1.35451e-06
6.2404e-06
-1.60802e-06
6.61674e-06
-1.78533e-06
6.74703e-06
-1.88335e-06
6.69032e-06
-1.90677e-06
6.49744e-06
-1.86487e-06
6.20972e-06
-1.76917e-06
5.85937e-06
-1.63173e-06
5.47057e-06
-1.46413e-06
5.06091e-06
-1.27693e-06
4.64275e-06
-1.07942e-06
4.22446e-06
-8.79518e-07
3.81138e-06
-6.83906e-07
3.40665e-06
-4.98108e-07
3.01179e-06
-3.26659e-07
2.62714e-06
-1.7325e-07
2.25226e-06
-4.0866e-08
1.88606e-06
6.80973e-08
1.52706e-06
1.51733e-07
1.17347e-06
2.08549e-07
8.23262e-07
2.37417e-07
4.74251e-07
2.3754e-07
1.24103e-07
2.08448e-07
-2.29618e-07
1.50015e-07
-5.89429e-07
6.25058e-08
-9.57902e-07
-5.33537e-08
-1.33762e-06
-1.9627e-07
-1.73111e-06
-3.64242e-07
-2.14076e-06
-5.54384e-07
-2.56865e-06
-7.62711e-07
-3.01636e-06
-9.83893e-07
-3.48465e-06
-1.21099e-06
-3.973e-06
-1.43519e-06
-4.479e-06
-1.64563e-06
-4.99751e-06
-1.82931e-06
-5.51952e-06
-1.97136e-06
-6.03081e-06
-2.05559e-06
-6.51022e-06
-2.06588e-06
-6.92778e-06
-1.98828e-06
-7.24291e-06
-1.81425e-06
-7.40313e-06
-1.54496e-06
-7.34404e-06
-1.19609e-06
-6.99176e-06
-8.02413e-07
-6.26888e-06
-4.20053e-07
-5.10473e-06
-1.24359e-07
-3.45026e-06
-1.29896e-06
-1.26192e-07
1.26325e-06
-4.18621e-07
3.3226e-06
-7.83875e-07
4.8648e-06
-1.14372e-06
5.91454e-06
-1.44474e-06
6.54142e-06
-1.65768e-06
6.82967e-06
-1.77245e-06
6.8618e-06
-1.79219e-06
6.71007e-06
-1.72792e-06
6.43318e-06
-1.59446e-06
6.07626e-06
-1.40761e-06
5.67252e-06
-1.18254e-06
5.2455e-06
-9.32886e-07
4.81125e-06
-6.70396e-07
4.38026e-06
-4.04897e-07
3.95896e-06
-1.44443e-07
3.55093e-06
1.04473e-07
3.15774e-06
3.36667e-07
2.77959e-06
5.48036e-07
2.41578e-06
7.35343e-07
2.06495e-06
8.9604e-07
1.72536e-06
1.02811e-06
1.39498e-06
1.12998e-06
1.0716e-06
1.20038e-06
7.52862e-07
1.23833e-06
4.36302e-07
1.24307e-06
1.19358e-07
1.21408e-06
-2.00623e-07
1.15104e-06
-5.26391e-07
1.05392e-06
-8.60786e-07
9.23036e-07
-1.20673e-06
7.59127e-07
-1.5672e-06
5.6354e-07
-1.94517e-06
3.38404e-07
-2.34351e-06
8.68849e-08
-2.76484e-06
-1.8651e-07
-3.21126e-06
-4.75569e-07
-3.68395e-06
-7.71972e-07
-4.1826e-06
-1.06489e-06
-4.70458e-06
-1.34067e-06
-5.24374e-06
-1.58268e-06
-5.78881e-06
-1.7716e-06
-6.32129e-06
-1.88645e-06
-6.81293e-06
-1.90661e-06
-7.22275e-06
-1.81543e-06
-7.49431e-06
-1.60557e-06
-7.55391e-06
-1.28598e-06
-7.31136e-06
-8.89456e-07
-6.6654e-06
-4.78493e-07
-5.51569e-06
-1.45329e-07
-3.78342e-06
-1.44428e-06
-1.53979e-07
1.41723e-06
-4.94216e-07
3.66284e-06
-8.94775e-07
5.26535e-06
-1.25859e-06
6.27836e-06
-1.52721e-06
6.81004e-06
-1.67546e-06
6.97792e-06
-1.70166e-06
6.888e-06
-1.61828e-06
6.62669e-06
-1.44463e-06
6.25952e-06
-1.20193e-06
5.83356e-06
-9.10525e-07
5.38111e-06
-5.88388e-07
4.92336e-06
-2.50658e-07
4.47352e-06
9.03566e-08
4.03925e-06
4.24899e-07
3.62442e-06
7.45376e-07
3.23045e-06
1.04596e-06
2.85715e-06
1.32224e-06
2.50332e-06
1.57086e-06
2.16715e-06
1.78932e-06
1.84649e-06
1.97572e-06
1.53897e-06
2.12859e-06
1.24211e-06
2.24679e-06
9.53401e-07
2.3294e-06
6.70252e-07
2.37565e-06
3.9005e-07
2.38488e-06
1.10124e-07
2.35653e-06
-1.72272e-07
2.29013e-06
-4.59984e-07
2.18532e-06
-7.55979e-07
2.04195e-06
-1.06337e-06
1.86016e-06
-1.3854e-06
1.64047e-06
-1.72548e-06
1.38407e-06
-2.08711e-06
1.09299e-06
-2.47377e-06
7.70512e-07
-2.88878e-06
4.21574e-07
-3.33501e-06
5.33063e-08
-3.81433e-06
-3.2435e-07
-4.32693e-06
-6.98004e-07
-4.87009e-06
-1.05025e-06
-5.43656e-06
-1.35941e-06
-6.01213e-06
-1.59992e-06
-6.57242e-06
-1.74392e-06
-7.07875e-06
-1.76474e-06
-7.47349e-06
-1.64311e-06
-7.67553e-06
-1.37648e-06
-7.57798e-06
-9.90841e-07
-7.05104e-06
-5.52489e-07
-5.95404e-06
-1.73626e-07
-4.16228e-06
-1.61791e-06
-1.93283e-07
1.61051e-06
-5.93142e-07
4.06269e-06
-1.02703e-06
5.69924e-06
-1.37678e-06
6.6281e-06
-1.58352e-06
7.01679e-06
-1.63268e-06
7.02708e-06
-1.53656e-06
6.79188e-06
-1.32057e-06
6.4107e-06
-1.01402e-06
5.95297e-06
-6.4496e-07
5.4645e-06
-2.37732e-07
4.97388e-06
1.87761e-07
4.49787e-06
6.15907e-07
4.04538e-06
1.03483e-06
3.62032e-06
1.43572e-06
3.22354e-06
1.81215e-06
2.85401e-06
2.15957e-06
2.50973e-06
2.47475e-06
2.18814e-06
2.75548e-06
1.88643e-06
3.0002e-06
1.60176e-06
3.20788e-06
1.33129e-06
3.37773e-06
1.07226e-06
3.50918e-06
8.21953e-07
3.60171e-06
5.77717e-07
3.65485e-06
3.36917e-07
3.66806e-06
9.69079e-08
3.6408e-06
-1.45008e-07
3.57244e-06
-3.91625e-07
3.46234e-06
-6.45879e-07
3.30987e-06
-9.1089e-07
3.11447e-06
-1.19001e-06
2.87582e-06
-1.48683e-06
2.59395e-06
-1.80524e-06
2.26956e-06
-2.14937e-06
1.90428e-06
-2.52351e-06
1.50125e-06
-2.93197e-06
1.06563e-06
-3.37871e-06
6.05459e-07
-3.86676e-06
1.32595e-07
-4.39723e-06
-3.36255e-07
-4.96771e-06
-7.7854e-07
-5.56985e-06
-1.16533e-06
-6.18563e-06
-1.46185e-06
-6.78223e-06
-1.63015e-06
-7.30518e-06
-1.63539e-06
-7.67029e-06
-1.45714e-06
-7.75624e-06
-1.10657e-06
-7.40161e-06
-6.47435e-07
-6.41317e-06
-2.13214e-07
-4.5965e-06
-1.83113e-06
-2.50662e-07
1.86117e-06
-7.22852e-07
4.53488e-06
-1.17834e-06
6.15473e-06
-1.4799e-06
6.92966e-06
-1.57881e-06
7.11569e-06
-1.48151e-06
6.92978e-06
-1.2214e-06
6.53177e-06
-8.40263e-07
6.02956e-06
-3.78168e-07
5.49088e-06
1.30905e-07
4.95543e-06
6.6018e-07
4.44461e-06
1.18959e-06
3.96846e-06
1.70466e-06
3.53031e-06
2.19531e-06
3.12967e-06
2.65474e-06
2.7641e-06
3.07854e-06
2.43021e-06
3.46399e-06
2.12428e-06
3.80952e-06
1.84261e-06
4.11431e-06
1.58164e-06
4.37803e-06
1.33804e-06
4.60059e-06
1.10874e-06
4.78202e-06
8.90827e-07
4.92236e-06
6.8161e-07
5.02158e-06
4.78502e-07
5.0795e-06
2.78998e-07
5.09578e-06
8.06194e-08
5.06992e-06
-1.19143e-07
5.00118e-06
-3.22885e-07
4.88865e-06
-5.33349e-07
4.73124e-06
-7.53486e-07
4.52776e-06
-9.86523e-07
4.27696e-06
-1.23603e-06
3.97769e-06
-1.50597e-06
3.62911e-06
-1.80079e-06
3.23098e-06
-2.12538e-06
2.7841e-06
-2.4851e-06
2.29097e-06
-2.88558e-06
1.75664e-06
-3.33243e-06
1.18991e-06
-3.83049e-06
6.0482e-07
-4.38262e-06
2.24287e-08
-4.98746e-06
-5.27441e-07
-5.63576e-06
-1.00505e-06
-6.30462e-06
-1.3615e-06
-6.94873e-06
-1.54352e-06
-7.48828e-06
-1.50538e-06
-7.79437e-06
-1.23138e-06
-7.67562e-06
-7.69634e-07
-6.87492e-06
-2.70615e-07
-5.09552e-06
-2.10174e-06
-3.36755e-07
2.19793e-06
-8.90183e-07
5.08831e-06
-1.3344e-06
6.59896e-06
-1.52683e-06
7.12209e-06
-1.44924e-06
7.0381e-06
-1.14396e-06
6.6245e-06
-6.72768e-07
6.06058e-06
-9.54133e-08
5.4522e-06
5.38928e-07
4.85654e-06
1.19331e-06
4.30105e-06
1.84164e-06
3.79628e-06
2.46643e-06
3.34367e-06
3.05652e-06
2.94021e-06
3.60524e-06
2.58095e-06
4.10897e-06
2.26038e-06
4.56608e-06
1.9731e-06
4.97621e-06
1.71415e-06
5.33975e-06
1.47906e-06
5.6575e-06
1.26389e-06
5.93042e-06
1.06513e-06
6.15945e-06
8.79699e-07
6.34546e-06
7.04818e-07
6.48911e-06
5.3796e-07
6.59084e-06
3.76776e-07
6.6508e-06
2.19034e-07
6.66887e-06
6.25505e-08
6.64459e-06
-9.48645e-08
6.57718e-06
-2.55475e-07
6.46552e-06
-4.21683e-07
6.30813e-06
-5.96101e-07
6.10324e-06
-7.81631e-07
5.84877e-06
-9.81554e-07
5.54242e-06
-1.19963e-06
5.18182e-06
-1.44019e-06
4.76472e-06
-1.70828e-06
4.28934e-06
-2.00972e-06
3.75494e-06
-2.35118e-06
3.16261e-06
-2.7401e-06
2.51657e-06
-3.18445e-06
1.82589e-06
-3.69195e-06
1.10696e-06
-4.26852e-06
3.86497e-07
-4.9153e-06
-2.95097e-07
-5.62303e-06
-8.81308e-07
-6.36252e-06
-1.30047e-06
-7.06912e-06
-1.47505e-06
-7.61979e-06
-1.34653e-06
-7.80414e-06
-9.23758e-07
-7.29769e-06
-3.5628e-07
-5.663e-06
-2.45802e-06
-4.67159e-07
2.66509e-06
-1.09304e-06
5.71419e-06
-1.45059e-06
6.95651e-06
-1.43132e-06
7.10282e-06
-1.08159e-06
6.68837e-06
-4.96488e-07
6.0394e-06
2.30165e-07
5.33393e-06
1.02403e-06
4.65834e-06
1.83273e-06
4.04784e-06
2.62222e-06
3.51156e-06
3.37194e-06
3.04656e-06
4.07052e-06
2.64509e-06
4.7126e-06
2.29813e-06
5.2965e-06
1.99705e-06
5.82273e-06
1.73415e-06
6.29299e-06
1.50284e-06
6.70957e-06
1.29757e-06
7.07494e-06
1.1137e-06
7.39148e-06
9.47342e-07
7.66142e-06
7.95195e-07
7.88667e-06
6.5445e-07
8.06882e-06
5.22663e-07
8.20911e-06
3.97667e-07
8.3084e-06
2.77491e-07
8.36714e-06
1.60293e-07
8.38539e-06
4.42944e-08
8.36281e-06
-7.22764e-08
8.29858e-06
-1.91248e-07
8.19146e-06
-3.14566e-07
8.03973e-06
-4.44368e-07
7.84116e-06
-5.83057e-07
7.593e-06
-7.33402e-07
7.29203e-06
-8.9865e-07
6.9345e-06
-1.08266e-06
6.51631e-06
-1.29009e-06
6.03313e-06
-1.52654e-06
5.48079e-06
-1.79883e-06
4.85587e-06
-2.11519e-06
4.15679e-06
-2.48537e-06
3.38548e-06
-2.92063e-06
2.55007e-06
-3.43311e-06
1.66887e-06
-4.03411e-06
7.75852e-07
-4.73001e-06
-7.28597e-08
-5.51381e-06
-7.93376e-07
-6.3486e-06
-1.27522e-06
-7.13794e-06
-1.40104e-06
-7.67832e-06
-1.10344e-06
-7.59528e-06
-4.84954e-07
-6.28149e-06
-2.94297e-06
-6.56502e-07
3.32159e-06
-1.29241e-06
6.35009e-06
-1.41008e-06
7.07418e-06
-1.02131e-06
6.71406e-06
-2.82585e-07
5.94964e-06
6.48639e-07
5.10817e-06
1.65415e-06
4.32842e-06
2.65771e-06
3.65477e-06
3.61551e-06
3.09004e-06
4.50525e-06
2.62181e-06
5.31785e-06
2.23396e-06
6.05176e-06
1.91118e-06
6.70942e-06
1.64048e-06
7.29518e-06
1.41129e-06
7.81409e-06
1.21523e-06
8.27125e-06
1.04568e-06
8.67141e-06
8.97406e-07
9.01889e-06
7.6623e-07
9.31743e-06
6.48803e-07
9.57023e-06
5.42388e-07
9.77997e-06
4.44714e-07
9.94877e-06
3.53858e-07
1.00783e-05
2.68153e-07
1.01697e-05
1.86109e-07
1.02236e-05
1.06357e-07
1.02403e-05
2.75872e-08
1.02195e-05
-5.14961e-08
1.01605e-05
-1.32227e-07
1.0062e-05
-2.16031e-07
9.92209e-06
-3.04482e-07
9.73841e-06
-3.99373e-07
9.5078e-06
-5.028e-07
9.22642e-06
-6.1727e-07
8.8896e-06
-7.45836e-07
8.49179e-06
-8.9228e-07
8.02659e-06
-1.06134e-06
7.48679e-06
-1.25903e-06
6.86462e-06
-1.49301e-06
6.15233e-06
-1.77308e-06
5.34339e-06
-2.11169e-06
4.43471e-06
-2.52443e-06
3.43055e-06
-3.02995e-06
2.34915e-06
-3.64861e-06
1.23282e-06
-4.39747e-06
1.61615e-07
-5.2774e-06
-7.33443e-07
-6.24288e-06
-1.27078e-06
-7.14099e-06
-1.26165e-06
-7.60441e-06
-6.68225e-07
-6.87492e-06
-3.6112e-06
-8.88029e-07
4.20962e-06
-1.33348e-06
6.79555e-06
-9.35246e-07
6.67595e-06
2.92238e-08
5.74959e-06
1.26088e-06
4.71799e-06
2.55953e-06
3.80953e-06
3.81276e-06
3.07519e-06
4.96768e-06
2.49985e-06
6.00589e-06
2.05183e-06
6.92676e-06
1.70095e-06
7.73771e-06
1.42301e-06
8.44914e-06
1.19975e-06
9.07187e-06
1.01775e-06
9.616e-06
8.67156e-07
1.00905e-05
7.40734e-07
1.05031e-05
6.331e-07
1.08603e-05
5.40195e-07
1.11676e-05
4.58914e-07
1.14296e-05
3.86837e-07
1.16499e-05
3.22045e-07
1.18317e-05
2.62985e-07
1.19771e-05
2.08366e-07
1.20882e-05
1.5709e-07
1.21661e-05
1.08191e-07
1.22117e-05
6.07932e-08
1.22252e-05
1.40649e-08
1.22065e-05
-3.28116e-08
1.2155e-05
-8.06765e-08
1.20694e-05
-1.30429e-07
1.1948e-05
-1.83068e-07
1.17883e-05
-2.39743e-07
1.15873e-05
-3.01813e-07
1.1341e-05
-3.70931e-07
1.10443e-05
-4.49148e-07
1.06911e-05
-5.39067e-07
1.02738e-05
-6.44043e-07
9.78325e-06
-7.68479e-07
9.20847e-06
-9.18241e-07
8.53665e-06
-1.10126e-06
7.7533e-06
-1.32835e-06
6.8433e-06
-1.61443e-06
5.79327e-06
-1.97992e-06
4.597e-06
-2.45233e-06
3.26609e-06
-3.06657e-06
1.84936e-06
-3.86067e-06
4.62651e-07
-4.85617e-06
-6.76113e-07
-6.00222e-06
-1.23213e-06
-7.04839e-06
-8.81361e-07
-7.22569e-06
-4.49256e-06
-1.01533e-06
5.22495e-06
-7.47868e-07
6.52809e-06
5.83982e-07
5.3441e-06
2.29991e-06
4.03366e-06
4.01951e-06
2.99839e-06
5.58465e-06
2.24439e-06
6.94876e-06
1.71107e-06
8.11545e-06
1.33316e-06
9.10689e-06
1.06039e-06
9.94917e-06
8.58675e-07
1.06665e-05
7.05707e-07
1.12794e-05
5.86866e-07
1.18046e-05
4.92455e-07
1.22559e-05
4.1591e-07
1.26439e-05
3.52692e-07
1.29775e-05
2.99583e-07
1.32634e-05
2.54247e-07
1.35074e-05
2.14953e-07
1.37138e-05
1.80384e-07
1.38863e-05
1.49519e-07
1.40278e-05
1.21546e-07
1.41403e-05
9.58026e-08
1.42257e-05
7.17308e-08
1.4285e-05
4.88477e-08
1.43191e-05
2.67177e-08
1.43283e-05
4.93227e-09
1.43124e-05
-1.69097e-08
1.42709e-05
-3.92192e-08
1.42029e-05
-6.24373e-08
1.41069e-05
-8.70558e-08
1.39808e-05
-1.13645e-07
1.38219e-05
-1.42885e-07
1.36265e-05
-1.75615e-07
1.33903e-05
-2.12891e-07
1.31073e-05
-2.56076e-07
1.27702e-05
-3.06969e-07
1.23697e-05
-3.67993e-07
1.1894e-05
-4.42491e-07
1.13279e-05
-5.35177e-07
1.06524e-05
-6.52871e-07
9.84369e-06
-8.05681e-07
8.8727e-06
-1.00893e-06
7.70663e-06
-1.28626e-06
6.31434e-06
-1.67428e-06
4.68179e-06
-2.22811e-06
2.84722e-06
-3.02161e-06
9.70993e-07
-4.126e-06
-5.42746e-07
-5.53465e-06
-9.63005e-07
-6.80543e-06
-5.45557e-06
-2.34975e-07
5.45992e-06
1.80398e-06
4.48913e-06
4.40146e-06
2.74662e-06
6.72176e-06
1.71336e-06
8.60683e-06
1.11332e-06
1.00972e-05
7.5398e-07
1.12737e-05
5.34622e-07
1.22107e-05
3.96111e-07
1.29667e-05
3.04429e-07
1.35846e-05
2.40735e-07
1.40958e-05
1.94525e-07
1.4523e-05
1.59742e-07
1.48827e-05
1.32738e-07
1.51874e-05
1.11218e-07
1.54464e-05
9.36824e-08
1.56668e-05
7.91091e-08
1.58543e-05
6.67797e-08
1.60131e-05
5.61735e-08
1.61466e-05
4.69027e-08
1.62574e-05
3.86707e-08
1.63477e-05
3.12449e-08
1.64191e-05
2.44376e-08
1.64727e-05
1.80928e-08
1.65095e-05
1.20762e-08
1.65299e-05
6.26761e-09
1.65343e-05
5.55124e-10
1.65226e-05
-5.17122e-09
1.64944e-05
-1.10235e-08
1.64491e-05
-1.71225e-08
1.63856e-05
-2.36035e-08
1.63026e-05
-3.06237e-08
1.61981e-05
-3.83731e-08
1.60696e-05
-4.70869e-08
1.59137e-05
-5.70656e-08
1.57264e-05
-6.87018e-08
1.55019e-05
-8.25218e-08
1.52332e-05
-9.92497e-08
1.49106e-05
-1.1991e-07
1.45214e-05
-1.46e-07
1.40483e-05
-1.79791e-07
1.34675e-05
-2.24882e-07
1.27458e-05
-2.87244e-07
1.18369e-05
-3.77288e-07
1.06765e-05
-5.13942e-07
9.18064e-06
-7.32222e-07
7.25445e-06
-1.09542e-06
4.84335e-06
-1.7149e-06
2.10375e-06
-2.79506e-06
-1.0574e-07
-4.59594e-06
-5.56131e-06
5.45992e-06
9.94905e-06
1.26957e-05
1.4409e-05
1.55223e-05
1.62763e-05
1.68109e-05
1.72071e-05
1.75115e-05
1.77522e-05
1.79467e-05
1.81065e-05
1.82392e-05
1.83504e-05
1.84441e-05
1.85232e-05
1.859e-05
1.86462e-05
1.86931e-05
1.87318e-05
1.8763e-05
1.87874e-05
1.88055e-05
1.88176e-05
1.88239e-05
1.88244e-05
1.88193e-05
1.88082e-05
1.87911e-05
1.87675e-05
1.87369e-05
1.86985e-05
1.86514e-05
1.85944e-05
1.85257e-05
1.84431e-05
1.83439e-05
1.8224e-05
1.8078e-05
1.78982e-05
1.76733e-05
1.73861e-05
1.70088e-05
1.64948e-05
1.57626e-05
1.46672e-05
1.29523e-05
1.01572e-05
5.56131e-06
)
;

boundaryField
{
    movingWall
    {
        type            calculated;
        value           uniform 0;
    }
    fixedWalls
    {
        type            calculated;
        value           uniform 0;
    }
    frontAndBack
    {
        type            empty;
        value           nonuniform List<scalar> 0();
    }
}


// ************************************************************************* //
