/*--------------------------------*- C++ -*----------------------------------*\
| =========                 |                                                 |
| \\      /  F ield         | OpenFOAM: The Open Source CFD Toolbox           |
|  \\    /   O peration     | Version:  v2012                                 |
|   \\  /    A nd           | Website:  www.openfoam.com                      |
|    \\/     M anipulation  |                                                 |
\*---------------------------------------------------------------------------*/
FoamFile
{
    version     2.0;
    format      ascii;
    class       volVectorField;
    location    "0.2";
    object      U;
}
// * * * * * * * * * * * * * * * * * * * * * * * * * * * * * * * * * * * * * //

dimensions      [0 1 -1 0 0 0 0];


internalField   nonuniform List<vector> 
2500
(
(3.2841e-05 -3.25691e-05 0)
(9.89682e-05 -4.05471e-05 0)
(0.000137294 -2.08965e-05 0)
(0.000106148 7.88043e-06 0)
(-8.75856e-06 3.7716e-05 0)
(-0.000205906 6.52991e-05 0)
(-0.00047797 8.93159e-05 0)
(-0.000815143 0.000109352 0)
(-0.00120649 0.000125382 0)
(-0.00164076 0.000137545 0)
(-0.00210681 0.000146046 0)
(-0.00259384 0.000151115 0)
(-0.00309157 0.000152993 0)
(-0.00359032 0.000151922 0)
(-0.00408101 0.00014814 0)
(-0.00455528 0.00014188 0)
(-0.00500542 0.00013337 0)
(-0.00542442 0.000122836 0)
(-0.00580599 0.000110496 0)
(-0.00614453 9.65686e-05 0)
(-0.00643515 8.12691e-05 0)
(-0.0066737 6.48149e-05 0)
(-0.00685673 4.74257e-05 0)
(-0.00698155 2.93253e-05 0)
(-0.00704624 1.07436e-05 0)
(-0.00704965 -8.08241e-06 0)
(-0.00699144 -2.69073e-05 0)
(-0.0068721 -4.54767e-05 0)
(-0.00669298 -6.35277e-05 0)
(-0.0064563 -8.07885e-05 0)
(-0.00616517 -9.69803e-05 0)
(-0.00582363 -0.000111818 0)
(-0.00543662 -0.000125015 0)
(-0.00501 -0.000136282 0)
(-0.00455052 -0.000145334 0)
(-0.0040658 -0.000151891 0)
(-0.0035643 -0.000155685 0)
(-0.00305524 -0.000156462 0)
(-0.00254852 -0.000153987 0)
(-0.00205463 -0.000148047 0)
(-0.00158455 -0.000138457 0)
(-0.00114952 -0.00012507 0)
(-0.000760887 -0.000107793 0)
(-0.00042978 -8.66224e-05 0)
(-0.000166589 -6.17408e-05 0)
(1.98281e-05 -3.37352e-05 0)
(0.000123536 -4.08498e-06 0)
(0.000144719 2.37595e-05 0)
(9.97054e-05 4.17327e-05 0)
(3.20923e-05 3.20296e-05 0)
(4.1151e-05 -9.87955e-05 0)
(9.4008e-05 -9.26639e-05 0)
(4.55356e-05 1.46269e-05 0)
(-0.000168578 0.000161787 0)
(-0.000575244 0.000318099 0)
(-0.00117581 0.000467559 0)
(-0.00195792 0.000601843 0)
(-0.00290135 0.000716891 0)
(-0.00398145 0.000810962 0)
(-0.00517135 0.000883594 0)
(-0.0064434 0.000935061 0)
(-0.00777008 0.000966073 0)
(-0.00912462 0.000977607 0)
(-0.0104814 0.000970804 0)
(-0.0118162 0.000946904 0)
(-0.0131065 0.000907209 0)
(-0.0143312 0.00085306 0)
(-0.0154713 0.000785819 0)
(-0.0165095 0.000706865 0)
(-0.0174305 0.000617592 0)
(-0.0182209 0.000519409 0)
(-0.0188692 0.000413747 0)
(-0.0193661 0.00030206 0)
(-0.0197043 0.000185837 0)
(-0.0198785 6.66041e-05 0)
(-0.0198857 -5.40698e-05 0)
(-0.0197251 -0.00017457 0)
(-0.0193983 -0.000293237 0)
(-0.018909 -0.000408365 0)
(-0.0182636 -0.000518212 0)
(-0.0174708 -0.000621005 0)
(-0.0165416 -0.000714955 0)
(-0.0154896 -0.000798275 0)
(-0.0143308 -0.000869199 0)
(-0.0130836 -0.000926007 0)
(-0.0117685 -0.000967053 0)
(-0.0104083 -0.0009908 0)
(-0.00902739 -0.000995853 0)
(-0.00765204 -0.000981005 0)
(-0.00630967 -0.000945286 0)
(-0.00502859 -0.000888033 0)
(-0.00383732 -0.00080899 0)
(-0.00276391 -0.000708465 0)
(-0.00183484 -0.000587611 0)
(-0.00107351 -0.000448926 0)
(-0.00049799 -0.000297248 0)
(-0.000117655 -0.000141583 0)
(7.23095e-05 1.59168e-06 0)
(0.000102807 0.000101732 0)
(4.21067e-05 9.97329e-05 0)
(2.25129e-05 -0.000138979 0)
(-9.9533e-06 -4.54988e-05 0)
(-0.000233813 0.000239575 0)
(-0.000705293 0.000608845 0)
(-0.00145016 0.00100196 0)
(-0.00246995 0.00138262 0)
(-0.00374885 0.0017293 0)
(-0.00525981 0.0020299 0)
(-0.00696877 0.00227809 0)
(-0.00883767 0.00247112 0)
(-0.0108265 0.00260852 0)
(-0.0128948 0.00269129 0)
(-0.0150026 0.00272139 0)
(-0.0171115 0.00270144 0)
(-0.0191846 0.0026345 0)
(-0.0211874 0.00252389 0)
(-0.0230878 0.00237315 0)
(-0.0248564 0.00218596 0)
(-0.0264665 0.00196609 0)
(-0.0278944 0.0017174 0)
(-0.0291193 0.00144383 0)
(-0.0301235 0.0011494 0)
(-0.0308926 0.000838201 0)
(-0.0314152 0.000514442 0)
(-0.0316834 0.000182425 0)
(-0.0316927 -0.000153433 0)
(-0.0314418 -0.000488595 0)
(-0.0309334 -0.000818412 0)
(-0.0301735 -0.00113813 0)
(-0.0291719 -0.00144291 0)
(-0.0279423 -0.00172785 0)
(-0.0265018 -0.00198804 0)
(-0.0248715 -0.00221859 0)
(-0.023076 -0.00241473 0)
(-0.0211436 -0.00257182 0)
(-0.0191056 -0.00268551 0)
(-0.0169967 -0.00275177 0)
(-0.0148541 -0.00276705 0)
(-0.0127171 -0.00272843 0)
(-0.0106271 -0.00263372 0)
(-0.00862576 -0.00248176 0)
(-0.00675514 -0.0022727 0)
(-0.00505572 -0.00200845 0)
(-0.00356507 -0.00169343 0)
(-0.00231555 -0.00133578 0)
(-0.00133137 -0.000949378 0)
(-0.000624438 -0.000557234 0)
(-0.000188715 -0.000196568 0)
(7.03821e-06 7.26516e-05 0)
(2.53249e-05 0.000146334 0)
(-4.88468e-06 -0.000112072 0)
(-0.000153698 0.000164577 0)
(-0.000599528 0.000709867 0)
(-0.00137211 0.00137893 0)
(-0.00248609 0.00208376 0)
(-0.00393885 0.00276706 0)
(-0.00570975 0.00339224 0)
(-0.00776548 0.00393705 0)
(-0.0100644 0.00438876 0)
(-0.0125598 0.00474098 0)
(-0.0152019 0.00499161 0)
(-0.0179402 0.00514149 0)
(-0.020724 0.00519347 0)
(-0.0235045 0.00515184 0)
(-0.0262344 0.00502186 0)
(-0.0288693 0.00480947 0)
(-0.0313678 0.00452113 0)
(-0.0336917 0.00416363 0)
(-0.0358063 0.00374405 0)
(-0.0376808 0.00326967 0)
(-0.0392881 0.00274797 0)
(-0.0406053 0.00218662 0)
(-0.0416134 0.00159345 0)
(-0.0422979 0.000976507 0)
(-0.0426483 0.000344021 0)
(-0.0426588 -0.000295555 0)
(-0.0423282 -0.000933564 0)
(-0.0416598 -0.00156115 0)
(-0.0406617 -0.00216927 0)
(-0.0393467 -0.00274876 0)
(-0.0377327 -0.00329037 0)
(-0.0358422 -0.00378487 0)
(-0.0337024 -0.00422309 0)
(-0.0313455 -0.00459613 0)
(-0.0288077 -0.00489541 0)
(-0.0261298 -0.00511294 0)
(-0.0233562 -0.00524142 0)
(-0.0205345 -0.00527456 0)
(-0.0177151 -0.00520728 0)
(-0.0149501 -0.00503611 0)
(-0.0122924 -0.00475961 0)
(-0.00979455 -0.00437894 0)
(-0.00750686 -0.00389873 0)
(-0.00547562 -0.00332825 0)
(-0.00374054 -0.00268333 0)
(-0.00233168 -0.00198922 0)
(-0.00126521 -0.00128504 0)
(-0.000538404 -0.000629637 0)
(-0.000129719 -0.000110828 0)
(-6.02646e-07 0.000130093 0)
(-3.36539e-05 -3.23021e-06 0)
(-0.000309751 0.000567523 0)
(-0.000999391 0.00145721 0)
(-0.00209617 0.00249557 0)
(-0.00359705 0.00357241 0)
(-0.00549137 0.00461189 0)
(-0.00775149 0.00556298 0)
(-0.0103371 0.0063929 0)
(-0.0131996 0.00708175 0)
(-0.0162846 0.00761871 0)
(-0.0195344 0.00799944 0)
(-0.0228898 0.00822421 0)
(-0.0262918 0.00829659 0)
(-0.0296827 0.00822257 0)
(-0.0330067 0.00800982 0)
(-0.0362113 0.0076673 0)
(-0.0392471 0.00720488 0)
(-0.0420686 0.00663308 0)
(-0.0446345 0.00596297 0)
(-0.0469079 0.00520602 0)
(-0.0488564 0.00437407 0)
(-0.0504525 0.00347927 0)
(-0.0516736 0.0025341 0)
(-0.0525021 0.00155137 0)
(-0.0529259 0.000544173 0)
(-0.052938 -0.000474026 0)
(-0.0525369 -0.00148947 0)
(-0.0517266 -0.00248809 0)
(-0.0505171 -0.00345559 0)
(-0.0489237 -0.00437748 0)
(-0.0469678 -0.00523917 0)
(-0.0446763 -0.00602613 0)
(-0.0420818 -0.00672404 0)
(-0.0392226 -0.00731898 0)
(-0.0361419 -0.00779767 0)
(-0.0328879 -0.00814776 0)
(-0.0295134 -0.00835814 0)
(-0.0260747 -0.00841932 0)
(-0.0226311 -0.0083239 0)
(-0.0192438 -0.00806709 0)
(-0.0159749 -0.0076474 0)
(-0.0128856 -0.00706754 0)
(-0.0100346 -0.00633557 0)
(-0.00747582 -0.00546658 0)
(-0.00525608 -0.00448501 0)
(-0.00341213 -0.00342807 0)
(-0.00196672 -0.0023506 0)
(-0.000924377 -0.00133101 0)
(-0.00027982 -0.000479958 0)
(-2.81665e-05 3.53513e-05 0)
(-6.10993e-05 0.000188377 0)
(-0.000465355 0.00117199 0)
(-0.00140535 0.00249537 0)
(-0.00283521 0.00397323 0)
(-0.00473057 0.00547914 0)
(-0.00706976 0.00692217 0)
(-0.00981603 0.00823864 0)
(-0.012921 0.0093859 0)
(-0.0163285 0.010337 0)
(-0.0199771 0.0110765 0)
(-0.0238017 0.0115975 0)
(-0.0277359 0.0118996 0)
(-0.0317132 0.011987 0)
(-0.0356687 0.0118674 0)
(-0.0395395 0.0115511 0)
(-0.0432659 0.0110504 0)
(-0.0467922 0.0103789 0)
(-0.0500667 0.00955146 0)
(-0.0530425 0.00858368 0)
(-0.0556775 0.00749185 0)
(-0.057935 0.00629284 0)
(-0.0597836 0.00500405 0)
(-0.0611976 0.00364333 0)
(-0.062157 0.00222904 0)
(-0.062648 0.000779978 0)
(-0.0626627 -0.000684589 0)
(-0.0621992 -0.00214496 0)
(-0.0612625 -0.00358102 0)
(-0.0598636 -0.00497235 0)
(-0.0580202 -0.00629829 0)
(-0.0557564 -0.00753811 0)
(-0.0531029 -0.00867117 0)
(-0.0500968 -0.00967721 0)
(-0.0467813 -0.0105366 0)
(-0.0432056 -0.0112306 0)
(-0.0394242 -0.011742 0)
(-0.0354966 -0.0120553 0)
(-0.0314866 -0.0121576 0)
(-0.0274609 -0.0120389 0)
(-0.0234888 -0.0116931 0)
(-0.0196399 -0.0111186 0)
(-0.0159834 -0.01032 0)
(-0.0125855 -0.0093092 0)
(-0.00950765 -0.00810733 0)
(-0.00680421 -0.00674758 0)
(-0.00451996 -0.00527867 0)
(-0.00268635 -0.00376967 0)
(-0.00131824 -0.00231548 0)
(-0.000430215 -0.00104422 0)
(-5.45598e-05 -0.000139208 0)
(-8.64415e-05 0.000459477 0)
(-0.000615115 0.00197686 0)
(-0.00180344 0.00382646 0)
(-0.00356635 0.00581554 0)
(-0.00585668 0.00780669 0)
(-0.00863983 0.00969757 0)
(-0.0118682 0.0114142 0)
(-0.0154841 0.0129053 0)
(-0.0194233 0.0141378 0)
(-0.0236169 0.0150917 0)
(-0.0279929 0.015758 0)
(-0.032478 0.0161355 0)
(-0.0369994 0.0162291 0)
(-0.0414856 0.0160485 0)
(-0.0458676 0.0156068 0)
(-0.05008 0.0149198 0)
(-0.0540613 0.0140054 0)
(-0.0577548 0.0128831 0)
(-0.0611087 0.0115735 0)
(-0.0640769 0.0100983 0)
(-0.0666188 0.00847996 0)
(-0.0686999 0.00674174 0)
(-0.0702918 0.00490751 0)
(-0.0713726 0.00300181 0)
(-0.0719268 0.0010498 0)
(-0.0719458 -0.000922737 0)
(-0.0714276 -0.00288947 0)
(-0.0703775 -0.00482355 0)
(-0.0688075 -0.00669771 0)
(-0.0667371 -0.00848444 0)
(-0.0641928 -0.0101561 0)
(-0.0612082 -0.0116854 0)
(-0.0578241 -0.0130453 0)
(-0.0540879 -0.0142099 0)
(-0.0500535 -0.0151545 0)
(-0.0457809 -0.0158565 0)
(-0.0413355 -0.0162955 0)
(-0.0367871 -0.0164548 0)
(-0.0322093 -0.0163215 0)
(-0.0276781 -0.015888 0)
(-0.0232704 -0.0151527 0)
(-0.0190626 -0.0141219 0)
(-0.0151284 -0.0128112 0)
(-0.0115371 -0.0112477 0)
(-0.0083515 -0.00947283 0)
(-0.00562555 -0.00754561 0)
(-0.00340131 -0.00554741 0)
(-0.0017059 -0.00358638 0)
(-0.00057536 -0.00180334 0)
(-7.89393e-05 -0.000390659 0)
(-0.000109696 0.000805719 0)
(-0.000757431 0.00297664 0)
(-0.00218798 0.00544638 0)
(-0.00427905 0.00801971 0)
(-0.00696058 0.0105525 0)
(-0.0101839 0.0129342 0)
(-0.0138895 0.0150831 0)
(-0.0180092 0.0169413 0)
(-0.02247 0.0184702 0)
(-0.0271952 0.0196464 0)
(-0.0321057 0.0204591 0)
(-0.0371219 0.0209066 0)
(-0.0421647 0.020995 0)
(-0.0471567 0.020736 0)
(-0.0520238 0.0201458 0)
(-0.0566953 0.0192444 0)
(-0.061105 0.018054 0)
(-0.0651918 0.0165991 0)
(-0.0689001 0.0149061 0)
(-0.07218 0.0130022 0)
(-0.074988 0.010916 0)
(-0.0772868 0.00867723 0)
(-0.0790458 0.00631619 0)
(-0.0802414 0.00386417 0)
(-0.0808569 0.00135325 0)
(-0.0808827 -0.00118375 0)
(-0.0803168 -0.00371328 0)
(-0.0791646 -0.00620118 0)
(-0.0774389 -0.00861279 0)
(-0.0751605 -0.0109131 0)
(-0.0723577 -0.0130671 0)
(-0.0690665 -0.0150401 0)
(-0.0653306 -0.0167978 0)
(-0.0612009 -0.0183075 0)
(-0.0567354 -0.0195379 0)
(-0.0519985 -0.0204604 0)
(-0.0470606 -0.0210496 0)
(-0.0419972 -0.0212843 0)
(-0.0368879 -0.0211484 0)
(-0.0318149 -0.0206324 0)
(-0.026862 -0.0197346 0)
(-0.0221129 -0.0184624 0)
(-0.0176491 -0.0168349 0)
(-0.0135481 -0.0148844 0)
(-0.00988189 -0.0126596 0)
(-0.0067151 -0.0102286 0)
(-0.00410158 -0.00768293 0)
(-0.00208187 -0.00514103 0)
(-0.000713651 -0.0027527 0)
(-0.000101294 -0.000714922 0)
(-0.000131166 0.00122278 0)
(-0.000892517 0.00416428 0)
(-0.00255784 0.00734825 0)
(-0.0049701 0.0105799 0)
(-0.00803696 0.0137114 0)
(-0.0116953 0.0166271 0)
(-0.0158727 0.0192396 0)
(-0.0204899 0.0214861 0)
(-0.0254645 0.0233241 0)
(-0.0307114 0.0247278 0)
(-0.0361444 0.0256852 0)
(-0.0416773 0.0261949 0)
(-0.047225 0.0262644 0)
(-0.0527049 0.0259081 0)
(-0.0580378 0.0251457 0)
(-0.0631486 0.0240013 0)
(-0.067967 0.0225022 0)
(-0.0724281 0.0206785 0)
(-0.076473 0.018562 0)
(-0.0800488 0.0161864 0)
(-0.0831094 0.0135869 0)
(-0.0856153 0.0107998 0)
(-0.087534 0.0078623 0)
(-0.0888404 0.00481298 0)
(-0.0895167 0.00169119 0)
(-0.0895527 -0.00146274 0)
(-0.0889458 -0.00460763 0)
(-0.0877016 -0.00770153 0)
(-0.0858334 -0.0107019 0)
(-0.0833628 -0.0135658 0)
(-0.0803196 -0.0162503 0)
(-0.0767415 -0.0187127 0)
(-0.0726745 -0.0209112 0)
(-0.0681724 -0.0228055 0)
(-0.0632965 -0.0243573 0)
(-0.0581151 -0.0255316 0)
(-0.052703 -0.0262972 0)
(-0.0471409 -0.026628 0)
(-0.0415137 -0.0265043 0)
(-0.0359099 -0.0259142 0)
(-0.0304202 -0.0248551 0)
(-0.0251354 -0.0233353 0)
(-0.0201453 -0.0213763 0)
(-0.0155364 -0.0190151 0)
(-0.011391 -0.0163064 0)
(-0.00778491 -0.0133257 0)
(-0.0047849 -0.0101728 0)
(-0.00244548 -0.00697428 0)
(-0.000845438 -0.00388627 0)
(-0.000121939 -0.00110797 0)
(-0.000151225 0.00170687 0)
(-0.00102138 0.0055328 0)
(-0.00291427 0.00952454 0)
(-0.00564045 0.0134892 0)
(-0.00908622 0.0172774 0)
(-0.0131739 0.0207706 0)
(-0.0178179 0.0238779 0)
(-0.0229274 0.0265333 0)
(-0.0284096 0.0286919 0)
(-0.0341709 0.0303266 0)
(-0.0401176 0.0314252 0)
(-0.0461567 0.0319875 0)
(-0.0521975 0.0320229 0)
(-0.0581521 0.0315491 0)
(-0.0639368 0.0305898 0)
(-0.0694723 0.0291738 0)
(-0.0746847 0.0273337 0)
(-0.079506 0.0251054 0)
(-0.0838743 0.022527 0)
(-0.0877344 0.0196387 0)
(-0.0910379 0.0164826 0)
(-0.0937434 0.013102 0)
(-0.095817 0.00954147 0)
(-0.0972323 0.00584698 0)
(-0.0979703 0.00206558 0)
(-0.0980203 -0.00175459 0)
(-0.0973792 -0.00556435 0)
(-0.0960524 -0.00931361 0)
(-0.0940535 -0.0129516 0)
(-0.0914045 -0.016427 0)
(-0.088136 -0.0196886 0)
(-0.0842873 -0.0226853 0)
(-0.079906 -0.0253671 0)
(-0.0750481 -0.0276858 0)
(-0.0697776 -0.0295955 0)
(-0.0641665 -0.0310541 0)
(-0.0582934 -0.0320241 0)
(-0.0522434 -0.032474 0)
(-0.0461071 -0.0323797 0)
(-0.039979 -0.0317263 0)
(-0.0339565 -0.0305094 0)
(-0.0281383 -0.0287376 0)
(-0.0226228 -0.026434 0)
(-0.0175063 -0.0236389 0)
(-0.0128817 -0.0204118 0)
(-0.00883749 -0.0168344 0)
(-0.00545355 -0.0130132 0)
(-0.00279865 -0.00908085 0)
(-0.000971975 -0.00519839 0)
(-0.000141286 -0.00156643 0)
(-0.000170239 0.00225496 0)
(-0.00114534 0.00707613 0)
(-0.00325962 0.0119683 0)
(-0.00629326 0.0167409 0)
(-0.0101121 0.0212446 0)
(-0.014624 0.0253595 0)
(-0.01973 0.0289931 0)
(-0.0253271 0.0320778 0)
(-0.0313121 0.0345678 0)
(-0.0375824 0.036436 0)
(-0.0440362 0.0376712 0)
(-0.050574 0.038275 0)
(-0.057099 0.0382601 0)
(-0.0635186 0.0376476 0)
(-0.0697444 0.0364661 0)
(-0.0756936 0.0347494 0)
(-0.081289 0.0325362 0)
(-0.0864598 0.0298683 0)
(-0.0911417 0.0267905 0)
(-0.0952774 0.0233501 0)
(-0.0988167 0.0195961 0)
(-0.101717 0.0155791 0)
(-0.103943 0.0113513 0)
(-0.105466 0.00696641 0)
(-0.106268 0.0024793 0)
(-0.106337 -0.00205379 0)
(-0.105668 -0.00657547 0)
(-0.104268 -0.0110273 0)
(-0.102149 -0.0153498 0)
(-0.0993342 -0.0194833 0)
(-0.0958541 -0.0233675 0)
(-0.0917488 -0.0269429 0)
(-0.0870673 -0.0301506 0)
(-0.0818673 -0.032934 0)
(-0.0762151 -0.0352392 0)
(-0.0701855 -0.0370162 0)
(-0.0638609 -0.0382205 0)
(-0.0573306 -0.0388146 0)
(-0.0506905 -0.0387691 0)
(-0.0440411 -0.0380652 0)
(-0.037487 -0.036696 0)
(-0.0311351 -0.0346692 0)
(-0.0250928 -0.0320085 0)
(-0.0194668 -0.0287563 0)
(-0.0143618 -0.0249759 0)
(-0.00987905 -0.0207536 0)
(-0.00611231 -0.0162012 0)
(-0.00314463 -0.0114566 0)
(-0.0010949 -0.00668472 0)
(-0.000159755 -0.0020878 0)
(-0.000188535 0.00286478 0)
(-0.00126575 0.00878952 0)
(-0.00359674 0.0146738 0)
(-0.00693275 0.0203294 0)
(-0.0111199 0.0256079 0)
(-0.0160518 0.0303894 0)
(-0.0216161 0.0345811 0)
(-0.0276973 0.0381154 0)
(-0.0341814 0.0409473 0)
(-0.0409564 0.0430509 0)
(-0.0479124 0.044417 0)
(-0.054943 0.0450505 0)
(-0.0619455 0.0449678 0)
(-0.0688223 0.0441947 0)
(-0.0754809 0.042765 0)
(-0.081835 0.0407186 0)
(-0.0878045 0.0381001 0)
(-0.0933162 0.0349582 0)
(-0.0983039 0.0313447 0)
(-0.102709 0.0273139 0)
(-0.106478 0.0229223 0)
(-0.10957 0.018228 0)
(-0.111946 0.0132909 0)
(-0.113579 0.00817265 0)
(-0.114447 0.00293607 0)
(-0.11454 -0.00235442 0)
(-0.113851 -0.007633 0)
(-0.112386 -0.0128327 0)
(-0.110159 -0.0178853 0)
(-0.10719 -0.0227221 0)
(-0.103511 -0.027274 0)
(-0.0991618 -0.0314722 0)
(-0.094193 -0.0352488 0)
(-0.088663 -0.0385381 0)
(-0.0826401 -0.0412775 0)
(-0.0762014 -0.0434087 0)
(-0.0694326 -0.0448793 0)
(-0.0624274 -0.0456447 0)
(-0.0552865 -0.0456695 0)
(-0.0481168 -0.04493 0)
(-0.0410302 -0.0434158 0)
(-0.034142 -0.0411321 0)
(-0.0275695 -0.0381024 0)
(-0.0214304 -0.0343699 0)
(-0.0158415 -0.0300004 0)
(-0.0109178 -0.0250838 0)
(-0.00676729 -0.019736 0)
(-0.00348729 -0.0140993 0)
(-0.00121596 -0.00834268 0)
(-0.000177739 -0.00267056 0)
(-0.000206399 0.00353483 0)
(-0.00138393 0.0106696 0)
(-0.00392854 0.0176369 0)
(-0.00756352 0.0242506 0)
(-0.0121157 0.0303635 0)
(-0.0174649 0.0358568 0)
(-0.0234848 0.0406387 0)
(-0.0300475 0.0446431 0)
(-0.0370279 0.047827 0)
(-0.0443042 0.0501672 0)
(-0.0517583 0.0516579 0)
(-0.0592766 0.0523083 0)
(-0.0667507 0.0521395 0)
(-0.074078 0.0511832 0)
(-0.081162 0.049479 0)
(-0.0879133 0.0470732 0)
(-0.0942491 0.0440176 0)
(-0.100094 0.0403678 0)
(-0.105381 0.036183 0)
(-0.110049 0.0315249 0)
(-0.114045 0.0264575 0)
(-0.117325 0.0210468 0)
(-0.119851 0.0153605 0)
(-0.121594 0.00946793 0)
(-0.122533 0.00344021 0)
(-0.122655 -0.00265004 0)
(-0.121954 -0.0087286 0)
(-0.120434 -0.0147198 0)
(-0.118108 -0.0205467 0)
(-0.114997 -0.0261314 0)
(-0.111132 -0.0313954 0)
(-0.106553 -0.0362606 0)
(-0.101309 -0.0406496 0)
(-0.0954613 -0.0444871 0)
(-0.0890781 -0.0477009 0)
(-0.0822391 -0.0502239 0)
(-0.0750329 -0.0519948 0)
(-0.067557 -0.052961 0)
(-0.0599173 -0.0530799 0)
(-0.052227 -0.0523217 0)
(-0.0446054 -0.0506712 0)
(-0.0371767 -0.0481302 0)
(-0.0300688 -0.0447202 0)
(-0.0234108 -0.0404844 0)
(-0.0173326 -0.0354894 0)
(-0.0119631 -0.0298278 0)
(-0.00742516 -0.0236189 0)
(-0.00383068 -0.0170093 0)
(-0.00133691 -0.0101717 0)
(-0.000195597 -0.00331413 0)
(-0.000224077 0.00426427 0)
(-0.00150109 0.0127145 0)
(-0.00425785 0.0208553 0)
(-0.00819015 0.0285021 0)
(-0.0131059 0.0355092 0)
(-0.0188707 0.0417596 0)
(-0.0253448 0.0471638 0)
(-0.0323874 0.0516586 0)
(-0.0398618 0.0552041 0)
(-0.0476366 0.0577814 0)
(-0.0555849 0.0593896 0)
(-0.0635862 0.0600431 0)
(-0.071526 0.0597692 0)
(-0.079297 0.0586062 0)
(-0.0867991 0.0566005 0)
(-0.0939397 0.0538059 0)
(-0.100634 0.0502813 0)
(-0.106805 0.0460902 0)
(-0.112384 0.0412993 0)
(-0.117309 0.0359782 0)
(-0.121528 0.0301985 0)
(-0.124993 0.0240341 0)
(-0.127669 0.0175605 0)
(-0.129524 0.0108549 0)
(-0.130537 0.00399661 0)
(-0.130694 -0.0029337 0)
(-0.129989 -0.0098534 0)
(-0.128425 -0.0166782 0)
(-0.126013 -0.0233221 0)
(-0.122773 -0.0296982 0)
(-0.118735 -0.0357185 0)
(-0.113939 -0.0412951 0)
(-0.108435 -0.0463406 0)
(-0.102281 -0.0507695 0)
(-0.0955487 -0.0544999 0)
(-0.0883186 -0.0574541 0)
(-0.0806819 -0.0595616 0)
(-0.0727398 -0.0607605 0)
(-0.0646031 -0.0609999 0)
(-0.0563913 -0.0602422 0)
(-0.0482315 -0.0584662 0)
(-0.0402572 -0.055669 0)
(-0.032607 -0.0518685 0)
(-0.0254225 -0.0471063 0)
(-0.018847 -0.0414492 0)
(-0.0130244 -0.0349912 0)
(-0.00809273 -0.0278544 0)
(-0.00417885 -0.0201892 0)
(-0.00145942 -0.012173 0)
(-0.000213656 -0.00401887 0)
(-0.000241779 0.00505286 0)
(-0.00161832 0.0149236 0)
(-0.00458729 0.0243282 0)
(-0.008817 0.033083 0)
(-0.0140964 0.0410441 0)
(-0.0202769 0.0480969 0)
(-0.0272047 0.0541554 0)
(-0.0347261 0.0591602 0)
(-0.0426928 0.0630763 0)
(-0.050963 0.0658904 0)
(-0.0594015 0.0676077 0)
(-0.0678804 0.0682495 0)
(-0.0762794 0.0678505 0)
(-0.0844866 0.0664564 0)
(-0.0923983 0.0641218 0)
(-0.0999194 0.0609083 0)
(-0.106963 0.0568832 0)
(-0.113452 0.0521179 0)
(-0.119315 0.0466871 0)
(-0.124491 0.0406685 0)
(-0.128926 0.0341417 0)
(-0.132575 0.0271883 0)
(-0.135399 0.0198915 0)
(-0.137368 0.0123366 0)
(-0.13846 0.00461049 0)
(-0.138659 -0.00319794 0)
(-0.137958 -0.0109978 0)
(-0.13636 -0.0186964 0)
(-0.133875 -0.0261988 0)
(-0.13052 -0.0334089 0)
(-0.126325 -0.0402291 0)
(-0.121328 -0.0465613 0)
(-0.115578 -0.052308 0)
(-0.109133 -0.0573731 0)
(-0.102064 -0.0616634 0)
(-0.0944541 -0.0650908 0)
(-0.0863954 -0.0675738 0)
(-0.0779927 -0.06904 0)
(-0.0693616 -0.0694287 0)
(-0.0606278 -0.0686937 0)
(-0.0519264 -0.0668055 0)
(-0.0434006 -0.063755 0)
(-0.0352002 -0.0595552 0)
(-0.0274797 -0.0542446 0)
(-0.020397 -0.0478887 0)
(-0.0141113 -0.0405821 0)
(-0.00877668 -0.0324493 0)
(-0.00453573 -0.0236445 0)
(-0.00158509 -0.0143502 0)
(-0.000232213 -0.00478597 0)
(-0.000259689 0.00590092 0)
(-0.00173661 0.0172976 0)
(-0.00491926 0.0280564 0)
(-0.00944813 0.0379943 0)
(-0.0150928 0.046969 0)
(-0.0216902 0.0548693 0)
(-0.0290723 0.0616131 0)
(-0.037072 0.0671467 0)
(-0.0455292 0.0714412 0)
(-0.0542916 0.0744903 0)
(-0.0632153 0.0763071 0)
(-0.0721651 0.076921 0)
(-0.0810152 0.0763756 0)
(-0.0896492 0.0747252 0)
(-0.0979602 0.0720335 0)
(-0.105851 0.068371 0)
(-0.113233 0.0638137 0)
(-0.120028 0.0584418 0)
(-0.126166 0.0523386 0)
(-0.131584 0.0455896 0)
(-0.13623 0.0382826 0)
(-0.140057 0.030507 0)
(-0.143028 0.0223537 0)
(-0.145112 0.0139156 0)
(-0.146286 0.00528722 0)
(-0.146534 -0.00343475 0)
(-0.145848 -0.0121515 0)
(-0.144228 -0.0207618 0)
(-0.141684 -0.0291624 0)
(-0.138231 -0.0372477 0)
(-0.133896 -0.0449106 0)
(-0.128716 -0.0520428 0)
(-0.122737 -0.058536 0)
(-0.116019 -0.0642828 0)
(-0.10863 -0.0691786 0)
(-0.100653 -0.0731232 0)
(-0.0921836 -0.0760233 0)
(-0.0833282 -0.0777946 0)
(-0.074207 -0.078365 0)
(-0.064952 -0.0776777 0)
(-0.0557062 -0.0756937 0)
(-0.0466229 -0.0723955 0)
(-0.0378635 -0.0677897 0)
(-0.0295963 -0.0619099 0)
(-0.0219941 -0.0548191 0)
(-0.0152329 -0.0466116 0)
(-0.00948347 -0.0374135 0)
(-0.00490508 -0.027383 0)
(-0.00171541 -0.0167085 0)
(-0.000251541 -0.00561744 0)
(-0.000277969 0.00680925 0)
(-0.00185683 0.0198382 0)
(-0.00525598 0.0320424 0)
(-0.0100873 0.0432384 0)
(-0.0161003 0.0532861 0)
(-0.023117 0.062078 0)
(-0.0309548 0.0695374 0)
(-0.0394325 0.075617 0)
(-0.0483779 0.080296 0)
(-0.0576282 0.0835766 0)
(-0.0670307 0.0854813 0)
(-0.076443 0.0860495 0)
(-0.0857336 0.0853347 0)
(-0.0947823 0.0834015 0)
(-0.103479 0.0803236 0)
(-0.111725 0.0761815 0)
(-0.119432 0.0710607 0)
(-0.12652 0.0650506 0)
(-0.13292 0.0582433 0)
(-0.138569 0.0507329 0)
(-0.143417 0.0426149 0)
(-0.147416 0.0339865 0)
(-0.150531 0.0249462 0)
(-0.152729 0.0155941 0)
(-0.153988 0.00603213 0)
(-0.154292 -0.00363569 0)
(-0.153631 -0.0133029 0)
(-0.152004 -0.0228604 0)
(-0.149416 -0.0321965 0)
(-0.145883 -0.0411965 0)
(-0.141429 -0.0497439 0)
(-0.136087 -0.0577199 0)
(-0.129903 -0.0650051 0)
(-0.122931 -0.0714805 0)
(-0.115242 -0.077029 0)
(-0.106916 -0.0815374 0)
(-0.0980503 -0.0848992 0)
(-0.0887532 -0.0870169 0)
(-0.0791491 -0.0878052 0)
(-0.0693758 -0.0871947 0)
(-0.0595844 -0.0851349 0)
(-0.0499381 -0.081598 0)
(-0.0406108 -0.0765821 0)
(-0.0317849 -0.0701144 0)
(-0.0236495 -0.0622538 0)
(-0.0163979 -0.0530929 0)
(-0.0102193 -0.0427594 0)
(-0.00529048 -0.0314151 0)
(-0.00185181 -0.019255 0)
(-0.000271897 -0.00651604 0)
(-0.000296764 0.00777908 0)
(-0.00197981 0.0225485 0)
(-0.00559949 0.0362898 0)
(-0.0107378 0.0488192 0)
(-0.0171236 0.0599988 0)
(-0.0245631 0.0697254 0)
(-0.0328582 0.0779288 0)
(-0.0418136 0.0845698 0)
(-0.0512443 0.089637 0)
(-0.0609768 0.0931432 0)
(-0.0708494 0.0951219 0)
(-0.0807128 0.0956241 0)
(-0.0904303 0.0947149 0)
(-0.0998778 0.0924708 0)
(-0.108943 0.0889767 0)
(-0.117527 0.0843239 0)
(-0.12554 0.0786084 0)
(-0.132903 0.0719294 0)
(-0.139547 0.0643879 0)
(-0.145414 0.0560868 0)
(-0.15045 0.0471296 0)
(-0.154613 0.0376209 0)
(-0.157866 0.0276665 0)
(-0.160177 0.0173734 0)
(-0.161525 0.00685026 0)
(-0.161891 -0.00379198 0)
(-0.161266 -0.0144397 0)
(-0.159645 -0.0249765 0)
(-0.157034 -0.0352825 0)
(-0.153443 -0.0452345 0)
(-0.148893 -0.0547064 0)
(-0.143415 -0.0635691 0)
(-0.13705 -0.071692 0)
(-0.129852 -0.0789436 0)
(-0.121887 -0.0851937 0)
(-0.113235 -0.0903152 0)
(-0.103992 -0.0941868 0)
(-0.0942688 -0.096696 0)
(-0.0841928 -0.0977428 0)
(-0.0739073 -0.0972428 0)
(-0.0635712 -0.0951318 0)
(-0.053358 -0.0913695 0)
(-0.0434541 -0.0859432 0)
(-0.0340572 -0.0788716 0)
(-0.0253733 -0.070208 0)
(-0.0176147 -0.060042 0)
(-0.01099 -0.0485018 0)
(-0.00569536 -0.0357533 0)
(-0.00199565 -0.0219984 0)
(-0.000293523 -0.00748526 0)
(-0.000316211 0.00881206 0)
(-0.00210633 0.0254321 0)
(-0.00595173 0.0408037 0)
(-0.0114031 0.054742 0)
(-0.0181673 0.0671115 0)
(-0.0260337 0.0778143 0)
(-0.0347882 0.0867881 0)
(-0.0442203 0.0940031 0)
(-0.054132 0.0994593 0)
(-0.0643388 0.103182 0)
(-0.0746701 0.105217 0)
(-0.0849697 0.10563 0)
(-0.095096 0.1045 0)
(-0.104922 0.101915 0)
(-0.114334 0.0979727 0)
(-0.123231 0.0927776 0)
(-0.131526 0.0864364 0)
(-0.139141 0.0790585 0)
(-0.14601 0.0707546 0)
(-0.152073 0.0616361 0)
(-0.157283 0.0518145 0)
(-0.161597 0.0414017 0)
(-0.164979 0.0305102 0)
(-0.1674 0.0192533 0)
(-0.168837 0.00774599 0)
(-0.169273 -0.0038946 0)
(-0.168694 -0.0155485 0)
(-0.167097 -0.0270924 0)
(-0.164482 -0.0383991 0)
(-0.160858 -0.0493372 0)
(-0.15624 -0.0597714 0)
(-0.150657 -0.0695623 0)
(-0.144144 -0.0785679 0)
(-0.136751 -0.0866439 0)
(-0.128541 -0.0936462 0)
(-0.119591 -0.0994326 0)
(-0.109997 -0.103866 0)
(-0.0998689 -0.106816 0)
(-0.0893373 -0.108167 0)
(-0.0785501 -0.107817 0)
(-0.0676736 -0.105685 0)
(-0.0568917 -0.101716 0)
(-0.046404 -0.0958833 0)
(-0.0364237 -0.0881958 0)
(-0.0271752 -0.0786983 0)
(-0.018891 -0.0674766 0)
(-0.0118012 -0.0546582 0)
(-0.00612305 -0.0404125 0)
(-0.00214825 -0.0249493 0)
(-0.000316657 -0.00852926 0)
(-0.000336447 0.00991021 0)
(-0.00223714 0.0284938 0)
(-0.00631463 0.0455902 0)
(-0.0120864 0.061013 0)
(-0.0192355 0.0746295 0)
(-0.0275338 0.0863482 0)
(-0.0367495 0.0961156 0)
(-0.0466564 0.103914 0)
(-0.057043 0.109756 0)
(-0.0677134 0.113681 0)
(-0.0784881 0.115753 0)
(-0.0892044 0.11605 0)
(-0.0997162 0.114667 0)
(-0.109894 0.111708 0)
(-0.119624 0.107286 0)
(-0.128805 0.101516 0)
(-0.137352 0.0945184 0)
(-0.14519 0.0864129 0)
(-0.152254 0.0773203 0)
(-0.158491 0.0673605 0)
(-0.163853 0.0566531 0)
(-0.1683 0.0453166 0)
(-0.1718 0.0334698 0)
(-0.174324 0.0212317 0)
(-0.175851 0.00872276 0)
(-0.176361 -0.00393458 0)
(-0.175842 -0.0166148 0)
(-0.174286 -0.0291886 0)
(-0.171691 -0.041522 0)
(-0.168062 -0.0534763 0)
(-0.163409 -0.0649073 0)
(-0.157756 -0.0756657 0)
(-0.151132 -0.0855979 0)
(-0.143583 -0.0945468 0)
(-0.135167 -0.102353 0)
(-0.125956 -0.108859 0)
(-0.116043 -0.113909 0)
(-0.105539 -0.117356 0)
(-0.0945749 -0.119062 0)
(-0.0833021 -0.118907 0)
(-0.0718943 -0.116791 0)
(-0.0605455 -0.11264 0)
(-0.0494685 -0.106412 0)
(-0.0388933 -0.098101 0)
(-0.0290638 -0.0877428 0)
(-0.0202344 -0.0754164 0)
(-0.0126584 -0.0612478 0)
(-0.00657678 -0.0454097 0)
(-0.00231093 -0.0281199 0)
(-0.00034154 -0.00965289 0)
(-0.000357616 0.011076 0)
(-0.00237306 0.0317395 0)
(-0.00669018 0.0506568 0)
(-0.0127909 0.0676398 0)
(-0.0203327 0.082559 0)
(-0.029068 0.0953303 0)
(-0.0387464 0.105911 0)
(-0.049125 0.114297 0)
(-0.0599778 0.120516 0)
(-0.0710974 0.124627 0)
(-0.0822956 0.126708 0)
(-0.0934033 0.126859 0)
(-0.104271 0.125189 0)
(-0.114767 0.121822 0)
(-0.124778 0.116884 0)
(-0.134206 0.110506 0)
(-0.142968 0.102821 0)
(-0.150991 0.0939607 0)
(-0.158217 0.0840555 0)
(-0.164594 0.0732342 0)
(-0.17008 0.0616237 0)
(-0.17464 0.0493491 0)
(-0.178241 0.0365346 0)
(-0.18086 0.0233042 0)
(-0.182473 0.00978264 0)
(-0.183063 -0.00390316 0)
(-0.182615 -0.0176232 0)
(-0.18112 -0.0312432 0)
(-0.178571 -0.0446237 0)
(-0.174968 -0.0576191 0)
(-0.170319 -0.0700772 0)
(-0.164638 -0.0818392 0)
(-0.157949 -0.0927402 0)
(-0.150291 -0.10261 0)
(-0.141715 -0.111273 0)
(-0.132289 -0.118556 0)
(-0.1221 -0.124283 0)
(-0.111257 -0.128285 0)
(-0.0998904 -0.130405 0)
(-0.0881554 -0.130498 0)
(-0.0762314 -0.128442 0)
(-0.064322 -0.124142 0)
(-0.0526538 -0.117536 0)
(-0.0414738 -0.108601 0)
(-0.031047 -0.0973598 0)
(-0.0216516 -0.0838825 0)
(-0.0135669 -0.0682921 0)
(-0.0070598 -0.0507638 0)
(-0.00248501 -0.0315238 0)
(-0.000368415 -0.0108617 0)
(-0.000379876 0.0123122 0)
(-0.00251499 0.0351759 0)
(-0.00708059 0.0560122 0)
(-0.0135201 0.074631 0)
(-0.0214634 0.0909068 0)
(-0.0306412 0.104764 0)
(-0.0407831 0.116173 0)
(-0.0516281 0.125145 0)
(-0.0629352 0.131728 0)
(-0.0744852 0.135999 0)
(-0.086081 0.138059 0)
(-0.0975481 0.138025 0)
(-0.108734 0.136031 0)
(-0.119507 0.132216 0)
(-0.129754 0.126725 0)
(-0.139382 0.119705 0)
(-0.14831 0.111303 0)
(-0.156474 0.101662 0)
(-0.163817 0.0909232 0)
(-0.170296 0.0792242 0)
(-0.175873 0.0666986 0)
(-0.180515 0.0534775 0)
(-0.184198 0.0396898 0)
(-0.186896 0.0254631 0)
(-0.188591 0.0109258 0)
(-0.189263 -0.00379219 0)
(-0.188899 -0.0185577 0)
(-0.187485 -0.0332326 0)
(-0.185011 -0.0476732 0)
(-0.181473 -0.061728 0)
(-0.17687 -0.075238 0)
(-0.17121 -0.0880355 0)
(-0.164509 -0.0999445 0)
(-0.156798 -0.110781 0)
(-0.148119 -0.120356 0)
(-0.138533 -0.128474 0)
(-0.128122 -0.134941 0)
(-0.116987 -0.139565 0)
(-0.10526 -0.142164 0)
(-0.0930952 -0.142566 0)
(-0.0806777 -0.140625 0)
(-0.0682204 -0.136218 0)
(-0.0559632 -0.12926 0)
(-0.0441713 -0.119709 0)
(-0.033132 -0.107568 0)
(-0.0231497 -0.0928971 0)
(-0.014532 -0.0758142 0)
(-0.00757542 -0.0564958 0)
(-0.00267187 -0.0351763 0)
(-0.000397544 -0.0121619 0)
(-0.000403417 0.0136222 0)
(-0.00266395 0.0388109 0)
(-0.00748838 0.0616666 0)
(-0.0142783 0.0819966 0)
(-0.0226326 0.0996803 0)
(-0.0322587 0.114652 0)
(-0.0428638 0.126898 0)
(-0.0541675 0.136449 0)
(-0.065913 0.143374 0)
(-0.0778687 0.147773 0)
(-0.0898293 0.149771 0)
(-0.101615 0.149511 0)
(-0.113072 0.147148 0)
(-0.12407 0.142842 0)
(-0.134498 0.136759 0)
(-0.144268 0.129062 0)
(-0.153306 0.119913 0)
(-0.161553 0.109467 0)
(-0.168961 0.0978778 0)
(-0.175493 0.0852894 0)
(-0.181117 0.0718429 0)
(-0.185808 0.057674 0)
(-0.189544 0.0429153 0)
(-0.192304 0.0276972 0)
(-0.194071 0.0121501 0)
(-0.194829 -0.00359447 0)
(-0.194559 -0.0194015 0)
(-0.193248 -0.035131 0)
(-0.190881 -0.0506358 0)
(-0.187448 -0.0657606 0)
(-0.18294 -0.0803403 0)
(-0.177358 -0.0941994 0)
(-0.170709 -0.107151 0)
(-0.163011 -0.119 0)
(-0.154298 -0.129538 0)
(-0.14462 -0.138554 0)
(-0.13405 -0.145829 0)
(-0.122685 -0.151147 0)
(-0.110649 -0.154297 0)
(-0.0980983 -0.15508 0)
(-0.08522 -0.153317 0)
(-0.0722351 -0.148857 0)
(-0.0593973 -0.141586 0)
(-0.0469903 -0.131433 0)
(-0.0353252 -0.118384 0)
(-0.024735 -0.102483 0)
(-0.0155591 -0.0838391 0)
(-0.00812712 -0.0626286 0)
(-0.00287299 -0.0390945 0)
(-0.000429212 -0.0135605 0)
(-0.000428468 0.01501 0)
(-0.00282122 0.0426537 0)
(-0.0079166 0.0676316 0)
(-0.0150702 0.0897479 0)
(-0.0238466 0.108888 0)
(-0.0339266 0.124998 0)
(-0.0449931 0.138082 0)
(-0.0567446 0.148194 0)
(-0.0689072 0.15543 0)
(-0.0812373 0.159916 0)
(-0.0935214 0.161805 0)
(-0.105576 0.161268 0)
(-0.117246 0.158485 0)
(-0.128404 0.153642 0)
(-0.138946 0.146923 0)
(-0.148788 0.138513 0)
(-0.157866 0.128588 0)
(-0.166129 0.117317 0)
(-0.173538 0.104863 0)
(-0.180064 0.0913799 0)
(-0.185684 0.0770134 0)
(-0.190379 0.0619036 0)
(-0.194133 0.0461854 0)
(-0.196932 0.0299908 0)
(-0.198759 0.0134504 0)
(-0.1996 -0.0033042 0)
(-0.199436 -0.020138 0)
(-0.198251 -0.0369105 0)
(-0.196025 -0.0534734 0)
(-0.192742 -0.0696689 0)
(-0.188386 -0.0853275 0)
(-0.182947 -0.100267 0)
(-0.17642 -0.114292 0)
(-0.168814 -0.127192 0)
(-0.160147 -0.138746 0)
(-0.15046 -0.148721 0)
(-0.139812 -0.156876 0)
(-0.12829 -0.162967 0)
(-0.116013 -0.166751 0)
(-0.103133 -0.167996 0)
(-0.0898379 -0.166488 0)
(-0.0763561 -0.162041 0)
(-0.0629538 -0.154506 0)
(-0.0499337 -0.143782 0)
(-0.0376325 -0.129826 0)
(-0.0264143 -0.112664 0)
(-0.0166539 -0.0923929 0)
(-0.00871863 -0.0691871 0)
(-0.00309 -0.043297 0)
(-0.000463739 -0.0150652 0)
(-0.000455321 0.0164802 0)
(-0.00298835 0.0467155 0)
(-0.00836904 0.073921 0)
(-0.0159017 0.0978977 0)
(-0.0251125 0.118537 0)
(-0.0356521 0.135802 0)
(-0.0471764 0.149717 0)
(-0.0593606 0.160363 0)
(-0.071913 0.167867 0)
(-0.0845776 0.172387 0)
(-0.0971335 0.17411 0)
(-0.109394 0.173236 0)
(-0.121207 0.169976 0)
(-0.132448 0.164542 0)
(-0.143021 0.157142 0)
(-0.152852 0.147982 0)
(-0.161886 0.137253 0)
(-0.170083 0.125139 0)
(-0.177416 0.111813 0)
(-0.183866 0.0974352 0)
(-0.18942 0.0821579 0)
(-0.194067 0.0661235 0)
(-0.197799 0.0494681 0)
(-0.200605 0.0323231 0)
(-0.202475 0.014818 0)
(-0.203395 -0.0029175 0)
(-0.203347 -0.0207504 0)
(-0.20231 -0.0385418 0)
(-0.200263 -0.0561444 0)
(-0.19718 -0.0733996 0)
(-0.193037 -0.0901356 0)
(-0.187814 -0.106165 0)
(-0.181493 -0.121284 0)
(-0.174068 -0.135273 0)
(-0.165543 -0.147892 0)
(-0.155943 -0.158889 0)
(-0.145313 -0.167998 0)
(-0.133727 -0.174945 0)
(-0.121293 -0.179455 0)
(-0.108156 -0.181256 0)
(-0.0945031 -0.180095 0)
(-0.0805674 -0.175742 0)
(-0.0666265 -0.168009 0)
(-0.0530025 -0.156756 0)
(-0.0400589 -0.141908 0)
(-0.0281941 -0.123463 0)
(-0.0178224 -0.101503 0)
(-0.00935411 -0.0761983 0)
(-0.00332474 -0.0478046 0)
(-0.000501497 -0.0166846 0)
(-0.000484347 0.0180384 0)
(-0.00316737 0.0510091 0)
(-0.00885047 0.080551 0)
(-0.0167805 0.106461 0)
(-0.0264396 0.128639 0)
(-0.0374444 0.147065 0)
(-0.0494201 0.161791 0)
(-0.0620168 0.172931 0)
(-0.074924 0.180647 0)
(-0.087873 0.185136 0)
(-0.100637 0.186622 0)
(-0.113028 0.185341 0)
(-0.124897 0.181539 0)
(-0.136128 0.175455 0)
(-0.146634 0.167326 0)
(-0.156353 0.157377 0)
(-0.165244 0.145818 0)
(-0.17328 0.132847 0)
(-0.180446 0.118646 0)
(-0.186738 0.103383 0)
(-0.192152 0.0872138 0)
(-0.196688 0.0702821 0)
(-0.200347 0.0527235 0)
(-0.203124 0.0346675 0)
(-0.205015 0.01624 0)
(-0.206006 -0.00243294 0)
(-0.20608 -0.0212227 0)
(-0.205216 -0.0399944 0)
(-0.203385 -0.0586037 0)
(-0.200557 -0.076894 0)
(-0.196697 -0.094693 0)
(-0.191771 -0.111811 0)
(-0.18575 -0.128038 0)
(-0.178609 -0.143142 0)
(-0.170337 -0.156871 0)
(-0.160939 -0.168952 0)
(-0.150441 -0.179092 0)
(-0.138902 -0.186987 0)
(-0.126414 -0.192322 0)
(-0.113111 -0.194786 0)
(-0.0991776 -0.194077 0)
(-0.0848463 -0.189919 0)
(-0.0704052 -0.182072 0)
(-0.0561957 -0.170351 0)
(-0.0426092 -0.154639 0)
(-0.0300816 -0.134902 0)
(-0.0190716 -0.111199 0)
(-0.0100383 -0.0836914 0)
(-0.00357936 -0.0526401 0)
(-0.000542924 -0.0184286 0)
(-0.000516032 0.0196913 0)
(-0.00336083 0.0555502 0)
(-0.00936695 0.0875409 0)
(-0.0177159 0.115455 0)
(-0.0278393 0.139202 0)
(-0.0393144 0.158785 0)
(-0.0517322 0.17429 0)
(-0.0647147 0.185867 0)
(-0.0779318 0.193723 0)
(-0.0911027 0.198099 0)
(-0.103995 0.199264 0)
(-0.116424 0.197496 0)
(-0.128245 0.193075 0)
(-0.139354 0.186278 0)
(-0.149677 0.177367 0)
(-0.159167 0.166591 0)
(-0.167798 0.154179 0)
(-0.175561 0.140341 0)
(-0.182457 0.12527 0)
(-0.188493 0.10914 0)
(-0.193681 0.0921078 0)
(-0.198034 0.0743181 0)
(-0.20156 0.0559041 0)
(-0.204264 0.0369908 0)
(-0.206146 0.0176988 0)
(-0.207196 -0.00185216 0)
(-0.207399 -0.0215402 0)
(-0.206729 -0.0412367 0)
(-0.205156 -0.0608035 0)
(-0.202639 -0.080088 0)
(-0.199136 -0.0989208 0)
(-0.1946 -0.117111 0)
(-0.188983 -0.134446 0)
(-0.182244 -0.150685 0)
(-0.174352 -0.165562 0)
(-0.165288 -0.178785 0)
(-0.155058 -0.190035 0)
(-0.143699 -0.198973 0)
(-0.131283 -0.205245 0)
(-0.11793 -0.208493 0)
(-0.103812 -0.208361 0)
(-0.089162 -0.204516 0)
(-0.0742748 -0.19666 0)
(-0.0595097 -0.184553 0)
(-0.0452874 -0.168026 0)
(-0.0320844 -0.147002 0)
(-0.0204092 -0.121511 0)
(-0.0107769 -0.0916981 0)
(-0.00385643 -0.0578287 0)
(-0.000588554 -0.0203081 0)
(-0.000551008 0.021447 0)
(-0.00357206 0.060358 0)
(-0.00992632 0.0949136 0)
(-0.01872 0.124899 0)
(-0.029326 0.150238 0)
(-0.041276 0.170961 0)
(-0.054122 0.187192 0)
(-0.0674555 0.199131 0)
(-0.0809258 0.207035 0)
(-0.0942408 0.211199 0)
(-0.107166 0.211942 0)
(-0.119519 0.209591 0)
(-0.131169 0.204468 0)
(-0.142023 0.196886 0)
(-0.152026 0.187138 0)
(-0.161149 0.175497 0)
(-0.169386 0.162211 0)
(-0.176746 0.147505 0)
(-0.183249 0.131577 0)
(-0.18892 0.114608 0)
(-0.193785 0.0967546 0)
(-0.197869 0.0781603 0)
(-0.201194 0.0589535 0)
(-0.203773 0.0392529 0)
(-0.20561 0.0191714 0)
(-0.206703 -0.00118043 0)
(-0.207035 -0.0216897 0)
(-0.206582 -0.0422373 0)
(-0.205307 -0.0626934 0)
(-0.203164 -0.0829132 0)
(-0.200098 -0.102733 0)
(-0.196049 -0.121964 0)
(-0.190953 -0.140392 0)
(-0.184748 -0.157773 0)
(-0.177379 -0.173827 0)
(-0.168803 -0.188245 0)
(-0.158999 -0.200681 0)
(-0.147978 -0.210762 0)
(-0.135786 -0.218092 0)
(-0.122522 -0.222257 0)
(-0.108343 -0.222846 0)
(-0.093474 -0.219457 0)
(-0.0782141 -0.211725 0)
(-0.0629382 -0.19934 0)
(-0.0480971 -0.182069 0)
(-0.034211 -0.159782 0)
(-0.0218443 -0.132468 0)
(-0.0115765 -0.100253 0)
(-0.0041591 -0.0633989 0)
(-0.000639048 -0.0223353 0)
(-0.000590111 0.0233159 0)
(-0.00380539 0.0654557 0)
(-0.0105386 0.102697 0)
(-0.0198081 0.134819 0)
(-0.0309178 0.161759 0)
(-0.0433462 0.183585 0)
(-0.0566007 0.20047 0)
(-0.0702398 0.212671 0)
(-0.0838915 0.220508 0)
(-0.0972542 0.224339 0)
(-0.110093 0.224542 0)
(-0.122237 0.221498 0)
(-0.133566 0.215578 0)
(-0.144009 0.207134 0)
(-0.153531 0.196492 0)
(-0.162128 0.18395 0)
(-0.169816 0.169775 0)
(-0.176626 0.154204 0)
(-0.182599 0.137443 0)
(-0.187779 0.119675 0)
(-0.19221 0.101057 0)
(-0.195931 0.0817269 0)
(-0.198976 0.0618068 0)
(-0.201368 0.0414066 0)
(-0.20312 0.0206288 0)
(-0.204233 -0.000427199 0)
(-0.204694 -0.0216608 0)
(-0.204477 -0.0429649 0)
(-0.203541 -0.0642217 0)
(-0.201834 -0.085297 0)
(-0.19929 -0.106036 0)
(-0.195834 -0.126256 0)
(-0.191385 -0.145746 0)
(-0.185859 -0.164259 0)
(-0.179175 -0.181507 0)
(-0.171262 -0.197164 0)
(-0.162067 -0.210859 0)
(-0.151568 -0.222186 0)
(-0.139782 -0.230701 0)
(-0.126777 -0.235936 0)
(-0.112689 -0.237409 0)
(-0.0977294 -0.234645 0)
(-0.082194 -0.227198 0)
(-0.0664711 -0.214672 0)
(-0.0510411 -0.196759 0)
(-0.0364711 -0.173257 0)
(-0.023388 -0.144104 0)
(-0.0124454 -0.109393 0)
(-0.00449128 -0.0693826 0)
(-0.000695242 -0.0245247 0)
(-0.000634444 0.0253105 0)
(-0.00406647 0.0708725 0)
(-0.0112168 0.110926 0)
(-0.0209998 0.145241 0)
(-0.0326373 0.173778 0)
(-0.0455454 0.196648 0)
(-0.059181 0.214087 0)
(-0.0730663 0.226422 0)
(-0.0868087 0.234049 0)
(-0.1001 0.237401 0)
(-0.112709 0.236924 0)
(-0.12448 0.233062 0)
(-0.135313 0.226239 0)
(-0.145161 0.21685 0)
(-0.154018 0.205256 0)
(-0.161906 0.191781 0)
(-0.168868 0.176708 0)
(-0.174962 0.160287 0)
(-0.180251 0.142729 0)
(-0.184801 0.124217 0)
(-0.188674 0.104906 0)
(-0.191926 0.0849258 0)
(-0.194603 0.0643899 0)
(-0.196741 0.0433969 0)
(-0.198359 0.0220363 0)
(-0.199465 0.000393396 0)
(-0.200049 -0.0214461 0)
(-0.200084 -0.0433903 0)
(-0.199527 -0.0653363 0)
(-0.198319 -0.0871643 0)
(-0.196385 -0.108732 0)
(-0.193635 -0.129868 0)
(-0.189969 -0.150366 0)
(-0.185281 -0.169982 0)
(-0.17946 -0.188424 0)
(-0.172405 -0.205352 0)
(-0.164028 -0.220374 0)
(-0.154266 -0.233047 0)
(-0.143099 -0.242882 0)
(-0.13056 -0.24935 0)
(-0.11675 -0.251894 0)
(-0.10186 -0.249953 0)
(-0.0861759 -0.242985 0)
(-0.0700937 -0.230495 0)
(-0.0541214 -0.212075 0)
(-0.0388759 -0.187437 0)
(-0.0250536 -0.15645 0)
(-0.0133941 -0.119161 0)
(-0.00485796 -0.0758163 0)
(-0.000758207 -0.0268927 0)
(-0.000685477 0.027447 0)
(-0.00436268 0.0766445 0)
(-0.0119776 0.119642 0)
(-0.0223197 0.156199 0)
(-0.0345124 0.186307 0)
(-0.0478981 0.210134 0)
(-0.0618761 0.227992 0)
(-0.0759301 0.240299 0)
(-0.0896481 0.247541 0)
(-0.102719 0.250239 0)
(-0.114925 0.248921 0)
(-0.126127 0.2441 0)
(-0.136257 0.236258 0)
(-0.145298 0.225838 0)
(-0.153277 0.213235 0)
(-0.160249 0.198799 0)
(-0.166288 0.18283 0)
(-0.17148 0.165585 0)
(-0.175916 0.147281 0)
(-0.179683 0.128097 0)
(-0.182863 0.108181 0)
(-0.18553 0.0876554 0)
(-0.187744 0.0666208 0)
(-0.189551 0.045162 0)
(-0.190982 0.023353 0)
(-0.192048 0.00126222 0)
(-0.192744 -0.0210421 0)
(-0.193044 -0.0434864 0)
(-0.192904 -0.065986 0)
(-0.192258 -0.0884389 0)
(-0.191022 -0.110719 0)
(-0.189093 -0.132671 0)
(-0.186354 -0.1541 0)
(-0.182672 -0.174767 0)
(-0.17791 -0.194381 0)
(-0.17193 -0.212595 0)
(-0.164604 -0.228998 0)
(-0.155827 -0.243114 0)
(-0.14553 -0.254407 0)
(-0.1337 -0.262284 0)
(-0.120397 -0.266109 0)
(-0.105777 -0.26522 0)
(-0.0901079 -0.258965 0)
(-0.0737843 -0.246729 0)
(-0.0573385 -0.227984 0)
(-0.0414384 -0.202328 0)
(-0.0268578 -0.169538 0)
(-0.0144358 -0.129602 0)
(-0.00526558 -0.0827421 0)
(-0.00082935 -0.0294588 0)
(-0.000745182 0.0297459 0)
(-0.00470376 0.0828173 0)
(-0.0128425 0.128896 0)
(-0.0237992 0.167733 0)
(-0.0365774 0.199359 0)
(-0.0504322 0.224017 0)
(-0.0646982 0.24212 0)
(-0.0788192 0.254194 0)
(-0.0923667 0.260837 0)
(-0.105034 0.262676 0)
(-0.116623 0.260331 0)
(-0.127025 0.254393 0)
(-0.136209 0.245409 0)
(-0.144198 0.233869 0)
(-0.151057 0.220205 0)
(-0.15688 0.20479 0)
(-0.161778 0.187938 0)
(-0.165867 0.169913 0)
(-0.169265 0.15093 0)
(-0.172085 0.131164 0)
(-0.17443 0.110753 0)
(-0.176389 0.089806 0)
(-0.178037 0.0684103 0)
(-0.179432 0.0466337 0)
(-0.180615 0.0245323 0)
(-0.181603 0.00215505 0)
(-0.182395 -0.0204499 0)
(-0.182969 -0.0432301 0)
(-0.183278 -0.0661222 0)
(-0.183254 -0.0890456 0)
(-0.182804 -0.111896 0)
(-0.181813 -0.134535 0)
(-0.180146 -0.156787 0)
(-0.177648 -0.178425 0)
(-0.174153 -0.199165 0)
(-0.169484 -0.218656 0)
(-0.16347 -0.236475 0)
(-0.155957 -0.25212 0)
(-0.146819 -0.265009 0)
(-0.135987 -0.274482 0)
(-0.123467 -0.279816 0)
(-0.109367 -0.280243 0)
(-0.0939203 -0.274979 0)
(-0.0775119 -0.263267 0)
(-0.0606901 -0.244429 0)
(-0.0441738 -0.217922 0)
(-0.0288215 -0.183402 0)
(-0.0155874 -0.140769 0)
(-0.00572256 -0.0902094 0)
(-0.000910536 -0.0322465 0)
(-0.000816227 0.0322333 0)
(-0.00510255 0.0894484 0)
(-0.0138397 0.138753 0)
(-0.0254775 0.179889 0)
(-0.0388732 0.212943 0)
(-0.0531785 0.238261 0)
(-0.0676558 0.25638 0)
(-0.0817089 0.267967 0)
(-0.0948998 0.273755 0)
(-0.106936 0.274493 0)
(-0.11765 0.27091 0)
(-0.126977 0.263684 0)
(-0.134932 0.253428 0)
(-0.141587 0.240684 0)
(-0.147056 0.225916 0)
(-0.151475 0.209518 0)
(-0.154994 0.191814 0)
(-0.157763 0.173071 0)
(-0.159929 0.153498 0)
(-0.16163 0.13326 0)
(-0.162989 0.112483 0)
(-0.164112 0.0912618 0)
(-0.165089 0.069664 0)
(-0.165988 0.0477392 0)
(-0.166858 0.0255228 0)
(-0.167726 0.00304269 0)
(-0.168595 -0.0196757 0)
(-0.169445 -0.0426032 0)
(-0.170231 -0.0657009 0)
(-0.170881 -0.088913 0)
(-0.171299 -0.11216 0)
(-0.17136 -0.135328 0)
(-0.170912 -0.158263 0)
(-0.16978 -0.180759 0)
(-0.167767 -0.202544 0)
(-0.164661 -0.223275 0)
(-0.160244 -0.242523 0)
(-0.154305 -0.259764 0)
(-0.146657 -0.274375 0)
(-0.137161 -0.285635 0)
(-0.125753 -0.292728 0)
(-0.112478 -0.294767 0)
(-0.097519 -0.290821 0)
(-0.0812314 -0.279962 0)
(-0.0641697 -0.26133 0)
(-0.0470995 -0.234201 0)
(-0.0309709 -0.19807 0)
(-0.0168711 -0.15272 0)
(-0.00624013 -0.0982771 0)
(-0.00100429 -0.0352843 0)
(-0.000902274 0.0349434 0)
(-0.00557624 0.0966109 0)
(-0.0150053 0.149291 0)
(-0.0274038 0.192719 0)
(-0.0414484 0.227064 0)
(-0.0561686 0.252807 0)
(-0.070748 0.270651 0)
(-0.0845542 0.281437 0)
(-0.0971502 0.286063 0)
(-0.108272 0.285424 0)
(-0.117801 0.280369 0)
(-0.125727 0.271672 0)
(-0.132127 0.260016 0)
(-0.137132 0.24599 0)
(-0.140911 0.23009 0)
(-0.143647 0.212725 0)
(-0.145533 0.194224 0)
(-0.146756 0.174847 0)
(-0.14749 0.154796 0)
(-0.147897 0.134222 0)
(-0.148119 0.113233 0)
(-0.148279 0.0919051 0)
(-0.148478 0.0702856 0)
(-0.148796 0.0484028 0)
(-0.149289 0.02627 0)
(-0.149992 0.00389166 0)
(-0.150912 -0.018731 0)
(-0.152035 -0.0415941 0)
(-0.153316 -0.0646853 0)
(-0.154687 -0.0879765 0)
(-0.156046 -0.111416 0)
(-0.157263 -0.134921 0)
(-0.158175 -0.158365 0)
(-0.158587 -0.181568 0)
(-0.158277 -0.204281 0)
(-0.156995 -0.226177 0)
(-0.154478 -0.246829 0)
(-0.150454 -0.265705 0)
(-0.144666 -0.28215 0)
(-0.136896 -0.295383 0)
(-0.126993 -0.304497 0)
(-0.114916 -0.308477 0)
(-0.100775 -0.306226 0)
(-0.0848771 -0.296619 0)
(-0.0677622 -0.27857 0)
(-0.0502342 -0.251127 0)
(-0.0333386 -0.213571 0)
(-0.0183158 -0.165523 0)
(-0.00683336 -0.107016 0)
(-0.00111409 -0.0386075 0)
(-0.00100843 0.0379206 0)
(-0.00614799 0.104398 0)
(-0.0163869 0.160605 0)
(-0.0296396 0.206281 0)
(-0.0443585 0.241713 0)
(-0.0594303 0.267568 0)
(-0.0739559 0.284766 0)
(-0.0872757 0.294367 0)
(-0.0989713 0.29747 0)
(-0.108829 0.29514 0)
(-0.116796 0.288361 0)
(-0.122942 0.278006 0)
(-0.127415 0.26483 0)
(-0.130418 0.249464 0)
(-0.13218 0.232428 0)
(-0.13294 0.214138 0)
(-0.132931 0.194921 0)
(-0.132377 0.175026 0)
(-0.131479 0.154638 0)
(-0.130422 0.133888 0)
(-0.129362 0.112865 0)
(-0.128438 0.0916203 0)
(-0.127759 0.0701805 0)
(-0.127414 0.0485499 0)
(-0.127466 0.026718 0)
(-0.127957 0.00466519 0)
(-0.128899 -0.0176327 0)
(-0.130284 -0.0401984 0)
(-0.132072 -0.0630477 0)
(-0.134196 -0.0861823 0)
(-0.136556 -0.109583 0)
(-0.13902 -0.133198 0)
(-0.141417 -0.156938 0)
(-0.143541 -0.180655 0)
(-0.145147 -0.204133 0)
(-0.145954 -0.227071 0)
(-0.145651 -0.249061 0)
(-0.143907 -0.269572 0)
(-0.140389 -0.28793 0)
(-0.134786 -0.303305 0)
(-0.126845 -0.314705 0)
(-0.116418 -0.320983 0)
(-0.103512 -0.320859 0)
(-0.0883519 -0.312978 0)
(-0.0714388 -0.295983 0)
(-0.0535968 -0.268632 0)
(-0.0359658 -0.229926 0)
(-0.0199601 -0.179254 0)
(-0.00752292 -0.116514 0)
(-0.00124482 -0.0422608 0)
(-0.00114196 0.0412236 0)
(-0.00684946 0.11293 0)
(-0.0180463 0.172813 0)
(-0.0322601 0.220635 0)
(-0.0476638 0.25686 0)
(-0.0629795 0.282412 0)
(-0.0772276 0.298496 0)
(-0.08974 0.306449 0)
(-0.100144 0.307611 0)
(-0.108303 0.303244 0)
(-0.114262 0.294476 0)
(-0.118185 0.282285 0)
(-0.120313 0.267487 0)
(-0.120929 0.250751 0)
(-0.120331 0.232609 0)
(-0.118811 0.213474 0)
(-0.116646 0.193658 0)
(-0.114092 0.173393 0)
(-0.111374 0.15284 0)
(-0.108694 0.132104 0)
(-0.106223 0.111249 0)
(-0.104105 0.0903008 0)
(-0.102459 0.0692613 0)
(-0.101379 0.0481102 0)
(-0.100933 0.0268129 0)
(-0.101167 0.00532491 0)
(-0.102101 -0.0164032 0)
(-0.10373 -0.038421 0)
(-0.106022 -0.0607728 0)
(-0.108916 -0.0834915 0)
(-0.112318 -0.106591 0)
(-0.116098 -0.130059 0)
(-0.120086 -0.153842 0)
(-0.124068 -0.177835 0)
(-0.127787 -0.201865 0)
(-0.130934 -0.225669 0)
(-0.133159 -0.248873 0)
(-0.134073 -0.270963 0)
(-0.133265 -0.291267 0)
(-0.130323 -0.308921 0)
(-0.124875 -0.32286 0)
(-0.116638 -0.331807 0)
(-0.105481 -0.334291 0)
(-0.0915104 -0.328694 0)
(-0.075146 -0.313336 0)
(-0.057202 -0.286608 0)
(-0.0389026 -0.24714 0)
(-0.021855 -0.194001 0)
(-0.00833748 -0.12688 0)
(-0.00140352 -0.046302 0)
(-0.00131349 0.0449311 0)
(-0.00772473 0.122361 0)
(-0.0200654 0.186055 0)
(-0.035357 0.235839 0)
(-0.0514239 0.272439 0)
(-0.0668055 0.297139 0)
(-0.0804551 0.311524 0)
(-0.0917286 0.317278 0)
(-0.100339 0.316027 0)
(-0.106269 0.309252 0)
(-0.109689 0.298235 0)
(-0.110886 0.284051 0)
(-0.11021 0.267569 0)
(-0.108032 0.249477 0)
(-0.104721 0.230306 0)
(-0.100623 0.21045 0)
(-0.0960542 0.190199 0)
(-0.0912964 0.169752 0)
(-0.0865948 0.149239 0)
(-0.0821602 0.128736 0)
(-0.0781708 0.108275 0)
(-0.0747749 0.0878564 0)
(-0.0720931 0.0674542 0)
(-0.0702206 0.0470237 0)
(-0.069229 0.0265061 0)
(-0.0691666 0.00583307 0)
(-0.070059 -0.0150693 0)
(-0.0719078 -0.0362764 0)
(-0.0746894 -0.0578604 0)
(-0.0783517 -0.0798851 0)
(-0.0828109 -0.102399 0)
(-0.0879463 -0.125429 0)
(-0.0935958 -0.148965 0)
(-0.0995492 -0.172951 0)
(-0.105543 -0.197264 0)
(-0.111256 -0.221694 0)
(-0.116307 -0.245917 0)
(-0.120256 -0.26946 0)
(-0.122616 -0.291674 0)
(-0.122872 -0.311688 0)
(-0.120517 -0.328384 0)
(-0.115106 -0.340371 0)
(-0.106334 -0.345982 0)
(-0.0941334 -0.343313 0)
(-0.0787882 -0.330303 0)
(-0.0610531 -0.304884 0)
(-0.042209 -0.265199 0)
(-0.0240687 -0.209865 0)
(-0.00931766 -0.13825 0)
(-0.00160059 -0.0508069 0)
(-0.00153909 0.0491498 0)
(-0.00883628 0.132891 0)
(-0.0225521 0.200497 0)
(-0.0390375 0.251928 0)
(-0.0556855 0.288316 0)
(-0.0708445 0.311449 0)
(-0.083435 0.323414 0)
(-0.0928912 0.326324 0)
(-0.09907 0.322142 0)
(-0.102124 0.312585 0)
(-0.102389 0.299085 0)
(-0.100301 0.282798 0)
(-0.0963305 0.264627 0)
(-0.0909437 0.245257 0)
(-0.0845779 0.225196 0)
(-0.0776278 0.204804 0)
(-0.0704404 0.18433 0)
(-0.0633147 0.163932 0)
(-0.0565048 0.143702 0)
(-0.0502236 0.123679 0)
(-0.0446479 0.103863 0)
(-0.0399224 0.0842229 0)
(-0.0361642 0.0647072 0)
(-0.0334657 0.0452465 0)
(-0.0318972 0.0257593 0)
(-0.0315082 0.00615546 0)
(-0.032328 -0.0136613 0)
(-0.0343654 -0.0337897 0)
(-0.0376063 -0.0543278 0)
(-0.0420115 -0.0753687 0)
(-0.0475122 -0.0969951 0)
(-0.0540043 -0.119272 0)
(-0.0613419 -0.142236 0)
(-0.0693293 -0.165885 0)
(-0.0777121 -0.190154 0)
(-0.0861686 -0.214901 0)
(-0.0943019 -0.239867 0)
(-0.101637 -0.264647 0)
(-0.10762 -0.288642 0)
(-0.111636 -0.311011 0)
(-0.113036 -0.330616 0)
(-0.111191 -0.34598 0)
(-0.105576 -0.355255 0)
(-0.0958877 -0.356236 0)
(-0.0821984 -0.346426 0)
(-0.0651257 -0.323196 0)
(-0.0459524 -0.284044 0)
(-0.0266925 -0.226952 0)
(-0.010522 -0.1508 0)
(-0.00185198 -0.0558783 0)
(-0.00184392 0.0540278 0)
(-0.0102748 0.144779 0)
(-0.0256488 0.216325 0)
(-0.0434198 0.268896 0)
(-0.0604568 0.304251 0)
(-0.0749337 0.324891 0)
(-0.0858072 0.333561 0)
(-0.092676 0.332898 0)
(-0.0956213 0.325246 0)
(-0.0950279 0.312558 0)
(-0.0914406 0.296401 0)
(-0.0854648 0.277982 0)
(-0.0777013 0.258204 0)
(-0.0687088 0.237719 0)
(-0.0589848 0.216985 0)
(-0.0489593 0.19631 0)
(-0.0389962 0.175884 0)
(-0.0293988 0.155815 0)
(-0.0204169 0.136147 0)
(-0.0122542 0.116878 0)
(-0.00507615 0.0979738 0)
(0.000984169 0.079373 0)
(0.0058202 0.0609981 0)
(0.00934778 0.0427573 0)
(0.0115019 0.0245493 0)
(0.0122346 0.00626475 0)
(0.0115142 -0.0122112 0)
(0.00932548 -0.030997 0)
(0.0056711 -0.0502129 0)
(0.000574755 -0.0699777 0)
(-0.00591456 -0.090405 0)
(-0.0137164 -0.111597 0)
(-0.0227111 -0.133637 0)
(-0.0327296 -0.156577 0)
(-0.0435423 -0.180421 0)
(-0.0548457 -0.205099 0)
(-0.0662489 -0.230442 0)
(-0.0772618 -0.256134 0)
(-0.0872874 -0.281663 0)
(-0.0956238 -0.306259 0)
(-0.101483 -0.328815 0)
(-0.104037 -0.347816 0)
(-0.102501 -0.361271 0)
(-0.0962644 -0.366681 0)
(-0.085088 -0.361071 0)
(-0.0693381 -0.341137 0)
(-0.0501997 -0.303541 0)
(-0.0298479 -0.245372 0)
(-0.012037 -0.164756 0)
(-0.00218296 -0.061658 0)
(-0.00226912 0.0597756 0)
(-0.012175 0.158364 0)
(-0.0295413 0.233734 0)
(-0.0486166 0.286645 0)
(-0.0656574 0.319829 0)
(-0.0787316 0.336796 0)
(-0.0869572 0.341137 0)
(-0.0902261 0.336116 0)
(-0.088949 0.324474 0)
(-0.0838139 0.308386 0)
(-0.0756134 0.289508 0)
(-0.0651373 0.269048 0)
(-0.0531127 0.247863 0)
(-0.0401762 0.226535 0)
(-0.0268664 0.205442 0)
(-0.0136281 0.184813 0)
(-0.000821998 0.164768 0)
(0.0112629 0.145352 0)
(0.0223972 0.126558 0)
(0.0323998 0.108339 0)
(0.041128 0.0906252 0)
(0.0484695 0.0733274 0)
(0.0543356 0.0563445 0)
(0.0586562 0.0395658 0)
(0.0613757 0.0228736 0)
(0.0624511 0.00614427 0)
(0.0618502 -0.010751 0)
(0.0595516 -0.0279453 0)
(0.0555463 -0.0455757 0)
(0.04984 -0.0637815 0)
(0.0424576 -0.0827021 0)
(0.0334494 -0.102473 0)
(0.0228993 -0.12322 0)
(0.0109365 -0.14505 0)
(-0.00225149 -0.168034 0)
(-0.0164013 -0.192188 0)
(-0.0311547 -0.217443 0)
(-0.0460377 -0.243598 0)
(-0.0604413 -0.270267 0)
(-0.0736078 -0.296799 0)
(-0.0846317 -0.322184 0)
(-0.0924876 -0.344941 0)
(-0.0961009 -0.363006 0)
(-0.0944848 -0.37363 0)
(-0.0869647 -0.373352 0)
(-0.0734949 -0.358086 0)
(-0.0549944 -0.323427 0)
(-0.0336925 -0.265216 0)
(-0.0139923 -0.18041 0)
(-0.00263531 -0.0683485 0)
(-0.00288467 0.0667007 0)
(-0.0147406 0.174081 0)
(-0.0344634 0.252888 0)
(-0.0546909 0.304896 0)
(-0.0710212 0.334352 0)
(-0.081582 0.346175 0)
(-0.085863 0.345023 0)
(-0.0842305 0.334858 0)
(-0.0775503 0.318806 0)
(-0.0668834 0.2992 0)
(-0.0532944 0.277708 0)
(-0.0377521 0.255469 0)
(-0.021087 0.233234 0)
(-0.00398317 0.211467 0)
(0.0130121 0.190434 0)
(0.0294698 0.170263 0)
(0.0450593 0.150992 0)
(0.0595284 0.132596 0)
(0.0726869 0.115011 0)
(0.0843912 0.0981488 0)
(0.0945333 0.0819054 0)
(0.103031 0.0661668 0)
(0.10982 0.0508128 0)
(0.114851 0.0357187 0)
(0.118082 0.0207558 0)
(0.119476 0.00579171 0)
(0.119005 -0.00931027 0)
(0.116641 -0.0246918 0)
(0.112364 -0.0404999 0)
(0.10616 -0.0568875 0)
(0.0980276 -0.0740125 0)
(0.0879804 -0.0920368 0)
(0.076059 -0.111122 0)
(0.0623401 -0.131423 0)
(0.0469519 -0.153078 0)
(0.0300937 -0.17619 0)
(0.0120602 -0.200797 0)
(-0.0067296 -0.226835 0)
(-0.0257001 -0.254078 0)
(-0.0440869 -0.282049 0)
(-0.0609133 -0.30991 0)
(-0.0749873 -0.336317 0)
(-0.0849434 -0.35924 0)
(-0.0893598 -0.375784 0)
(-0.086996 -0.382047 0)
(-0.0771818 -0.373095 0)
(-0.0603049 -0.343209 0)
(-0.0384207 -0.286507 0)
(-0.0165863 -0.198135 0)
(-0.00328065 -0.0762482 0)
(-0.00381339 0.0752685 0)
(-0.0182827 0.19248 0)
(-0.040683 0.273838 0)
(-0.0615511 0.323039 0)
(-0.07591 0.346681 0)
(-0.0822839 0.351599 0)
(-0.080861 0.343734 0)
(-0.0727146 0.327756 0)
(-0.0592953 0.30709 0)
(-0.0420827 0.284103 0)
(-0.0224046 0.260357 0)
(-0.00136977 0.236827 0)
(0.0201388 0.214085 0)
(0.0414416 0.192431 0)
(0.0620297 0.171987 0)
(0.0815298 0.152765 0)
(0.0996738 0.13471 0)
(0.116272 0.117726 0)
(0.131193 0.101697 0)
(0.144345 0.0864946 0)
(0.155666 0.0719875 0)
(0.165113 0.0580423 0)
(0.172652 0.0445262 0)
(0.178258 0.0313064 0)
(0.181906 0.0182501 0)
(0.183571 0.00522246 0)
(0.183227 -0.00791433 0)
(0.180845 -0.0213031 0)
(0.176391 -0.0350935 0)
(0.169834 -0.0494434 0)
(0.161143 -0.0645206 0)
(0.150294 -0.0805029 0)
(0.137277 -0.0975779 0)
(0.122107 -0.11594 0)
(0.104838 -0.135783 0)
(0.0855806 -0.157291 0)
(0.0645351 -0.180611 0)
(0.0420208 -0.205826 0)
(0.0185227 -0.232893 0)
(-0.00525807 -0.261562 0)
(-0.0283503 -0.291252 0)
(-0.0494687 -0.32087 0)
(-0.0670032 -0.348583 0)
(-0.0790837 -0.371523 0)
(-0.0837889 -0.385492 0)
(-0.0795727 -0.384737 0)
(-0.0659048 -0.362003 0)
(-0.0442393 -0.309102 0)
(-0.0201223 -0.218392 0)
(-0.00424523 -0.0858124 0)
(-0.00527461 0.0862078 0)
(-0.0232689 0.214211 0)
(-0.0484267 0.296334 0)
(-0.0687138 0.339869 0)
(-0.0789663 0.354996 0)
(-0.0787119 0.351051 0)
(-0.0692981 0.335373 0)
(-0.0527612 0.313227 0)
(-0.031227 0.288127 0)
(-0.00657803 0.262277 0)
(0.0196647 0.236974 0)
(0.0463408 0.212913 0)
(0.0726014 0.190416 0)
(0.0978465 0.169573 0)
(0.121666 0.150346 0)
(0.143791 0.132621 0)
(0.164048 0.116252 0)
(0.182337 0.10108 0)
(0.198602 0.0869408 0)
(0.212818 0.073678 0)
(0.224975 0.0611402 0)
(0.235074 0.0491835 0)
(0.243119 0.0376701 0)
(0.249109 0.0264671 0)
(0.25304 0.0154443 0)
(0.254901 0.0044718 0)
(0.254669 -0.00658223 0)
(0.252314 -0.0178543 0)
(0.247795 -0.0294884 0)
(0.24106 -0.0416385 0)
(0.232053 -0.0544715 0)
(0.220711 -0.0681699 0)
(0.206972 -0.0829338 0)
(0.190783 -0.0989816 0)
(0.172113 -0.116549 0)
(0.150969 -0.135883 0)
(0.127425 -0.15723 0)
(0.101657 -0.180812 0)
(0.0739943 -0.206782 0)
(0.044989 -0.23515 0)
(0.0154961 -0.265662 0)
(-0.0132319 -0.297611 0)
(-0.0394611 -0.329553 0)
(-0.060946 -0.358912 0)
(-0.0750417 -0.38148 0)
(-0.079084 -0.390887 0)
(-0.0711178 -0.378264 0)
(-0.0512736 -0.332478 0)
(-0.0250525 -0.241707 0)
(-0.00575407 -0.0977596 0)
(-0.00765445 0.100683 0)
(-0.0303555 0.239919 0)
(-0.0576328 0.319431 0)
(-0.0747858 0.353151 0)
(-0.0774757 0.356496 0)
(-0.0672093 0.341795 0)
(-0.0470436 0.31766 0)
(-0.0201691 0.289596 0)
(0.0106426 0.260849 0)
(0.0432391 0.233176 0)
(0.0760679 0.207417 0)
(0.108067 0.18388 0)
(0.138546 0.162576 0)
(0.167078 0.143366 0)
(0.193421 0.126045 0)
(0.217454 0.110387 0)
(0.239135 0.0961669 0)
(0.258469 0.0831756 0)
(0.275491 0.07122 0)
(0.290246 0.0601255 0)
(0.302784 0.049734 0)
(0.313151 0.0399012 0)
(0.321386 0.0304939 0)
(0.327516 0.0213869 0)
(0.331558 0.01246 0)
(0.333513 0.00359526 0)
(0.333365 -0.00532629 0)
(0.331085 -0.0144277 0)
(0.326624 -0.0238391 0)
(0.319917 -0.0337017 0)
(0.310884 -0.0441711 0)
(0.299427 -0.0554214 0)
(0.285435 -0.0676498 0)
(0.26879 -0.0810804 0)
(0.249373 -0.0959681 0)
(0.227078 -0.1126 0)
(0.201833 -0.131294 0)
(0.173635 -0.152387 0)
(0.142599 -0.17621 0)
(0.109033 -0.203038 0)
(0.0735381 -0.232989 0)
(0.0371541 -0.265848 0)
(0.00152134 -0.300771 0)
(-0.0309512 -0.335811 0)
(-0.0570146 -0.36721 0)
(-0.0727668 -0.38847 0)
(-0.0742829 -0.389355 0)
(-0.0592864 -0.355319 0)
(-0.0319925 -0.268521 0)
(-0.00819928 -0.113241 0)
(-0.0115741 0.120523 0)
(-0.0402534 0.269849 0)
(-0.0672422 0.340744 0)
(-0.0763693 0.358992 0)
(-0.0662466 0.347099 0)
(-0.0416757 0.320406 0)
(-0.00786598 0.288169 0)
(0.0308988 0.255436 0)
(0.071474 0.22466 0)
(0.111751 0.196822 0)
(0.150419 0.172133 0)
(0.186725 0.150433 0)
(0.220283 0.131408 0)
(0.250939 0.114704 0)
(0.278678 0.0999767 0)
(0.303567 0.086914 0)
(0.325709 0.0752433 0)
(0.345228 0.064729 0)
(0.362248 0.0551692 0)
(0.376885 0.0463897 0)
(0.389244 0.0382393 0)
(0.399412 0.0305849 0)
(0.40746 0.0233071 0)
(0.413441 0.0162964 0)
(0.417389 0.00944945 0)
(0.419316 0.00266631 0)
(0.419214 -0.00415318 0)
(0.417056 -0.0111123 0)
(0.412791 -0.0183211 0)
(0.406344 -0.0258995 0)
(0.397616 -0.033982 0)
(0.386485 -0.0427225 0)
(0.372799 -0.0522992 0)
(0.356384 -0.0629219 0)
(0.337043 -0.0748389 0)
(0.314561 -0.0883449 0)
(0.28872 -0.103789 0)
(0.259321 -0.121577 0)
(0.226223 -0.142172 0)
(0.189408 -0.16607 0)
(0.14909 -0.193747 0)
(0.105873 -0.225528 0)
(0.0609914 -0.261334 0)
(0.0166219 -0.300201 0)
(-0.0237822 -0.33944 0)
(-0.05529 -0.373283 0)
(-0.0716747 -0.390987 0)
(-0.0669145 -0.374737 0)
(-0.041537 -0.298746 0)
(-0.0121937 -0.134044 0)
(-0.0177485 0.148551 0)
(-0.0528822 0.302811 0)
(-0.0732999 0.355066 0)
(-0.065851 0.351044 0)
(-0.0357705 0.321361 0)
(0.00765334 0.283168 0)
(0.0572081 0.244929 0)
(0.108126 0.210181 0)
(0.15754 0.179974 0)
(0.203908 0.154235 0)
(0.246527 0.132461 0)
(0.285183 0.114039 0)
(0.319931 0.0983849 0)
(0.350961 0.0849917 0)
(0.378517 0.0734361 0)
(0.40286 0.0633721 0)
(0.424239 0.054519 0)
(0.442881 0.0466482 0)
(0.458989 0.0395728 0)
(0.472738 0.0331381 0)
(0.484272 0.0272142 0)
(0.493713 0.0216899 0)
(0.501154 0.0164679 0)
(0.506665 0.0114608 0)
(0.510293 0.00658759 0)
(0.512059 0.00177064 0)
(0.511963 -0.0030672 0)
(0.50998 -0.00800537 0)
(0.50606 -0.0131286 0)
(0.500126 -0.0185304 0)
(0.49207 -0.0243165 0)
(0.481755 -0.0306101 0)
(0.469007 -0.0375572 0)
(0.453613 -0.0453341 0)
(0.43532 -0.0541566 0)
(0.413827 -0.0642913 0)
(0.388792 -0.0760699 0)
(0.359837 -0.0899062 0)
(0.326563 -0.106313 0)
(0.288594 -0.125915 0)
(0.245655 -0.14945 0)
(0.197714 -0.177717 0)
(0.145238 -0.211432 0)
(0.0896017 -0.250865 0)
(0.0336879 -0.295033 0)
(-0.0173617 -0.340112 0)
(-0.0554236 -0.376579 0)
(-0.0697319 -0.384943 0)
(-0.0532982 -0.330657 0)
(-0.0183759 -0.162888 0)
(-0.0258805 0.189373 0)
(-0.0643843 0.333673 0)
(-0.064398 0.351755 0)
(-0.0272767 0.319466 0)
(0.0304595 0.27279 0)
(0.0954992 0.22702 0)
(0.160217 0.187478 0)
(0.220813 0.155017 0)
(0.275743 0.12886 0)
(0.324677 0.107848 0)
(0.367867 0.0908819 0)
(0.405803 0.0770541 0)
(0.439034 0.0656539 0)
(0.468094 0.056138 0)
(0.493461 0.0480934 0)
(0.515554 0.0412054 0)
(0.534727 0.0352322 0)
(0.55128 0.0299861 0)
(0.565463 0.0253189 0)
(0.57748 0.0211118 0)
(0.587499 0.0172679 0)
(0.595654 0.0137061 0)
(0.60205 0.010357 0)
(0.606762 0.00715919 0)
(0.609842 0.00405659 0)
(0.611318 0.000996045 0)
(0.611194 -0.00207496 0)
(0.609449 -0.00521038 0)
(0.606038 -0.00846793 0)
(0.600888 -0.0119116 0)
(0.593895 -0.0156148 0)
(0.584922 -0.0196639 0)
(0.573793 -0.0241633 0)
(0.560284 -0.0292421 0)
(0.544119 -0.0350622 0)
(0.524955 -0.0418304 0)
(0.502378 -0.0498146 0)
(0.475886 -0.0593659 0)
(0.444883 -0.0709484 0)
(0.408679 -0.0851781 0)
(0.366517 -0.10287 0)
(0.31764 -0.125081 0)
(0.261471 -0.153116 0)
(0.197978 -0.188408 0)
(0.128389 -0.232029 0)
(0.0564265 -0.283305 0)
(-0.00983972 -0.336562 0)
(-0.0558675 -0.374862 0)
(-0.0627817 -0.358347 0)
(-0.0261687 -0.204117 0)
(-0.0296292 0.246724 0)
(-0.0583986 0.346547 0)
(-0.0119572 0.311495 0)
(0.0703989 0.251533 0)
(0.159094 0.196214 0)
(0.242192 0.152096 0)
(0.315628 0.118863 0)
(0.378757 0.0942127 0)
(0.432443 0.075827 0)
(0.478004 0.0619104 0)
(0.516742 0.0511808 0)
(0.549784 0.042746 0)
(0.578064 0.0359875 0)
(0.602337 0.0304731 0)
(0.623205 0.0258967 0)
(0.641152 0.0220373 0)
(0.656565 0.0187326 0)
(0.669753 0.015861 0)
(0.680965 0.0133294 0)
(0.690401 0.0110649 0)
(0.69822 0.00900951 0)
(0.704547 0.00711551 0)
(0.709478 0.00534271 0)
(0.713083 0.00365611 0)
(0.715412 0.00202409 0)
(0.716491 0.000416939 0)
(0.716326 -0.00119454 0)
(0.714901 -0.0028403 0)
(0.712179 -0.00455242 0)
(0.7081 -0.00636669 0)
(0.702576 -0.00832445 0)
(0.695488 -0.010475 0)
(0.68668 -0.0128788 0)
(0.675952 -0.0156117 0)
(0.663048 -0.0187712 0)
(0.647644 -0.0224849 0)
(0.629329 -0.0269235 0)
(0.607579 -0.0323198 0)
(0.58173 -0.0389972 0)
(0.550936 -0.0474142 0)
(0.514131 -0.0582309 0)
(0.469987 -0.0724088 0)
(0.416925 -0.0913486 0)
(0.35323 -0.117048 0)
(0.27753 -0.152155 0)
(0.189957 -0.199437 0)
(0.0943107 -0.259598 0)
(0.00284564 -0.32558 0)
(-0.0528311 -0.364955 0)
(-0.0285072 -0.260371 0)
(0.0100401 0.28671 0)
(0.0248626 0.299723 0)
(0.150354 0.214158 0)
(0.281623 0.145882 0)
(0.387786 0.100249 0)
(0.47134 0.0705507 0)
(0.53722 0.0512904 0)
(0.589413 0.0385735 0)
(0.63122 0.0298972 0)
(0.665174 0.0237542 0)
(0.69311 0.0192473 0)
(0.716351 0.015833 0)
(0.73586 0.0131724 0)
(0.752347 0.0110477 0)
(0.766345 0.00931391 0)
(0.778259 0.00787163 0)
(0.7884 0.00665051 0)
(0.797011 0.00559942 0)
(0.804282 0.00468016 0)
(0.810362 0.00386354 0)
(0.815369 0.0031266 0)
(0.819394 0.00245082 0)
(0.822506 0.00182079 0)
(0.824758 0.00122323 0)
(0.826184 0.00064628 0)
(0.826803 7.88412e-05 0)
(0.826622 -0.000489923 0)
(0.825629 -0.00107113 0)
(0.823801 -0.00167671 0)
(0.821096 -0.00232003 0)
(0.817454 -0.00301664 0)
(0.812792 -0.00378528 0)
(0.807 -0.00464919 0)
(0.799935 -0.00563798 0)
(0.791412 -0.00679032 0)
(0.78119 -0.00815798 0)
(0.768956 -0.009812 0)
(0.754299 -0.0118525 0)
(0.736673 -0.0144249 0)
(0.715342 -0.0177471 0)
(0.689303 -0.0221579 0)
(0.657162 -0.028203 0)
(0.616963 -0.0367916 0)
(0.56596 -0.0494762 0)
(0.50047 -0.0689022 0)
(0.415932 -0.0993371 0)
(0.306695 -0.146963 0)
(0.169408 -0.218966 0)
(0.0356164 -0.308497 0)
(0.0145891 -0.294729 0)
(0.301251 0.14701 0)
(0.400424 0.127488 0)
(0.564643 0.075179 0)
(0.682465 0.0427889 0)
(0.752591 0.0251228 0)
(0.797597 0.0154522 0)
(0.828866 0.0100762 0)
(0.851606 0.0069848 0)
(0.868781 0.00510822 0)
(0.882189 0.00389642 0)
(0.892924 0.00306658 0)
(0.90168 0.00246878 0)
(0.90892 0.00201977 0)
(0.914967 0.0016709 0)
(0.920051 0.0013922 0)
(0.924342 0.00116426 0)
(0.927966 0.00097396 0)
(0.931023 0.000812086 0)
(0.933586 0.000671943 0)
(0.935715 0.000548521 0)
(0.937454 0.00043796 0)
(0.93884 0.000337192 0)
(0.939899 0.000243702 0)
(0.94065 0.000155353 0)
(0.941107 7.0247e-05 0)
(0.941277 -1.33727e-05 0)
(0.941162 -9.72159e-05 0)
(0.940759 -0.000183043 0)
(0.940059 -0.000272744 0)
(0.939046 -0.000368454 0)
(0.937698 -0.000472679 0)
(0.935983 -0.000588478 0)
(0.933859 -0.000719697 0)
(0.931272 -0.000871321 0)
(0.928149 -0.00104999 0)
(0.924397 -0.00126479 0)
(0.91989 -0.00152857 0)
(0.914462 -0.00186013 0)
(0.907884 -0.00228811 0)
(0.899838 -0.00285835 0)
(0.889865 -0.00364837 0)
(0.877278 -0.00479716 0)
(0.860998 -0.00656834 0)
(0.839241 -0.00948369 0)
(0.809013 -0.0145901 0)
(0.765011 -0.0239421 0)
(0.695657 -0.0414637 0)
(0.577236 -0.074311 0)
(0.408945 -0.128032 0)
(0.304996 -0.148435 0)
)
;

boundaryField
{
    movingWall
    {
        type            fixedValue;
        value           uniform (1 0 0);
    }
    fixedWalls
    {
        type            noSlip;
    }
    frontAndBack
    {
        type            empty;
    }
}


// ************************************************************************* //
