/*--------------------------------*- C++ -*----------------------------------*\
| =========                 |                                                 |
| \\      /  F ield         | OpenFOAM: The Open Source CFD Toolbox           |
|  \\    /   O peration     | Version:  v2012                                 |
|   \\  /    A nd           | Website:  www.openfoam.com                      |
|    \\/     M anipulation  |                                                 |
\*---------------------------------------------------------------------------*/
FoamFile
{
    version     2.0;
    format      ascii;
    class       surfaceScalarField;
    location    "0.05";
    object      phi;
}
// * * * * * * * * * * * * * * * * * * * * * * * * * * * * * * * * * * * * * //

dimensions      [0 3 -1 0 0 0 0];
oriented        oriented;


internalField   nonuniform List<scalar> 
4900
(
1.04423e-09
-1.04439e-09
2.0882e-09
-1.04391e-09
2.08179e-09
6.28355e-12
6.61422e-10
1.42044e-09
-2.23461e-09
2.89598e-09
-6.51936e-09
4.28473e-09
-1.20361e-08
5.51671e-09
-1.85967e-08
6.56065e-09
-2.60022e-08
7.40553e-09
-3.40529e-08
8.05069e-09
-4.25541e-08
8.50124e-09
-5.13197e-08
8.76565e-09
-6.01738e-08
8.8541e-09
-6.89518e-08
8.77804e-09
-7.75014e-08
8.54958e-09
-8.56825e-08
8.18112e-09
-9.33677e-08
7.68514e-09
-1.00442e-07
7.07414e-09
-1.06802e-07
6.36061e-09
-1.12359e-07
5.55703e-09
-1.17035e-07
4.67588e-09
-1.20765e-07
3.7296e-09
-1.23496e-07
2.73085e-09
-1.25188e-07
1.6924e-09
-1.25815e-07
6.2726e-10
-1.25364e-07
-4.51148e-10
-1.23835e-07
-1.52903e-09
-1.21243e-07
-2.59221e-09
-1.17617e-07
-3.62593e-09
-1.13002e-07
-4.61509e-09
-1.07458e-07
-5.54425e-09
-1.0106e-07
-6.39763e-09
-9.39009e-08
-7.15921e-09
-8.60879e-08
-7.81303e-09
-7.77445e-08
-8.34334e-09
-6.90098e-08
-8.73477e-09
-6.00372e-08
-8.97264e-09
-5.09939e-08
-9.04333e-09
-4.20593e-08
-8.93464e-09
-3.34232e-08
-8.6361e-09
-2.52835e-08
-8.13968e-09
-1.78429e-08
-7.44054e-09
-1.13046e-08
-6.53834e-09
-5.86509e-09
-5.43949e-09
-1.70346e-09
-4.16165e-09
1.03964e-09
-2.74309e-09
2.30075e-09
-1.26109e-09
2.16752e-09
1.33216e-10
1.04614e-09
1.12134e-09
1.04616e-09
1.06164e-09
-2.10592e-09
1.09917e-09
-1.08154e-09
-1.41567e-09
2.5212e-09
-7.17307e-09
7.17785e-09
-1.63665e-08
1.20895e-08
-2.88808e-08
1.67992e-08
-4.44135e-08
2.10494e-08
-6.2556e-08
2.47032e-08
-8.28449e-08
2.76944e-08
-1.04793e-07
2.99991e-08
-1.27912e-07
3.16195e-08
-1.5172e-07
3.2574e-08
-1.75757e-07
3.28914e-08
-1.99587e-07
3.26074e-08
-2.22799e-07
3.1762e-08
-2.45016e-07
3.03978e-08
-2.6589e-07
2.85591e-08
-2.85107e-07
2.62912e-08
-3.02386e-07
2.36399e-08
-3.1748e-07
2.06514e-08
-3.30177e-07
1.73724e-08
-3.40297e-07
1.38498e-08
-3.47697e-07
1.01313e-08
-3.5227e-07
6.26533e-09
-3.53944e-07
2.30129e-09
-3.52685e-07
-1.71027e-09
-3.48497e-07
-5.71729e-09
-3.41423e-07
-9.66631e-09
-3.31546e-07
-1.35025e-08
-3.18992e-07
-1.71695e-08
-3.03926e-07
-2.06099e-08
-2.86558e-07
-2.37656e-08
-2.67139e-07
-2.65782e-08
-2.45963e-07
-2.89896e-08
-2.23363e-07
-3.09429e-08
-1.99714e-07
-3.23835e-08
-1.75427e-07
-3.32601e-08
-1.50944e-07
-3.35259e-08
-1.26738e-07
-3.31407e-08
-1.03302e-07
-3.20725e-08
-8.11414e-08
-3.03001e-08
-6.07647e-08
-2.78172e-08
-4.26655e-08
-2.46375e-08
-2.73011e-08
-2.08039e-08
-1.50591e-08
-1.64036e-08
-6.20654e-09
-1.15956e-08
-8.09569e-10
-6.65808e-09
1.38836e-09
-2.06475e-09
1.13313e-09
1.37661e-09
2.17936e-09
5.5651e-11
-2.16169e-09
-2.40376e-09
1.3779e-09
-8.83014e-09
8.9475e-09
-1.99301e-08
1.82779e-08
-3.59079e-08
2.80673e-08
-5.66083e-08
3.74996e-08
-8.16315e-08
4.60726e-08
-1.10421e-07
5.3493e-08
-1.42329e-07
5.96018e-08
-1.76656e-07
6.4327e-08
-2.1269e-07
6.76532e-08
-2.4972e-07
6.96034e-08
-2.87054e-07
7.02263e-08
-3.24035e-07
6.95877e-08
-3.60038e-07
6.77652e-08
-3.94484e-07
6.48443e-08
-4.26841e-07
6.09156e-08
-4.56623e-07
5.60731e-08
-4.83396e-07
5.04131e-08
-5.06778e-07
4.40334e-08
-5.26439e-07
3.70334e-08
-5.42103e-07
2.95137e-08
-5.53548e-07
2.15764e-08
-5.60608e-07
1.33257e-08
-5.63175e-07
4.86778e-09
-5.61196e-07
-3.68866e-09
-5.54682e-07
-1.22321e-08
-5.437e-07
-2.06483e-08
-5.28382e-07
-2.88199e-08
-5.08924e-07
-3.66272e-08
-4.85586e-07
-4.39487e-08
-4.5869e-07
-5.06614e-08
-4.28626e-07
-5.66426e-08
-3.95844e-07
-6.17707e-08
-3.6086e-07
-6.59279e-08
-3.24242e-07
-6.90013e-08
-2.86615e-07
-7.08867e-08
-2.4865e-07
-7.14907e-08
-2.11056e-07
-7.07351e-08
-1.74567e-07
-6.85613e-08
-1.39931e-07
-6.49364e-08
-1.07887e-07
-5.98609e-08
-7.91434e-08
-5.33813e-08
-5.43407e-08
-4.56066e-08
-3.40076e-08
-3.67366e-08
-1.84971e-08
-2.71061e-08
-7.89953e-09
-1.72557e-08
-1.93243e-09
-8.03183e-09
1.93273e-10
-7.4898e-10
2.37265e-09
-1.31559e-09
-8.46027e-10
-6.98524e-09
7.0475e-09
-1.80858e-08
2.00481e-08
-3.51475e-08
3.53396e-08
-5.82659e-08
5.11857e-08
-8.71929e-08
6.64268e-08
-1.21426e-07
8.03056e-08
-1.60285e-07
9.23517e-08
-2.02974e-07
1.02291e-07
-2.48633e-07
1.09986e-07
-2.9637e-07
1.1539e-07
-3.45291e-07
1.18525e-07
-3.94522e-07
1.19457e-07
-4.43219e-07
1.18284e-07
-4.90582e-07
1.15129e-07
-5.35865e-07
1.10127e-07
-5.78377e-07
1.03428e-07
-6.1749e-07
9.51856e-08
-6.52638e-07
8.55612e-08
-6.83324e-07
7.47191e-08
-7.09117e-07
6.28269e-08
-7.29659e-07
5.00552e-08
-7.4466e-07
3.65776e-08
-7.53905e-07
2.25709e-08
-7.57253e-07
8.21585e-09
-7.54639e-07
-6.30271e-09
-7.46076e-07
-2.07954e-08
-7.31656e-07
-3.50684e-08
-7.11552e-07
-4.89235e-08
-6.86021e-07
-6.21585e-08
-6.55401e-07
-7.45686e-08
-6.20115e-07
-8.59478e-08
-5.80667e-07
-9.60905e-08
-5.37643e-07
-1.04795e-07
-4.91706e-07
-1.11865e-07
-4.43592e-07
-1.17116e-07
-3.94101e-07
-1.20377e-07
-3.44093e-07
-1.21499e-07
-2.94467e-07
-1.2036e-07
-2.46156e-07
-1.16873e-07
-2.00097e-07
-1.10995e-07
-1.57215e-07
-1.02743e-07
-1.18385e-07
-9.22112e-08
-8.43955e-08
-7.95965e-08
-5.58956e-08
-6.52366e-08
-3.33349e-08
-4.96668e-08
-1.68863e-08
-3.37043e-08
-6.36219e-09
-1.85559e-08
-1.12971e-09
-5.98138e-09
1.24291e-09
-2.77489e-09
1.92882e-09
-1.19452e-08
1.62178e-08
-2.80936e-08
3.61965e-08
-5.14549e-08
5.87009e-08
-8.19271e-08
8.1658e-08
-1.19115e-07
1.03615e-07
-1.6239e-07
1.2358e-07
-2.10945e-07
1.40907e-07
-2.63854e-07
1.552e-07
-3.20116e-07
1.66248e-07
-3.78694e-07
1.73968e-07
-4.38542e-07
1.78373e-07
-4.98632e-07
1.79547e-07
-5.5797e-07
1.77622e-07
-6.1561e-07
1.72768e-07
-6.70663e-07
1.65181e-07
-7.22308e-07
1.55073e-07
-7.69794e-07
1.42672e-07
-8.12447e-07
1.28214e-07
-8.49669e-07
1.11942e-07
-8.80947e-07
9.41047e-08
-9.05849e-07
7.49574e-08
-9.2403e-07
5.47587e-08
-9.35233e-07
3.3773e-08
-9.39287e-07
1.22706e-08
-9.36118e-07
-9.47228e-09
-9.2574e-07
-3.11729e-08
-9.08267e-07
-5.2542e-08
-8.83906e-07
-7.32844e-08
-8.52965e-07
-9.30997e-08
-8.15849e-07
-1.11684e-07
-7.73065e-07
-1.28732e-07
-7.25214e-07
-1.43941e-07
-6.72996e-07
-1.57013e-07
-6.17197e-07
-1.67663e-07
-5.58693e-07
-1.7562e-07
-4.98432e-07
-1.80638e-07
-4.37428e-07
-1.82504e-07
-3.76742e-07
-1.81046e-07
-3.17467e-07
-1.76148e-07
-2.60702e-07
-1.67759e-07
-2.07525e-07
-1.5592e-07
-1.58957e-07
-1.4078e-07
-1.15919e-07
-1.22634e-07
-7.91868e-08
-1.01968e-07
-4.93338e-08
-7.95197e-08
-2.66715e-08
-5.63666e-08
-1.11957e-08
-3.40317e-08
-2.54685e-09
-1.46302e-08
-1.30398e-09
-4.20574e-09
6.13457e-09
-1.69337e-08
2.89457e-08
-3.82567e-08
5.75194e-08
-6.8057e-08
8.85012e-08
-1.05979e-07
1.1958e-07
-1.51435e-07
1.49072e-07
-2.0364e-07
1.75785e-07
-2.6165e-07
1.98916e-07
-3.24407e-07
2.17957e-07
-3.90779e-07
2.32621e-07
-4.59599e-07
2.42788e-07
-5.2969e-07
2.48464e-07
-5.99894e-07
2.4975e-07
-6.69088e-07
2.46816e-07
-7.36202e-07
2.39882e-07
-8.0023e-07
2.29209e-07
-8.60238e-07
2.15082e-07
-9.15375e-07
1.97808e-07
-9.64871e-07
1.77709e-07
-1.00805e-06
1.55118e-07
-1.04432e-06
1.30375e-07
-1.07319e-06
1.0383e-07
-1.09427e-06
7.58401e-08
-1.10727e-06
4.67689e-08
-1.11199e-06
1.69889e-08
-1.10834e-06
-1.31193e-08
-1.09634e-06
-4.31665e-08
-1.07613e-06
-7.2755e-08
-1.04794e-06
-1.01479e-07
-1.01211e-06
-1.28926e-07
-9.69113e-07
-1.54681e-07
-9.1952e-07
-1.78325e-07
-8.64016e-07
-1.99446e-07
-8.03392e-07
-2.17637e-07
-7.38543e-07
-2.32512e-07
-6.70459e-07
-2.43704e-07
-6.00214e-07
-2.50883e-07
-5.28953e-07
-2.53765e-07
-4.57876e-07
-2.52124e-07
-3.88214e-07
-2.45809e-07
-3.21209e-07
-2.34764e-07
-2.58077e-07
-2.19052e-07
-1.99976e-07
-1.98881e-07
-1.47966e-07
-1.74645e-07
-1.02962e-07
-1.46972e-07
-6.56917e-08
-1.1679e-07
-3.66516e-08
-8.54067e-08
-1.60779e-08
-5.46054e-08
-3.94233e-09
-2.67658e-08
-5.24626e-09
-5.56811e-09
1.17028e-08
-2.1795e-08
4.51724e-08
-4.82785e-08
8.4003e-08
-8.45335e-08
1.24756e-07
-1.29919e-07
1.64966e-07
-1.83626e-07
2.02778e-07
-2.44684e-07
2.36843e-07
-3.11995e-07
2.66227e-07
-3.84361e-07
2.90323e-07
-4.60521e-07
3.08781e-07
-5.39183e-07
3.21449e-07
-6.19051e-07
3.28332e-07
-6.98849e-07
3.29548e-07
-7.77343e-07
3.25311e-07
-8.53357e-07
3.15896e-07
-9.25783e-07
3.01635e-07
-9.93594e-07
2.82892e-07
-1.05585e-06
2.60063e-07
-1.1117e-06
2.33562e-07
-1.1604e-06
2.03819e-07
-1.2013e-06
1.71277e-07
-1.23386e-06
1.36391e-07
-1.25765e-06
9.96236e-08
-1.27233e-06
6.14503e-08
-1.2777e-06
2.23553e-08
-1.27365e-06
-1.71661e-08
-1.26021e-06
-5.66072e-08
-1.23751e-06
-9.54507e-08
-1.20582e-06
-1.33169e-07
-1.16552e-06
-1.69228e-07
-1.11712e-06
-2.03086e-07
-1.06124e-06
-2.34204e-07
-9.98638e-07
-2.62045e-07
-9.3019e-07
-2.86086e-07
-8.56876e-07
-3.05825e-07
-7.79786e-07
-3.20794e-07
-7.001e-07
-3.30568e-07
-6.19081e-07
-3.34784e-07
-5.38049e-07
-3.33156e-07
-4.58364e-07
-3.25494e-07
-3.81398e-07
-3.1173e-07
-3.08503e-07
-2.91947e-07
-2.40977e-07
-2.66407e-07
-1.80027e-07
-2.35595e-07
-1.26728e-07
-2.00271e-07
-8.19905e-08
-1.61528e-07
-4.65285e-08
-1.20869e-07
-2.08503e-08
-8.02836e-08
-5.27385e-09
-4.23423e-08
-1.05201e-08
-6.85638e-09
1.85591e-08
-2.64803e-08
6.47963e-08
-5.80455e-08
1.15568e-07
-1.00707e-07
1.67418e-07
-1.53528e-07
2.17787e-07
-2.15454e-07
2.64703e-07
-2.85312e-07
3.06702e-07
-3.61832e-07
3.42747e-07
-4.43666e-07
3.72157e-07
-5.29416e-07
3.94532e-07
-6.17668e-07
4.09701e-07
-7.07009e-07
4.17673e-07
-7.96057e-07
4.18596e-07
-8.83477e-07
4.1273e-07
-9.67995e-07
4.00415e-07
-1.04842e-06
3.82057e-07
-1.12363e-06
3.58109e-07
-1.19263e-06
3.2906e-07
-1.25449e-06
2.95425e-07
-1.30841e-06
2.5774e-07
-1.35369e-06
2.16557e-07
-1.38975e-06
1.72444e-07
-1.4161e-06
1.25979e-07
-1.43241e-06
7.77556e-08
-1.43843e-06
2.83785e-08
-1.43406e-06
-2.15332e-08
-1.41932e-06
-7.1347e-08
-1.39436e-06
-1.20417e-07
-1.35944e-06
-1.68085e-07
-1.31499e-06
-2.13683e-07
-1.26154e-06
-2.56538e-07
-1.19977e-06
-2.95975e-07
-1.13048e-06
-3.31327e-07
-1.05463e-06
-3.61941e-07
-9.73258e-07
-3.87194e-07
-8.8755e-07
-4.06502e-07
-7.9878e-07
-4.19338e-07
-7.08314e-07
-4.2525e-07
-6.17587e-07
-4.23883e-07
-5.2808e-07
-4.15001e-07
-4.41293e-07
-3.98517e-07
-3.58716e-07
-3.74523e-07
-2.81796e-07
-3.43326e-07
-2.11901e-07
-3.0549e-07
-1.50286e-07
-2.61886e-07
-9.80658e-08
-2.13748e-07
-5.61946e-08
-1.6274e-07
-2.54655e-08
-1.11013e-07
-6.53533e-09
-6.12724e-08
-1.70554e-08
-8.07995e-09
2.66391e-08
-3.09966e-08
8.7713e-08
-6.75482e-08
1.5212e-07
-1.16548e-07
2.16418e-07
-1.76762e-07
2.78e-07
-2.46878e-07
3.3482e-07
-3.25509e-07
3.85332e-07
-4.11195e-07
4.28433e-07
-5.02426e-07
4.63388e-07
-5.97663e-07
4.89769e-07
-6.95362e-07
5.07401e-07
-7.93999e-07
5.16309e-07
-8.92085e-07
5.16682e-07
-9.88189e-07
5.08834e-07
-1.08095e-06
4.9318e-07
-1.16911e-06
4.70208e-07
-1.25146e-06
4.40466e-07
-1.32695e-06
4.04543e-07
-1.39458e-06
3.63064e-07
-1.45352e-06
3.16676e-07
-1.50301e-06
2.66048e-07
-1.54244e-06
2.11866e-07
-1.57129e-06
1.54832e-07
-1.58919e-06
9.56616e-08
-1.5959e-06
3.50887e-08
-1.5913e-06
-2.61379e-08
-1.57539e-06
-8.72527e-08
-1.54834e-06
-1.47474e-07
-1.51042e-06
-2.06005e-07
-1.46206e-06
-2.62039e-07
-1.40384e-06
-3.14758e-07
-1.33647e-06
-3.63346e-07
-1.2608e-06
-4.06995e-07
-1.17783e-06
-4.44914e-07
-1.08868e-06
-4.76345e-07
-9.946e-07
-5.00581e-07
-8.96958e-07
-5.1698e-07
-7.97217e-07
-5.24992e-07
-6.96919e-07
-5.24181e-07
-5.97666e-07
-5.14254e-07
-5.01089e-07
-4.95093e-07
-4.08826e-07
-4.66787e-07
-3.22479e-07
-4.29672e-07
-2.43595e-07
-3.84375e-07
-1.73626e-07
-3.31856e-07
-1.13909e-07
-2.73465e-07
-6.56519e-08
-2.10997e-07
-2.99351e-08
-1.4673e-07
-7.73732e-09
-8.34702e-08
-2.47928e-08
-9.25406e-09
3.58931e-08
-3.53771e-08
1.13836e-07
-7.68323e-08
1.93575e-07
-1.32111e-07
2.71697e-07
-1.99684e-07
3.45573e-07
-2.77981e-07
4.13116e-07
-3.65383e-07
4.72735e-07
-4.60233e-07
5.23283e-07
-5.60848e-07
5.64003e-07
-6.65538e-07
5.94459e-07
-7.72627e-07
6.14489e-07
-8.80471e-07
6.24154e-07
-9.87481e-07
6.23693e-07
-1.09214e-06
6.13489e-07
-1.19299e-06
5.94038e-07
-1.28871e-06
5.65924e-07
-1.37804e-06
5.29795e-07
-1.45985e-06
4.86351e-07
-1.53311e-06
4.36331e-07
-1.59694e-06
3.805e-07
-1.65054e-06
3.1965e-07
-1.69326e-06
2.5459e-07
-1.72458e-06
1.8615e-07
-1.7441e-06
1.15177e-07
-1.75154e-06
4.25346e-08
-1.74679e-06
-3.08921e-08
-1.72984e-06
-1.04199e-07
-1.70085e-06
-1.76465e-07
-1.66011e-06
-2.46746e-07
-1.60806e-06
-3.1409e-07
-1.54529e-06
-3.77529e-07
-1.47254e-06
-4.36097e-07
-1.3907e-06
-4.88835e-07
-1.30081e-06
-5.34804e-07
-1.20405e-06
-5.73102e-07
-1.10174e-06
-6.02886e-07
-9.95338e-07
-6.23387e-07
-8.86385e-07
-6.33944e-07
-7.76539e-07
-6.34027e-07
-6.67522e-07
-6.23271e-07
-5.61104e-07
-6.01511e-07
-4.59075e-07
-5.68816e-07
-3.63212e-07
-5.25536e-07
-2.7525e-07
-4.72336e-07
-1.96856e-07
-4.1025e-07
-1.29604e-07
-3.40717e-07
-7.49635e-08
-2.65637e-07
-3.43005e-08
-1.87393e-07
-8.89709e-09
-1.08874e-07
-3.36898e-08
-1.03953e-08
4.62885e-08
-3.96665e-08
1.43107e-07
-8.59712e-08
2.3988e-07
-1.47495e-07
3.33221e-07
-2.22421e-07
4.20499e-07
-3.08914e-07
4.99609e-07
-4.05119e-07
5.6894e-07
-5.0917e-07
6.27335e-07
-6.19201e-07
6.74034e-07
-7.33364e-07
7.08621e-07
-8.49843e-07
7.30968e-07
-9.66875e-07
7.41187e-07
-1.08277e-06
7.39585e-07
-1.19591e-06
7.26629e-07
-1.30478e-06
7.0291e-07
-1.40797e-06
6.69113e-07
-1.50418e-06
6.26001e-07
-1.59221e-06
5.7439e-07
-1.67102e-06
5.15139e-07
-1.73966e-06
4.4914e-07
-1.79732e-06
3.7731e-07
-1.84332e-06
3.0059e-07
-1.87711e-06
2.19938e-07
-1.89827e-06
1.36335e-07
-1.90651e-06
5.07808e-08
-1.9017e-06
-3.57008e-08
-1.88384e-06
-1.22065e-07
-1.85306e-06
-2.07243e-07
-1.80966e-06
-2.90145e-07
-1.75409e-06
-3.69663e-07
-1.68694e-06
-4.44675e-07
-1.60898e-06
-5.14057e-07
-1.52113e-06
-5.76689e-07
-1.42446e-06
-6.31476e-07
-1.3202e-06
-6.7736e-07
-1.20974e-06
-7.13346e-07
-1.0946e-06
-7.38529e-07
-9.76422e-07
-7.52119e-07
-8.56975e-07
-7.53475e-07
-7.38104e-07
-7.42142e-07
-6.21725e-07
-7.1789e-07
-5.09792e-07
-6.8075e-07
-4.04265e-07
-6.31063e-07
-3.07087e-07
-5.69514e-07
-2.20153e-07
-4.97184e-07
-1.45286e-07
-4.15584e-07
-8.42242e-08
-3.26699e-07
-3.86164e-08
-2.33e-07
-1.00341e-08
-1.37456e-07
-4.37239e-08
-1.15201e-08
5.78085e-08
-4.39128e-08
1.755e-07
-9.50496e-08
2.91016e-07
-1.62822e-07
4.00993e-07
-2.45128e-07
5.02805e-07
-3.39865e-07
5.94347e-07
-4.44938e-07
6.74013e-07
-5.58262e-07
7.40659e-07
-6.7778e-07
7.93552e-07
-8.01475e-07
8.32317e-07
-9.27389e-07
8.56882e-07
-1.05364e-06
8.67433e-07
-1.17842e-06
8.64365e-07
-1.30003e-06
8.48242e-07
-1.41688e-06
8.19764e-07
-1.5275e-06
7.79734e-07
-1.63054e-06
7.29034e-07
-1.72475e-06
6.68607e-07
-1.80906e-06
5.99442e-07
-1.88248e-06
5.22561e-07
-1.94418e-06
4.39012e-07
-1.99346e-06
3.49867e-07
-2.02974e-06
2.5622e-07
-2.05259e-06
1.59187e-07
-2.06172e-06
5.99057e-08
-2.05696e-06
-4.0461e-08
-2.0383e-06
-1.40724e-07
-2.00587e-06
-2.39666e-07
-1.95997e-06
-3.36046e-07
-1.90104e-06
-4.28597e-07
-1.82968e-06
-5.16039e-07
-1.74665e-06
-5.97079e-07
-1.65291e-06
-6.70432e-07
-1.54956e-06
-7.34831e-07
-1.43786e-06
-7.89053e-07
-1.31927e-06
-8.31938e-07
-1.19537e-06
-8.62425e-07
-1.06791e-06
-8.79579e-07
-9.3876e-07
-8.82629e-07
-8.09892e-07
-8.7101e-07
-6.83378e-07
-8.44404e-07
-5.61346e-07
-8.02782e-07
-4.45957e-07
-7.46451e-07
-3.39374e-07
-6.76097e-07
-2.43733e-07
-5.92825e-07
-1.61118e-07
-4.98199e-07
-9.35439e-08
-3.94273e-07
-4.29432e-08
-2.83601e-07
-1.1168e-08
-1.69231e-07
-5.48919e-08
-1.26434e-08
7.04519e-08
-4.81633e-08
2.1102e-07
-1.04154e-07
3.47007e-07
-1.78218e-07
4.75058e-07
-2.6797e-07
5.92556e-07
-3.71038e-07
6.97415e-07
-4.85076e-07
7.88051e-07
-6.07776e-07
8.63358e-07
-7.3688e-07
9.22656e-07
-8.70197e-07
9.65634e-07
-1.00562e-06
9.92305e-07
-1.14113e-06
1.00295e-06
-1.27483e-06
9.98066e-07
-1.40493e-06
9.78341e-07
-1.52977e-06
9.44597e-07
-1.6478e-06
8.97767e-07
-1.75763e-06
8.38867e-07
-1.858e-06
7.68975e-07
-1.94777e-06
6.89216e-07
-2.02596e-06
6.00747e-07
-2.0917e-06
5.04753e-07
-2.14427e-06
4.0244e-07
-2.18309e-06
2.95039e-07
-2.20771e-06
1.83799e-07
-2.2178e-06
6.99986e-08
-2.2132e-06
-4.50602e-08
-2.19388e-06
-1.60044e-07
-2.15996e-06
-2.73586e-07
-2.11171e-06
-3.84292e-07
-2.04958e-06
-4.90734e-07
-1.97415e-06
-5.91466e-07
-1.8862e-06
-6.85024e-07
-1.78669e-06
-7.69944e-07
-1.67674e-06
-8.44783e-07
-1.55766e-06
-9.08133e-07
-1.43094e-06
-9.58657e-07
-1.29825e-06
-9.95119e-07
-1.16141e-06
-1.01642e-06
-1.02241e-06
-1.02163e-06
-8.83362e-07
-1.01006e-06
-7.46497e-07
-9.81269e-07
-6.14129e-07
-9.3515e-07
-4.8863e-07
-8.71951e-07
-3.72398e-07
-7.9233e-07
-2.67825e-07
-6.97398e-07
-1.77272e-07
-5.88753e-07
-1.03037e-07
-4.68508e-07
-4.73417e-08
-3.39296e-07
-1.23178e-08
-2.04255e-07
-6.72098e-08
-1.37791e-08
8.4231e-08
-5.24623e-08
2.49703e-07
-1.13368e-07
4.07912e-07
-1.93809e-07
5.55499e-07
-2.91112e-07
6.8986e-07
-4.02632e-07
8.08934e-07
-5.25764e-07
9.11184e-07
-6.57969e-07
9.95563e-07
-7.9678e-07
1.06147e-06
-9.39826e-07
1.10868e-06
-1.08484e-06
1.13732e-06
-1.22969e-06
1.14779e-06
-1.37235e-06
1.14073e-06
-1.51096e-06
1.11694e-06
-1.64377e-06
1.07741e-06
-1.7692e-06
1.0232e-06
-1.88581e-06
9.55476e-07
-1.9923e-06
8.75467e-07
-2.08752e-06
7.84437e-07
-2.17046e-06
6.83686e-07
-2.24024e-06
5.74536e-07
-2.29614e-06
4.58332e-07
-2.33754e-06
3.36439e-07
-2.36398e-06
2.10243e-07
-2.37514e-06
8.11571e-08
-2.37082e-06
-4.93762e-08
-2.35099e-06
-1.79881e-07
-2.31573e-06
-3.08843e-07
-2.26531e-06
-4.34711e-07
-2.20014e-06
-5.55899e-07
-2.12082e-06
-6.70788e-07
-2.02811e-06
-7.77737e-07
-1.92296e-06
-8.75098e-07
-1.8065e-06
-9.61235e-07
-1.68009e-06
-1.03455e-06
-1.54525e-06
-1.0935e-06
-1.40371e-06
-1.13666e-06
-1.2574e-06
-1.16273e-06
-1.1084e-06
-1.17063e-06
-9.58967e-07
-1.15949e-06
-8.11507e-07
-1.12873e-06
-6.68527e-07
-1.07813e-06
-5.32625e-07
-1.00785e-06
-4.06449e-07
-9.18506e-07
-2.92665e-07
-8.11181e-07
-1.93922e-07
-6.87496e-07
-1.12817e-07
-5.49613e-07
-5.18709e-08
-4.00242e-07
-1.35014e-08
-2.42624e-07
-8.07112e-08
-1.49393e-08
9.91703e-08
-5.68502e-08
2.91614e-07
-1.22768e-07
4.7383e-07
-2.0971e-07
6.42441e-07
-3.14709e-07
7.94858e-07
-4.34834e-07
9.29059e-07
-5.67218e-07
1.04357e-06
-7.09076e-07
1.13742e-06
-8.57728e-07
1.21012e-06
-1.01062e-06
1.26157e-06
-1.16532e-06
1.29202e-06
-1.31956e-06
1.30203e-06
-1.47121e-06
1.29239e-06
-1.61833e-06
1.26406e-06
-1.7591e-06
1.21818e-06
-1.8919e-06
1.15599e-06
-2.01524e-06
1.07882e-06
-2.12781e-06
9.88039e-07
-2.22844e-06
8.85066e-07
-2.31611e-06
7.71349e-07
-2.38992e-06
6.48352e-07
-2.44915e-06
5.17557e-07
-2.49317e-06
3.80463e-07
-2.52152e-06
2.3859e-07
-2.53384e-06
9.34838e-08
-2.52994e-06
-5.32768e-08
-2.50975e-06
-2.00076e-07
-2.47334e-06
-3.45255e-07
-2.42094e-06
-4.8711e-07
-2.35295e-06
-6.2389e-07
-2.26993e-06
-7.53806e-07
-2.17263e-06
-8.75033e-07
-2.062e-06
-9.85731e-07
-1.93917e-06
-1.08406e-06
-1.80551e-06
-1.16821e-06
-1.66258e-06
-1.23642e-06
-1.51218e-06
-1.28706e-06
-1.35629e-06
-1.31862e-06
-1.19714e-06
-1.32978e-06
-1.03712e-06
-1.31951e-06
-8.788e-07
-1.28705e-06
-7.24906e-07
-1.23202e-06
-5.78271e-07
-1.15449e-06
-4.4181e-07
-1.05497e-06
-3.1848e-07
-9.34511e-07
-2.11236e-07
-7.94739e-07
-1.22994e-07
-6.37855e-07
-5.65875e-08
-4.66649e-07
-1.47355e-08
-2.84477e-07
-9.54466e-08
-1.61348e-08
1.15305e-07
-6.13636e-08
3.36843e-07
-1.32425e-07
5.44892e-07
-2.26029e-07
7.36045e-07
-3.38901e-07
9.0773e-07
-4.67815e-07
1.05797e-06
-6.09626e-07
1.18538e-06
-7.61299e-07
1.28909e-06
-9.19931e-07
1.36875e-06
-1.08277e-06
1.42441e-06
-1.24723e-06
1.45648e-06
-1.41089e-06
1.4657e-06
-1.57155e-06
1.45304e-06
-1.72715e-06
1.41966e-06
-1.87583e-06
1.36687e-06
-2.01592e-06
1.29609e-06
-2.14592e-06
1.20882e-06
-2.26449e-06
1.10661e-06
-2.37045e-06
9.91028e-07
-2.46278e-06
8.63678e-07
-2.54059e-06
7.26165e-07
-2.60315e-06
5.80108e-07
-2.64982e-06
4.27138e-07
-2.68014e-06
2.68905e-07
-2.69373e-06
1.07083e-07
-2.69039e-06
-5.66204e-08
-2.67001e-06
-2.20454e-07
-2.63265e-06
-3.82618e-07
-2.5785e-06
-5.41259e-07
-2.50793e-06
-6.94466e-07
-2.42146e-06
-8.40275e-07
-2.31981e-06
-9.76677e-07
-2.20392e-06
-1.10163e-06
-2.0749e-06
-1.21308e-06
-1.93412e-06
-1.30898e-06
-1.78318e-06
-1.38736e-06
-1.62392e-06
-1.44633e-06
-1.45841e-06
-1.48412e-06
-1.28898e-06
-1.49922e-06
-1.11817e-06
-1.49032e-06
-9.48729e-07
-1.45649e-06
-7.83603e-07
-1.39715e-06
-6.25876e-07
-1.31221e-06
-4.78748e-07
-1.20209e-06
-3.45487e-07
-1.06777e-06
-2.29378e-07
-9.10849e-07
-1.33673e-07
-7.3356e-07
-6.15449e-08
-5.38777e-07
-1.60357e-08
-3.29986e-07
-1.11482e-07
-1.73752e-08
1.3268e-07
-6.60353e-08
3.85503e-07
-1.42403e-07
6.21259e-07
-2.42862e-07
8.36505e-07
-3.63814e-07
1.02868e-06
-5.01723e-07
1.19588e-06
-6.53153e-07
1.33681e-06
-8.14806e-07
1.45075e-06
-9.83545e-07
1.53749e-06
-1.15642e-06
1.59728e-06
-1.33068e-06
1.63074e-06
-1.50377e-06
1.6388e-06
-1.67338e-06
1.62265e-06
-1.83738e-06
1.58366e-06
-1.99387e-06
1.52335e-06
-2.14113e-06
1.44335e-06
-2.27764e-06
1.34533e-06
-2.40207e-06
1.23103e-06
-2.51323e-06
1.10219e-06
-2.61012e-06
9.60564e-07
-2.69185e-06
8.07896e-07
-2.75769e-06
6.45944e-07
-2.80702e-06
4.76468e-07
-2.83935e-06
3.01239e-07
-2.85432e-06
1.22054e-07
-2.85169e-06
-5.92568e-08
-2.83132e-06
-2.40817e-07
-2.79325e-06
-4.20693e-07
-2.73762e-06
-5.96888e-07
-2.66475e-06
-7.67332e-07
-2.57514e-06
-9.29891e-07
-2.46945e-06
-1.08237e-06
-2.34857e-06
-1.22251e-06
-2.21362e-06
-1.34803e-06
-2.06594e-06
-1.45666e-06
-1.90714e-06
-1.54616e-06
-1.7391e-06
-1.61436e-06
-1.56397e-06
-1.65925e-06
-1.38417e-06
-1.67901e-06
-1.2024e-06
-1.67209e-06
-1.02159e-06
-1.63729e-06
-8.44914e-07
-1.57383e-06
-6.75719e-07
-1.48141e-06
-5.17511e-07
-1.3603e-06
-3.7389e-07
-1.21139e-06
-2.48497e-07
-1.03624e-06
-1.44952e-07
-8.37105e-07
-6.67935e-08
-6.16935e-07
-1.74168e-08
-3.79362e-07
-1.28899e-07
-1.86694e-08
1.5135e-07
-7.08948e-08
4.37728e-07
-1.52758e-07
7.03123e-07
-2.60294e-07
9.4404e-07
-3.89558e-07
1.15795e-06
-5.36684e-07
1.34301e-06
-6.97931e-07
1.49806e-06
-8.69721e-07
1.62254e-06
-1.04868e-06
1.71644e-06
-1.23164e-06
1.78024e-06
-1.41569e-06
1.81479e-06
-1.59816e-06
1.82127e-06
-1.77661e-06
1.8011e-06
-1.94886e-06
1.75591e-06
-2.11295e-06
1.68745e-06
-2.26717e-06
1.59756e-06
-2.40997e-06
1.48814e-06
-2.54004e-06
1.3611e-06
-2.65621e-06
1.21836e-06
-2.75747e-06
1.06183e-06
-2.84299e-06
8.93409e-07
-2.91202e-06
7.14978e-07
-2.96397e-06
5.2842e-07
-2.99836e-06
3.35622e-07
-3.01479e-06
1.38491e-07
-3.01302e-06
-6.103e-08
-2.99289e-06
-2.60949e-07
-2.95437e-06
-4.59208e-07
-2.89759e-06
-6.53675e-07
-2.82279e-06
-8.42132e-07
-2.7304e-06
-1.02227e-06
-2.62106e-06
-1.19171e-06
-2.49558e-06
-1.34798e-06
-2.35504e-06
-1.48857e-06
-2.20077e-06
-1.61094e-06
-2.03435e-06
-1.71257e-06
-1.85771e-06
-1.79101e-06
-1.67304e-06
-1.84393e-06
-1.48286e-06
-1.86919e-06
-1.29001e-06
-1.86494e-06
-1.09762e-06
-1.82968e-06
-9.09089e-07
-1.76236e-06
-7.28046e-07
-1.66245e-06
-5.58322e-07
-1.53002e-06
-4.03877e-07
-1.36584e-06
-2.68738e-07
-1.17138e-06
-1.56925e-07
-9.48918e-07
-7.23811e-08
-7.01479e-07
-1.88926e-08
-4.32851e-07
-1.47792e-07
-2.00251e-08
1.71375e-07
-7.59691e-08
4.93672e-07
-1.63543e-07
7.90696e-07
-2.78401e-07
1.0589e-06
-4.16229e-07
1.29577e-06
-5.72804e-07
1.49958e-06
-7.4406e-07
1.66931e-06
-9.26126e-07
1.8046e-06
-1.11537e-06
1.90569e-06
-1.30843e-06
1.9733e-06
-1.5022e-06
2.00857e-06
-1.6939e-06
2.01296e-06
-1.88099e-06
1.98819e-06
-2.06123e-06
1.93615e-06
-2.23265e-06
1.85886e-06
-2.3935e-06
1.75841e-06
-2.54227e-06
1.63691e-06
-2.67765e-06
1.49649e-06
-2.79852e-06
1.33923e-06
-2.90391e-06
1.16722e-06
-2.993e-06
9.82492e-07
-3.06508e-06
7.87058e-07
-3.11957e-06
5.82913e-07
-3.156e-06
3.72049e-07
-3.17398e-06
1.56471e-07
-3.17322e-06
-6.17801e-08
-3.15356e-06
-2.80609e-07
-3.11492e-06
-4.97849e-07
-3.05736e-06
-7.11243e-07
-2.98105e-06
-9.18433e-07
-2.88638e-06
-1.11695e-06
-2.77387e-06
-1.30422e-06
-2.64429e-06
-1.47756e-06
-2.49864e-06
-1.63422e-06
-2.3382e-06
-1.77138e-06
-2.16454e-06
-1.88623e-06
-1.97958e-06
-1.97598e-06
-1.78555e-06
-2.03795e-06
-1.58508e-06
-2.06966e-06
-1.38112e-06
-2.0689e-06
-1.17698e-06
-2.03382e-06
-9.76321e-07
-1.96303e-06
-7.83062e-07
-1.85571e-06
-6.01379e-07
-1.71171e-06
-4.35619e-07
-1.5316e-06
-2.90232e-07
-1.31677e-06
-1.6968e-07
-1.06947e-06
-7.83536e-08
-7.92806e-07
-2.04767e-08
-4.90728e-07
-1.68268e-07
-2.14501e-08
1.92825e-07
-8.12839e-08
5.53506e-07
-1.74804e-07
8.84216e-07
-2.97252e-07
1.18135e-06
-4.43908e-07
1.44243e-06
-6.10168e-07
1.66584e-06
-7.91612e-07
1.85075e-06
-9.84062e-07
1.99705e-06
-1.18362e-06
2.10525e-06
-1.3867e-06
2.17638e-06
-1.59004e-06
2.21191e-06
-1.79072e-06
2.21364e-06
-1.98614e-06
2.1836e-06
-2.174e-06
2.12401e-06
-2.35231e-06
2.03717e-06
-2.51935e-06
1.92545e-06
-2.67363e-06
1.79119e-06
-2.81389e-06
1.63674e-06
-2.93904e-06
1.46439e-06
-3.04818e-06
1.27636e-06
-3.14053e-06
1.07484e-06
-3.21542e-06
8.61955e-07
-3.27232e-06
6.39806e-07
-3.31074e-06
4.10474e-07
-3.33032e-06
1.76049e-07
-3.33075e-06
-6.13484e-08
-3.31182e-06
-2.99538e-07
-3.27341e-06
-5.36259e-07
-3.21551e-06
-7.69147e-07
-3.13822e-06
-9.95716e-07
-3.04183e-06
-1.21335e-06
-2.92677e-06
-1.41928e-06
-2.79371e-06
-1.61062e-06
-2.64357e-06
-1.78436e-06
-2.47755e-06
-1.93741e-06
-2.29718e-06
-2.0666e-06
-2.10433e-06
-2.16882e-06
-1.90129e-06
-2.241e-06
-1.69071e-06
-2.28024e-06
-1.4757e-06
-2.28391e-06
-1.25975e-06
-2.24977e-06
-1.04675e-06
-2.17603e-06
-8.40933e-07
-2.06152e-06
-6.46852e-07
-1.90579e-06
-4.69272e-07
-1.70918e-06
-3.13104e-07
-1.47294e-06
-1.83302e-07
-1.19927e-06
-8.47554e-08
-8.91352e-07
-2.21822e-08
-5.53301e-07
-1.90451e-07
-2.29518e-08
2.15777e-07
-8.68645e-08
6.17419e-07
-1.8659e-07
9.83942e-07
-3.16914e-07
1.31167e-06
-4.72673e-07
1.59819e-06
-6.48845e-07
1.84202e-06
-8.40632e-07
2.04254e-06
-1.04353e-06
2.19995e-06
-1.25335e-06
2.31507e-06
-1.4663e-06
2.38933e-06
-1.67894e-06
2.42456e-06
-1.88824e-06
2.42294e-06
-2.09152e-06
2.38688e-06
-2.28647e-06
2.31896e-06
-2.4711e-06
2.2218e-06
-2.64371e-06
2.09806e-06
-2.80288e-06
1.95037e-06
-2.94741e-06
1.78127e-06
-3.0763e-06
1.59327e-06
-3.18869e-06
1.38875e-06
-3.28387e-06
1.17003e-06
-3.36126e-06
9.39342e-07
-3.42034e-06
6.9888e-07
-3.46066e-06
4.50799e-07
-3.48186e-06
1.9725e-07
-3.48363e-06
-5.95817e-08
-3.46571e-06
-3.17455e-07
-3.42793e-06
-5.74036e-07
-3.37021e-06
-8.26873e-07
-3.29256e-06
-1.07337e-06
-3.19514e-06
-1.31076e-06
-3.07829e-06
-1.53613e-06
-2.94254e-06
-1.74636e-06
-2.7887e-06
-1.9382e-06
-2.61787e-06
-2.10824e-06
-2.43148e-06
-2.25299e-06
-2.23138e-06
-2.36893e-06
-2.01981e-06
-2.45256e-06
-1.7995e-06
-2.50055e-06
-1.57364e-06
-2.50977e-06
-1.34591e-06
-2.4775e-06
-1.12043e-06
-2.40151e-06
-9.01778e-07
-2.28018e-06
-6.94884e-07
-2.11268e-06
-5.04975e-07
-1.89909e-06
-3.37471e-07
-1.64044e-06
-1.97872e-07
-1.33887e-06
-9.16304e-08
-9.97594e-07
-2.40223e-08
-6.20909e-07
-2.14473e-07
-2.45384e-08
2.40315e-07
-9.27376e-08
6.85618e-07
-1.98949e-07
1.09015e-06
-3.37452e-07
1.45017e-06
-5.02592e-07
1.76333e-06
-6.88891e-07
2.02831e-06
-8.91141e-07
2.24479e-06
-1.10448e-06
2.41328e-06
-1.32444e-06
2.53503e-06
-1.54698e-06
2.61187e-06
-1.76852e-06
2.64609e-06
-1.9859e-06
2.64032e-06
-2.19642e-06
2.5974e-06
-2.39774e-06
2.52028e-06
-2.58792e-06
2.41197e-06
-2.76531e-06
2.27546e-06
-2.92857e-06
2.11363e-06
-3.0766e-06
1.9293e-06
-3.20848e-06
1.72515e-06
-3.32347e-06
1.50374e-06
-3.42095e-06
1.2675e-06
-3.50039e-06
1.01878e-06
-3.56133e-06
7.59827e-07
-3.60339e-06
4.92855e-07
-3.6262e-06
2.2006e-07
-3.62944e-06
-5.63391e-08
-3.61283e-06
-3.34063e-07
-3.57614e-06
-6.10731e-07
-3.51918e-06
-8.83828e-07
-3.44188e-06
-1.15067e-06
-3.34427e-06
-1.40838e-06
-3.22653e-06
-1.65387e-06
-3.08907e-06
-1.88383e-06
-2.93252e-06
-2.09474e-06
-2.75786e-06
-2.28291e-06
-2.56639e-06
-2.44446e-06
-2.35986e-06
-2.57545e-06
-2.14049e-06
-2.67193e-06
-1.911e-06
-2.73003e-06
-1.67467e-06
-2.7461e-06
-1.43534e-06
-2.71684e-06
-1.19737e-06
-2.63947e-06
-9.65668e-07
-2.51188e-06
-7.45588e-07
-2.33276e-06
-5.42853e-07
-2.10182e-06
-3.63445e-07
-1.81985e-06
-2.13473e-07
-1.48884e-06
-9.90231e-08
-1.11204e-06
-2.60109e-08
-6.93921e-07
-2.40484e-07
-2.6219e-08
2.66534e-07
-9.89331e-08
7.58332e-07
-2.11934e-07
1.20315e-06
-3.58935e-07
1.59718e-06
-5.33738e-07
1.93813e-06
-7.30358e-07
2.22493e-06
-9.4314e-07
2.45757e-06
-1.16684e-06
2.63698e-06
-1.39668e-06
2.76487e-06
-1.62841e-06
2.8436e-06
-1.85827e-06
2.87596e-06
-2.08303e-06
2.86508e-06
-2.29994e-06
2.81431e-06
-2.50671e-06
2.72705e-06
-2.70144e-06
2.6067e-06
-2.88259e-06
2.4566e-06
-3.04892e-06
2.27997e-06
-3.19946e-06
2.07984e-06
-3.33343e-06
1.85911e-06
-3.45019e-06
1.6205e-06
-3.54924e-06
1.36655e-06
-3.63015e-06
1.09969e-06
-3.69255e-06
8.22228e-07
-3.7361e-06
5.36398e-07
-3.76045e-06
2.44414e-07
-3.76529e-06
-5.14994e-08
-3.7503e-06
-3.49053e-07
-3.71518e-06
-6.4585e-07
-3.65967e-06
-9.39343e-07
-3.58355e-06
-1.22679e-06
-3.48671e-06
-1.50521e-06
-3.36918e-06
-1.7714e-06
-3.23117e-06
-2.02184e-06
-3.07314e-06
-2.25277e-06
-2.89586e-06
-2.46018e-06
-2.7005e-06
-2.63983e-06
-2.48865e-06
-2.7873e-06
-2.26244e-06
-2.89814e-06
-2.02457e-06
-2.9679e-06
-1.77837e-06
-2.9923e-06
-1.5278e-06
-2.96742e-06
-1.27747e-06
-2.8898e-06
-1.03262e-06
-2.75672e-06
-7.99051e-07
-2.56633e-06
-5.8302e-07
-2.31785e-06
-3.91134e-07
-2.01173e-06
-2.30184e-07
-1.64979e-06
-1.0698e-07
-1.23525e-06
-2.81623e-08
-7.72738e-07
-2.68646e-07
-2.80046e-08
2.94539e-07
-1.05486e-07
8.35814e-07
-2.25607e-07
1.32327e-06
-3.81445e-07
1.75301e-06
-5.66189e-07
2.12287e-06
-7.73295e-07
2.43204e-06
-9.96614e-07
2.68089e-06
-1.23049e-06
2.87086e-06
-1.46984e-06
3.00422e-06
-1.71016e-06
3.08392e-06
-1.94757e-06
3.11336e-06
-2.17877e-06
3.09628e-06
-2.401e-06
3.03654e-06
-2.61202e-06
2.93808e-06
-2.81005e-06
2.80473e-06
-2.99368e-06
2.64023e-06
-3.16182e-06
2.4481e-06
-3.31365e-06
2.23167e-06
-3.44855e-06
1.99402e-06
-3.56606e-06
1.738e-06
-3.66579e-06
1.46629e-06
-3.74746e-06
1.18136e-06
-3.81077e-06
8.85544e-07
-3.85546e-06
5.81086e-07
-3.88123e-06
2.70182e-07
-3.88776e-06
-4.49704e-08
-3.8747e-06
-3.62109e-07
-3.8417e-06
-6.78857e-07
-3.78837e-06
-9.92668e-07
-3.71439e-06
-1.30077e-06
-3.61946e-06
-1.60014e-06
-3.50341e-06
-1.88744e-06
-3.36625e-06
-2.159e-06
-3.20821e-06
-2.41082e-06
-3.02983e-06
-2.63857e-06
-2.83204e-06
-2.83761e-06
-2.61628e-06
-3.00307e-06
-2.38451e-06
-3.12991e-06
-2.13935e-06
-3.21305e-06
-1.88413e-06
-3.24752e-06
-1.62292e-06
-3.22862e-06
-1.36055e-06
-3.15217e-06
-1.1026e-06
-3.01468e-06
-8.55325e-07
-2.81361e-06
-6.25575e-07
-2.5476e-06
-4.20644e-07
-2.21667e-06
-2.48093e-07
-1.82234e-06
-1.1555e-07
-1.36779e-06
-3.04925e-08
-8.57796e-07
-2.99139e-07
-2.99088e-08
3.24447e-07
-1.12442e-07
9.18347e-07
-2.40047e-07
1.45088e-06
-4.05081e-07
1.91805e-06
-6.00042e-07
2.31784e-06
-8.17759e-07
2.64976e-06
-1.05154e-06
2.91468e-06
-1.2953e-06
3.11461e-06
-1.5436e-06
3.25252e-06
-1.79172e-06
3.33205e-06
-2.03567e-06
3.3573e-06
-2.27208e-06
3.33269e-06
-2.49826e-06
3.26272e-06
-2.71207e-06
3.15188e-06
-2.91185e-06
3.00452e-06
-3.09638e-06
2.82476e-06
-3.26477e-06
2.6165e-06
-3.4164e-06
2.3833e-06
-3.55086e-06
2.12847e-06
-3.66785e-06
1.855e-06
-3.76718e-06
1.56563e-06
-3.84871e-06
1.26288e-06
-3.91225e-06
9.49091e-07
-3.95764e-06
6.26471e-07
-3.98462e-06
2.97162e-07
-3.99289e-06
-3.66984e-08
-3.98208e-06
-3.72916e-07
-3.95176e-06
-7.09176e-07
-3.90146e-06
-1.04297e-06
-3.83067e-06
-1.37156e-06
-3.73894e-06
-1.69187e-06
-3.62587e-06
-2.00051e-06
-3.49121e-06
-2.29366e-06
-3.33491e-06
-2.56712e-06
-3.15723e-06
-2.81624e-06
-2.95885e-06
-3.03599e-06
-2.74092e-06
-3.221e-06
-2.50521e-06
-3.36562e-06
-2.2542e-06
-3.46407e-06
-1.99115e-06
-3.51057e-06
-1.72019e-06
-3.49959e-06
-1.44634e-06
-3.42602e-06
-1.1755e-06
-3.28551e-06
-9.14433e-07
-3.07468e-06
-6.70609e-07
-2.79143e-06
-4.52085e-07
-2.43519e-06
-2.67291e-07
-2.00714e-06
-1.2479e-07
-1.51029e-06
-3.30197e-08
-9.49566e-07
-3.32159e-07
-3.19491e-08
3.56397e-07
-1.19855e-07
1.00625e-06
-2.55351e-07
1.58638e-06
-4.29967e-07
2.09266e-06
-6.35416e-07
2.52329e-06
-8.63822e-07
2.87816e-06
-1.10789e-06
3.15875e-06
-1.36106e-06
3.36778e-06
-1.61756e-06
3.50902e-06
-1.87245e-06
3.58694e-06
-2.12162e-06
3.60647e-06
-2.36173e-06
3.5728e-06
-2.59017e-06
3.49116e-06
-2.80493e-06
3.36665e-06
-3.00458e-06
3.20416e-06
-3.18811e-06
3.00829e-06
-3.35488e-06
2.78327e-06
-3.50453e-06
2.53295e-06
-3.63687e-06
2.26081e-06
-3.75185e-06
1.96998e-06
-3.84948e-06
1.66326e-06
-3.92977e-06
1.34318e-06
-3.99271e-06
1.01203e-06
-4.03822e-06
6.71981e-07
-4.06613e-06
3.25066e-07
-4.07615e-06
-2.66794e-08
-4.06789e-06
-3.81172e-07
-4.04087e-06
-7.36202e-07
-3.99448e-06
-1.08936e-06
-3.92809e-06
-1.43795e-06
-3.84101e-06
-1.77895e-06
-3.73261e-06
-2.10891e-06
-3.60235e-06
-2.42393e-06
-3.44985e-06
-2.71961e-06
-3.27505e-06
-2.99104e-06
-3.07826e-06
-3.23278e-06
-2.86032e-06
-3.43894e-06
-2.62271e-06
-3.60323e-06
-2.36768e-06
-3.7191e-06
-2.09837e-06
-3.77989e-06
-1.81889e-06
-3.77906e-06
-1.53441e-06
-3.7105e-06
-1.25115e-06
-3.56877e-06
-9.76366e-07
-3.34947e-06
-7.18207e-07
-3.04959e-06
-4.85576e-07
-2.66782e-06
-2.87883e-07
-2.20483e-06
-1.34762e-07
-1.66341e-06
-3.5765e-08
-1.04856e-06
-3.67924e-07
-3.41486e-08
3.90545e-07
-1.278e-07
1.0999e-06
-2.71646e-07
1.73022e-06
-4.56265e-07
2.27728e-06
-6.72469e-07
2.73949e-06
-9.11579e-07
3.11727e-06
-1.16564e-06
3.41281e-06
-1.42758e-06
3.62972e-06
-1.69127e-06
3.77272e-06
-1.95159e-06
3.84725e-06
-2.20434e-06
3.85923e-06
-2.44625e-06
3.81472e-06
-2.67485e-06
3.71976e-06
-2.88837e-06
3.58016e-06
-3.0856e-06
3.4014e-06
-3.26586e-06
3.18855e-06
-3.4288e-06
2.94621e-06
-3.57435e-06
2.67849e-06
-3.70262e-06
2.38908e-06
-3.81382e-06
2.08118e-06
-3.9082e-06
1.75764e-06
-3.98598e-06
1.42096e-06
-4.04731e-06
1.07337e-06
-4.09225e-06
7.16911e-07
-4.12068e-06
3.53506e-07
-4.13239e-06
-1.49705e-08
-4.12697e-06
-3.86593e-07
-4.10387e-06
-7.5931e-07
-4.06237e-06
-1.13085e-06
-4.00167e-06
-1.49865e-06
-3.92088e-06
-1.85974e-06
-3.81907e-06
-2.21072e-06
-3.69537e-06
-2.54763e-06
-3.54907e-06
-2.86592e-06
-3.37967e-06
-3.16043e-06
-3.1871e-06
-3.42536e-06
-2.97176e-06
-3.65428e-06
-2.73475e-06
-3.84024e-06
-2.47801e-06
-3.97584e-06
-2.20445e-06
-4.05344e-06
-1.91811e-06
-4.06541e-06
-1.62422e-06
-4.00439e-06
-1.3293e-06
-3.86369e-06
-1.04108e-06
-3.63768e-06
-7.68448e-07
-3.32222e-06
-5.21245e-07
-2.91502e-06
-3.09987e-07
-2.41609e-06
-1.45543e-07
-1.82786e-06
-3.87535e-08
-1.15535e-06
-4.06677e-07
-3.65376e-08
4.27083e-07
-1.36372e-07
1.19974e-06
-2.89101e-07
1.88295e-06
-4.84187e-07
2.47237e-06
-7.11403e-07
2.96671e-06
-9.61158e-07
3.36703e-06
-1.22476e-06
3.67641e-06
-1.49459e-06
3.89955e-06
-1.76417e-06
4.0423e-06
-2.0282e-06
4.11128e-06
-2.28249e-06
4.11352e-06
-2.52388e-06
4.05611e-06
-2.75013e-06
3.946e-06
-2.95973e-06
3.78977e-06
-3.15186e-06
3.59353e-06
-3.32617e-06
3.36285e-06
-3.48267e-06
3.10271e-06
-3.62166e-06
2.81749e-06
-3.74359e-06
2.511e-06
-3.84896e-06
2.18656e-06
-3.93831e-06
1.84699e-06
-4.01208e-06
1.49473e-06
-4.07062e-06
1.13191e-06
-4.11413e-06
7.60415e-07
-4.14261e-06
3.81985e-07
-4.15588e-06
-1.70112e-09
-4.15354e-06
-3.88932e-07
-4.13498e-06
-7.77865e-07
-4.0994e-06
-1.16643e-06
-4.0458e-06
-1.55224e-06
-3.97307e-06
-1.93248e-06
-3.87997e-06
-2.30381e-06
-3.7653e-06
-2.6623e-06
-3.62791e-06
-3.00331e-06
-3.46686e-06
-3.32148e-06
-3.28156e-06
-3.61066e-06
-3.07193e-06
-3.86391e-06
-2.83857e-06
-4.0736e-06
-2.58298e-06
-4.23142e-06
-2.30775e-06
-4.32868e-06
-2.01669e-06
-4.35647e-06
-1.71506e-06
-4.30602e-06
-1.40957e-06
-4.16917e-06
-1.10848e-06
-3.93878e-06
-8.21411e-07
-3.60928e-06
-5.59242e-07
-3.17719e-06
-3.33748e-07
-2.64158e-06
-1.57223e-07
-2.00438e-06
-4.20167e-08
-1.27056e-06
-4.48694e-07
-3.91565e-08
4.66239e-07
-1.457e-07
1.30628e-06
-3.07933e-07
2.04518e-06
-5.14009e-07
2.67844e-06
-7.52483e-07
3.20518e-06
-1.01272e-06
3.62727e-06
-1.28522e-06
3.94891e-06
-1.56177e-06
4.1761e-06
-1.83556e-06
4.31609e-06
-2.10117e-06
4.37689e-06
-2.35447e-06
4.36682e-06
-2.59252e-06
4.29416e-06
-2.81337e-06
4.16685e-06
-3.01593e-06
3.99233e-06
-3.19978e-06
3.77738e-06
-3.36501e-06
3.52808e-06
-3.51208e-06
3.24978e-06
-3.64169e-06
2.9471e-06
-3.75467e-06
2.62399e-06
-3.85189e-06
2.28378e-06
-3.93417e-06
1.92926e-06
-4.00222e-06
1.56278e-06
-4.05661e-06
1.1863e-06
-4.09769e-06
8.01497e-07
-4.1256e-06
4.09894e-07
-4.14022e-06
1.29164e-08
-4.14116e-06
-3.87988e-07
-4.12778e-06
-7.91245e-07
-4.09917e-06
-1.19505e-06
-4.05416e-06
-1.59725e-06
-3.9914e-06
-1.99525e-06
-3.90935e-06
-2.38586e-06
-3.80643e-06
-2.76523e-06
-3.68101e-06
-3.12872e-06
-3.53165e-06
-3.47084e-06
-3.35719e-06
-3.78513e-06
-3.15691e-06
-4.06419e-06
-2.93084e-06
-4.29967e-06
-2.67989e-06
-4.48237e-06
-2.40616e-06
-4.60241e-06
-2.11316e-06
-4.64947e-06
-1.80598e-06
-4.6132e-06
-1.49151e-06
-4.48364e-06
-1.17843e-06
-4.25186e-06
-8.77174e-07
-3.91054e-06
-5.99742e-07
-3.45462e-06
-3.59341e-07
-2.88198e-06
-1.69918e-07
-2.19381e-06
-4.55937e-08
-1.39488e-06
-4.94287e-07
-4.20587e-08
5.08298e-07
-1.55951e-07
1.42017e-06
-3.28431e-07
2.21766e-06
-5.46089e-07
2.8961e-06
-7.96049e-07
3.45514e-06
-1.06648e-06
3.8977e-06
-1.34697e-06
4.2294e-06
-1.62871e-06
4.45783e-06
-1.90458e-06
4.59196e-06
-2.16911e-06
4.64142e-06
-2.41834e-06
4.61605e-06
-2.64964e-06
4.52546e-06
-2.86149e-06
4.3787e-06
-3.05331e-06
4.18414e-06
-3.22519e-06
3.94926e-06
-3.37775e-06
3.68065e-06
-3.51197e-06
3.38399e-06
-3.62901e-06
3.06414e-06
-3.73013e-06
2.72511e-06
-3.81658e-06
2.37023e-06
-3.88951e-06
2.0022e-06
-3.94993e-06
1.6232e-06
-3.99863e-06
1.23499e-06
-4.03614e-06
8.39015e-07
-4.06275e-06
4.36502e-07
-4.07841e-06
2.85787e-08
-4.08278e-06
-3.83623e-07
-4.07517e-06
-7.98855e-07
-4.05458e-06
-1.21564e-06
-4.01971e-06
-1.63213e-06
-3.96895e-06
-2.04601e-06
-3.90046e-06
-2.45434e-06
-3.81224e-06
-2.85345e-06
-3.7022e-06
-3.23877e-06
-3.5683e-06
-3.60474e-06
-3.40872e-06
-3.94471e-06
-3.22205e-06
-4.25085e-06
-3.00756e-06
-4.51416e-06
-2.76544e-06
-4.72449e-06
-2.49715e-06
-4.87071e-06
-2.20566e-06
-4.94096e-06
-1.89581e-06
-4.92305e-06
-1.57447e-06
-4.80498e-06
-1.25073e-06
-4.57561e-06
-9.35817e-07
-4.22545e-06
-6.4296e-07
-3.74748e-06
-3.86987e-07
-3.13796e-06
-1.83772e-07
-2.39702e-06
-4.9535e-08
-1.52912e-06
-5.43823e-07
-4.53161e-08
5.53614e-07
-1.67348e-07
1.54221e-06
-3.5097e-07
2.40128e-06
-5.80886e-07
3.12602e-06
-8.42526e-07
3.71678e-06
-1.12268e-06
4.17786e-06
-1.40993e-06
4.51665e-06
-1.69486e-06
4.74277e-06
-1.97012e-06
4.86721e-06
-2.23028e-06
4.90158e-06
-2.47168e-06
4.85745e-06
-2.69215e-06
4.74593e-06
-2.89076e-06
4.57732e-06
-3.06754e-06
4.36092e-06
-3.22323e-06
4.10494e-06
-3.35906e-06
3.81647e-06
-3.47657e-06
3.50151e-06
-3.57748e-06
3.16504e-06
-3.66351e-06
2.81113e-06
-3.73632e-06
2.44303e-06
-3.79741e-06
2.0633e-06
-3.8481e-06
1.67388e-06
-3.88941e-06
1.2763e-06
-3.92209e-06
8.71694e-07
-3.94655e-06
4.60963e-07
-3.96285e-06
4.48859e-08
-3.9707e-06
-3.75775e-07
-3.96941e-06
-8.00151e-07
-3.95789e-06
-1.22715e-06
-3.93471e-06
-1.65531e-06
-3.89805e-06
-2.08267e-06
-3.84576e-06
-2.50663e-06
-3.77543e-06
-2.92378e-06
-3.68445e-06
-3.32974e-06
-3.57017e-06
-3.71902e-06
-3.43003e-06
-4.08484e-06
-3.26183e-06
-4.41906e-06
-3.06392e-06
-4.71206e-06
-2.83562e-06
-4.95279e-06
-2.57751e-06
-5.12882e-06
-2.29186e-06
-5.22661e-06
-1.98299e-06
-5.23192e-06
-1.65762e-06
-5.13035e-06
-1.32509e-06
-4.90814e-06
-9.9742e-07
-4.55312e-06
-6.89155e-07
-4.05575e-06
-4.16964e-07
-3.41015e-06
-1.98974e-07
-2.61501e-06
-5.3906e-08
-1.67419e-06
-5.97729e-07
-4.90245e-08
6.02639e-07
-1.80184e-07
1.67337e-06
-3.76037e-07
2.59714e-06
-6.18985e-07
3.36897e-06
-8.92435e-07
3.99023e-06
-1.18159e-06
4.46701e-06
-1.47394e-06
4.80899e-06
-1.75948e-06
5.02831e-06
-2.03072e-06
5.13845e-06
-2.28244e-06
5.15331e-06
-2.51147e-06
5.08648e-06
-2.71629e-06
4.95075e-06
-2.8967e-06
4.75773e-06
-3.0535e-06
4.51772e-06
-3.18819e-06
4.23964e-06
-3.30273e-06
3.93101e-06
-3.3993e-06
3.59808e-06
-3.48019e-06
3.24593e-06
-3.54762e-06
2.87857e-06
-3.6037e-06
2.49911e-06
-3.65028e-06
2.10988e-06
-3.68898e-06
1.71258e-06
-3.72108e-06
1.30841e-06
-3.74753e-06
8.98143e-07
-3.7689e-06
4.82328e-07
-3.78535e-06
6.13413e-08
-3.79666e-06
-3.6447e-07
-3.80214e-06
-7.94669e-07
-3.80069e-06
-1.2286e-06
-3.79073e-06
-1.66526e-06
-3.77028e-06
-2.10313e-06
-3.73689e-06
-2.54002e-06
-3.68776e-06
-2.97291e-06
-3.61978e-06
-3.39773e-06
-3.52964e-06
-3.80916e-06
-3.414e-06
-4.20048e-06
-3.26973e-06
-4.56333e-06
-3.09417e-06
-4.88762e-06
-2.88554e-06
-5.16142e-06
-2.64333e-06
-5.37103e-06
-2.36881e-06
-5.50113e-06
-2.06555e-06
-5.53518e-06
-1.73984e-06
-5.45606e-06
-1.4011e-06
-5.24688e-06
-1.06205e-06
-4.89217e-06
-7.3865e-07
-4.37915e-06
-4.4963e-07
-3.69917e-06
-2.15769e-07
-2.84887e-06
-5.87936e-08
-1.83116e-06
-6.56522e-07
-5.33128e-08
6.55951e-07
-1.94848e-07
1.8149e-06
-4.04265e-07
2.80656e-06
-6.61123e-07
3.62583e-06
-9.46396e-07
4.2755e-06
-1.24346e-06
4.76407e-06
-1.53865e-06
5.10419e-06
-1.82146e-06
5.31112e-06
-2.0844e-06
5.40139e-06
-2.3227e-06
5.39161e-06
-2.53391e-06
5.29768e-06
-2.71736e-06
5.1342e-06
-2.87383e-06
4.91419e-06
-3.00503e-06
4.64893e-06
-3.11338e-06
4.34798e-06
-3.2016e-06
4.01923e-06
-3.27262e-06
3.6691e-06
-3.32932e-06
3.30263e-06
-3.37446e-06
2.92371e-06
-3.41055e-06
2.5352e-06
-3.43984e-06
2.13917e-06
-3.46421e-06
1.73696e-06
-3.48521e-06
1.3294e-06
-3.50396e-06
9.16897e-07
-3.5212e-06
4.99567e-07
-3.53722e-06
7.73583e-08
-3.55185e-06
-3.49834e-07
-3.56448e-06
-7.82047e-07
-3.57396e-06
-1.21912e-06
-3.57868e-06
-1.66054e-06
-3.57647e-06
-2.10533e-06
-3.56468e-06
-2.55181e-06
-3.54014e-06
-2.99745e-06
-3.49924e-06
-3.43862e-06
-3.43803e-06
-3.87037e-06
-3.35236e-06
-4.28615e-06
-3.23809e-06
-4.67761e-06
-3.09141e-06
-5.03431e-06
-2.90922e-06
-5.3436e-06
-2.68969e-06
-5.59056e-06
-2.43277e-06
-5.75805e-06
-2.1409e-06
-5.82706e-06
-1.81961e-06
-5.77734e-06
-1.47814e-06
-5.58835e-06
-1.12976e-06
-5.24055e-06
-7.91839e-07
-4.71707e-06
-4.85446e-07
-4.00556e-06
-2.34479e-07
-3.09984e-06
-6.43136e-08
-2.00133e-06
-7.20836e-07
-5.83559e-08
7.14307e-07
-2.11856e-07
1.9684e-06
-4.36472e-07
3.03117e-06
-7.0821e-07
3.89756e-06
-1.00511e-06
4.5724e-06
-1.30847e-06
5.06744e-06
-1.60345e-06
5.39917e-06
-1.87917e-06
5.58684e-06
-2.12843e-06
5.65065e-06
-2.34721e-06
5.61039e-06
-2.53405e-06
5.48453e-06
-2.68948e-06
5.28964e-06
-2.81543e-06
5.04014e-06
-2.91476e-06
4.74825e-06
-2.99085e-06
4.42407e-06
-3.04736e-06
4.07574e-06
-3.08795e-06
3.70969e-06
-3.11612e-06
3.3308e-06
-3.13514e-06
2.94273e-06
-3.14795e-06
2.54802e-06
-3.15713e-06
2.14834e-06
-3.16482e-06
1.74466e-06
-3.1728e-06
1.33737e-06
-3.18236e-06
9.26464e-07
-3.1944e-06
5.11602e-07
-3.20931e-06
9.22747e-08
-3.22705e-06
-3.32099e-07
-3.24704e-06
-7.62057e-07
-3.26819e-06
-1.19797e-06
-3.28885e-06
-1.63988e-06
-3.30679e-06
-2.08739e-06
-3.31917e-06
-2.53944e-06
-3.32253e-06
-2.99409e-06
-3.31284e-06
-3.44831e-06
-3.28552e-06
-3.89768e-06
-3.23561e-06
-4.33606e-06
-3.15793e-06
-4.75529e-06
-3.04738e-06
-5.14486e-06
-2.89939e-06
-5.49159e-06
-2.71048e-06
-5.77947e-06
-2.47893e-06
-5.9896e-06
-2.20562e-06
-6.10038e-06
-1.89487e-06
-6.08809e-06
-1.55532e-06
-5.9279e-06
-1.20051e-06
-5.59535e-06
-8.49196e-07
-5.06839e-06
-5.2501e-07
-4.32975e-06
-2.55536e-07
-3.36931e-06
-7.06239e-08
-2.18624e-06
-7.9146e-07
-6.43933e-08
7.78701e-07
-2.31898e-07
2.1359e-06
-4.73711e-07
3.27298e-06
-7.61351e-07
4.1852e-06
-1.06932e-06
4.88037e-06
-1.37659e-06
5.37471e-06
-1.6672e-06
5.68978e-06
-1.93018e-06
5.84981e-06
-2.15899e-06
5.87946e-06
-2.35078e-06
5.80218e-06
-2.50552e-06
5.63927e-06
-2.62522e-06
5.40934e-06
-2.71325e-06
5.12817e-06
-2.77375e-06
4.80876e-06
-2.81126e-06
4.46158e-06
-2.83036e-06
4.09484e-06
-2.83547e-06
3.7148e-06
-2.83073e-06
3.32606e-06
-2.81986e-06
2.93186e-06
-2.80617e-06
2.53433e-06
-2.79252e-06
2.13468e-06
-2.78129e-06
1.73343e-06
-2.77441e-06
1.33049e-06
-2.77334e-06
9.25398e-07
-2.77909e-06
5.17354e-07
-2.7922e-06
1.05378e-07
-2.81269e-06
-3.11601e-07
-2.84012e-06
-7.34632e-07
-2.87346e-06
-1.16463e-06
-2.9111e-06
-1.60224e-06
-2.95081e-06
-2.04768e-06
-2.98966e-06
-2.50058e-06
-3.02402e-06
-2.95973e-06
-3.04951e-06
-3.42283e-06
-3.06102e-06
-3.88616e-06
-3.05283e-06
-4.34425e-06
-3.01871e-06
-4.78942e-06
-2.95221e-06
-5.21135e-06
-2.84712e-06
-5.59668e-06
-2.69802e-06
-5.92857e-06
-2.5011e-06
-6.18651e-06
-2.25517e-06
-6.34631e-06
-1.96274e-06
-6.38051e-06
-1.63128e-06
-6.25936e-06
-1.27415e-06
-5.95248e-06
-9.11277e-07
-5.43126e-06
-5.69095e-07
-4.67193e-06
-2.79523e-07
-3.65889e-06
-7.79421e-08
-2.38782e-06
-8.69402e-07
-7.17571e-08
8.50458e-07
-2.55898e-07
2.32005e-06
-5.17331e-07
3.53442e-06
-8.21852e-07
4.48973e-06
-1.13971e-06
5.19823e-06
-1.44735e-06
5.68235e-06
-1.72791e-06
5.97033e-06
-1.97077e-06
6.09268e-06
-2.17065e-06
6.07934e-06
-2.32641e-06
5.95794e-06
-2.43994e-06
5.7528e-06
-2.51511e-06
5.48451e-06
-2.557e-06
5.17005e-06
-2.57122e-06
4.82298e-06
-2.5635e-06
4.45387e-06
-2.5394e-06
4.07074e-06
-2.50406e-06
3.67946e-06
-2.46216e-06
3.28416e-06
-2.41784e-06
2.88754e-06
-2.37469e-06
2.49118e-06
-2.33576e-06
2.09576e-06
-2.30359e-06
1.70126e-06
-2.28022e-06
1.30712e-06
-2.26722e-06
9.12394e-07
-2.26568e-06
5.15816e-07
-2.27624e-06
1.15942e-07
-2.29907e-06
-2.88774e-07
-2.33381e-06
-6.99888e-07
-2.37959e-06
-1.11885e-06
-2.43491e-06
-1.54692e-06
-2.49762e-06
-1.98497e-06
-2.56484e-06
-2.43336e-06
-2.63287e-06
-2.8917e-06
-2.69714e-06
-3.35856e-06
-2.75217e-06
-3.83114e-06
-2.79157e-06
-4.30485e-06
-2.80814e-06
-4.77284e-06
-2.7941e-06
-5.22539e-06
-2.74146e-06
-5.64932e-06
-2.64261e-06
-6.02742e-06
-2.49122e-06
-6.3379e-06
-2.28342e-06
-6.55412e-06
-2.01917e-06
-6.64476e-06
-1.70393e-06
-6.5746e-06
-1.3502e-06
-6.30621e-06
-9.7869e-07
-5.80277e-06
-6.18695e-07
-5.03192e-06
-3.0723e-07
-3.97035e-06
-8.65737e-08
-2.60848e-06
-9.55975e-07
-8.09168e-08
9.31375e-07
-2.8511e-07
2.52424e-06
-5.69047e-07
3.81835e-06
-8.91181e-07
4.81186e-06
-1.2167e-06
5.52375e-06
-1.51947e-06
5.98512e-06
-1.78218e-06
6.23305e-06
-1.99534e-06
6.30584e-06
-2.1557e-06
6.2397e-06
-2.26457e-06
6.06681e-06
-2.32631e-06
5.81454e-06
-2.3471e-06
5.5053e-06
-2.33396e-06
5.15691e-06
-2.29409e-06
4.78311e-06
-2.23447e-06
4.39424e-06
-2.16152e-06
3.9978e-06
-2.08107e-06
3.59901e-06
-1.99822e-06
3.2013e-06
-1.91737e-06
2.80669e-06
-1.84228e-06
2.41609e-06
-1.77609e-06
2.02956e-06
-1.72137e-06
1.64655e-06
-1.68022e-06
1.26597e-06
-1.65422e-06
8.86392e-07
-1.64452e-06
5.06124e-07
-1.65186e-06
1.23277e-07
-1.67649e-06
-2.64139e-07
-1.71824e-06
-6.58146e-07
-1.77637e-06
-1.06072e-06
-1.84962e-06
-1.47367e-06
-1.93603e-06
-1.89856e-06
-2.03289e-06
-2.3365e-06
-2.13662e-06
-2.78797e-06
-2.24264e-06
-3.25254e-06
-2.34528e-06
-3.72849e-06
-2.43772e-06
-4.21241e-06
-2.51197e-06
-4.6986e-06
-2.55898e-06
-5.17838e-06
-2.56897e-06
-5.63933e-06
-2.53199e-06
-6.06441e-06
-2.43875e-06
-6.43113e-06
-2.28203e-06
-6.71084e-06
-2.05832e-06
-6.86846e-06
-1.77003e-06
-6.86289e-06
-1.42769e-06
-6.64855e-06
-1.05203e-06
-6.17843e-06
-6.75083e-07
-5.40886e-06
-3.39744e-07
-4.30569e-06
-9.69571e-08
-2.85126e-06
-1.05293e-06
-9.25514e-08
1.02393e-06
-3.21244e-07
2.75293e-06
-6.31015e-07
4.12812e-06
-9.70853e-07
5.1517e-06
-1.30007e-06
5.85296e-06
-1.5902e-06
6.27526e-06
-1.82441e-06
6.46725e-06
-1.99542e-06
6.47685e-06
-2.10313e-06
6.3474e-06
-2.15221e-06
6.11589e-06
-2.15015e-06
5.81249e-06
-2.10582e-06
5.46097e-06
-2.02836e-06
5.07945e-06
-1.92663e-06
4.68137e-06
-1.80872e-06
4.27633e-06
-1.68187e-06
3.87094e-06
-1.55234e-06
3.46948e-06
-1.42548e-06
3.07445e-06
-1.30581e-06
2.68701e-06
-1.19705e-06
2.30733e-06
-1.1023e-06
1.93481e-06
-1.02406e-06
1.5683e-06
-9.6432e-07
1.20623e-06
-9.24643e-07
8.46715e-07
-9.06176e-07
4.87657e-07
-9.09686e-07
1.26787e-07
-9.35554e-07
-2.38271e-07
-9.83752e-07
-6.09948e-07
-1.0538e-06
-9.90669e-07
-1.14469e-06
-1.38278e-06
-1.2548e-06
-1.78845e-06
-1.38174e-06
-2.20956e-06
-1.52226e-06
-2.64746e-06
-1.672e-06
-3.10279e-06
-1.8254e-06
-3.57509e-06
-1.97548e-06
-4.06233e-06
-2.11374e-06
-4.56034e-06
-2.23013e-06
-5.06199e-06
-2.31322e-06
-5.55624e-06
-2.35062e-06
-6.02701e-06
-2.32983e-06
-6.45193e-06
-2.23955e-06
-6.80112e-06
-2.07179e-06
-7.03623e-06
-1.82446e-06
-7.11022e-06
-1.50462e-06
-6.96839e-06
-1.13168e-06
-6.55137e-06
-7.39844e-07
-5.8007e-06
-3.78572e-07
-4.66696e-06
-1.09735e-07
-3.1201e-06
-1.16267e-06
-1.0767e-07
1.1316e-06
-3.66663e-07
3.01192e-06
-7.05872e-07
4.46733e-06
-1.06213e-06
5.50796e-06
-1.38825e-06
6.17908e-06
-1.6543e-06
6.5413e-06
-1.84541e-06
6.65837e-06
-1.95826e-06
6.5897e-06
-1.9973e-06
6.38645e-06
-1.97162e-06
6.0902e-06
-1.89249e-06
5.73336e-06
-1.77175e-06
5.34023e-06
-1.62079e-06
4.9285e-06
-1.44995e-06
4.51053e-06
-1.26828e-06
4.09466e-06
-1.0835e-06
3.68617e-06
-9.02092e-07
3.28807e-06
-7.29386e-07
2.90174e-06
-5.69737e-07
2.52737e-06
-4.26674e-07
2.16427e-06
-3.03037e-07
1.81118e-06
-2.01099e-07
1.46636e-06
-1.22665e-07
1.12779e-06
-6.91524e-08
7.93202e-07
-4.16377e-08
4.60143e-07
-4.0893e-08
1.26042e-07
-6.73896e-08
-2.11775e-07
-1.2128e-07
-5.56058e-07
-2.02355e-07
-9.09594e-07
-3.09966e-07
-1.27517e-06
-4.42923e-07
-1.6555e-06
-5.9935e-07
-2.05313e-06
-7.7651e-07
-2.4703e-06
-9.70588e-07
-2.90871e-06
-1.17644e-06
-3.36924e-06
-1.38733e-06
-3.85144e-06
-1.59468e-06
-4.35299e-06
-1.78786e-06
-4.86881e-06
-1.95414e-06
-5.38997e-06
-2.07887e-06
-5.90227e-06
-2.14618e-06
-6.38462e-06
-2.14021e-06
-6.80709e-06
-2.04728e-06
-7.12915e-06
-1.85915e-06
-7.29835e-06
-1.57723e-06
-7.25032e-06
-1.21747e-06
-6.91113e-06
-8.14877e-07
-6.2033e-06
-4.25816e-07
-5.05602e-06
-1.25878e-07
-3.42004e-06
-1.28855e-06
-1.2782e-07
1.25942e-06
-4.24642e-07
3.30875e-06
-7.96674e-07
4.83937e-06
-1.16537e-06
5.87665e-06
-1.47704e-06
6.49075e-06
-1.70217e-06
6.76643e-06
-1.83046e-06
6.78666e-06
-1.86483e-06
6.62407e-06
-1.81609e-06
6.3377e-06
-1.69881e-06
5.97292e-06
-1.5286e-06
5.56315e-06
-1.32039e-06
5.13203e-06
-1.0876e-06
4.6957e-06
-8.4174e-07
4.26467e-06
-5.9241e-07
3.84533e-06
-3.4744e-07
3.4412e-06
-1.13108e-07
3.05374e-06
1.05607e-07
2.68303e-06
3.04793e-07
2.32818e-06
4.81385e-07
1.98768e-06
6.32987e-07
1.65958e-06
7.57718e-07
1.34163e-06
8.54095e-07
1.03142e-06
9.20942e-07
7.26355e-07
9.57326e-07
4.23759e-07
9.62517e-07
1.20851e-07
9.35979e-07
-1.85237e-07
8.77379e-07
-4.97457e-07
7.86626e-07
-8.18841e-07
6.63944e-07
-1.15249e-06
5.09979e-07
-1.50153e-06
3.25943e-07
-1.86909e-06
1.13814e-07
-2.25817e-06
-1.23411e-07
-2.67149e-06
-3.81417e-07
-3.11123e-06
-6.54196e-07
-3.57866e-06
-9.33654e-07
-4.07353e-06
-1.2092e-06
-4.59326e-06
-1.46743e-06
-5.13174e-06
-1.69197e-06
-5.67773e-06
-1.8638e-06
-6.2128e-06
-1.96219e-06
-6.70871e-06
-1.96681e-06
-7.12453e-06
-1.86129e-06
-7.40387e-06
-1.63858e-06
-7.47303e-06
-1.30788e-06
-7.24183e-06
-9.02245e-07
-6.60893e-06
-4.84419e-07
-5.47385e-06
-1.46896e-07
-3.75756e-06
-1.43544e-06
-1.55452e-07
1.41487e-06
-4.99705e-07
3.653e-06
-9.06522e-07
5.24618e-06
-1.27859e-06
6.24872e-06
-1.55724e-06
6.7694e-06
-1.71709e-06
6.92628e-06
-1.75627e-06
6.82584e-06
-1.68704e-06
6.55485e-06
-1.52852e-06
6.17917e-06
-1.30171e-06
5.74612e-06
-1.02673e-06
5.28817e-06
-7.21336e-07
4.82663e-06
-4.0042e-07
4.37479e-06
-7.60511e-08
3.9403e-06
2.42251e-07
3.52703e-06
5.4713e-07
3.13632e-06
8.32987e-07
2.76788e-06
1.09562e-06
2.4204e-06
1.33188e-06
2.09192e-06
1.53943e-06
1.78012e-06
1.71654e-06
1.48246e-06
1.86188e-06
1.19629e-06
1.97442e-06
9.18885e-07
2.0533e-06
6.4747e-07
2.09782e-06
3.79238e-07
2.10734e-06
1.11328e-07
2.0813e-06
-1.5919e-07
2.01918e-06
-4.35337e-07
1.92058e-06
-7.20245e-07
1.78526e-06
-1.01717e-06
1.61325e-06
-1.32951e-06
1.40494e-06
-1.66079e-06
1.16136e-06
-2.01459e-06
8.84388e-07
-2.39451e-06
5.77103e-07
-2.80395e-06
2.44239e-07
-3.2458e-06
-1.07291e-07
-3.722e-06
-4.6778e-07
-4.23277e-06
-8.24081e-07
-4.77544e-06
-1.15905e-06
-5.34277e-06
-1.45126e-06
-5.92058e-06
-1.67545e-06
-6.48452e-06
-1.80401e-06
-6.99597e-06
-1.81057e-06
-7.39731e-06
-1.67613e-06
-7.60747e-06
-1.39842e-06
-7.51954e-06
-1.00367e-06
-7.00368e-06
-5.58444e-07
-5.91907e-06
-1.75207e-07
-4.1408e-06
-1.61065e-06
-1.94551e-07
1.60942e-06
-5.97931e-07
4.05638e-06
-1.03739e-06
5.68565e-06
-1.39459e-06
6.60592e-06
-1.61053e-06
6.98534e-06
-1.67045e-06
6.9862e-06
-1.58651e-06
6.7419e-06
-1.38394e-06
6.35228e-06
-1.09186e-06
5.8871e-06
-7.38126e-07
5.39238e-06
-3.46845e-07
4.89689e-06
6.23089e-08
4.41748e-06
4.73968e-07
3.96313e-06
8.76504e-07
3.53776e-06
1.26135e-06
3.14218e-06
1.62234e-06
2.77533e-06
1.95514e-06
2.43509e-06
2.25675e-06
2.11879e-06
2.52515e-06
1.82352e-06
2.75899e-06
1.54628e-06
2.95737e-06
1.28408e-06
3.11966e-06
1.034e-06
3.24539e-06
7.93159e-07
3.33412e-06
5.58737e-07
3.38542e-06
3.27938e-07
3.3988e-06
9.79536e-08
3.37368e-06
-1.34069e-07
3.30941e-06
-3.71072e-07
3.20529e-06
-6.16127e-07
3.0606e-06
-8.72481e-07
2.87468e-06
-1.14359e-06
2.64707e-06
-1.43317e-06
2.37764e-06
-1.74517e-06
2.06693e-06
-2.0838e-06
1.71639e-06
-2.45341e-06
1.32894e-06
-2.85835e-06
9.09539e-07
-3.30261e-06
4.66011e-07
-3.78924e-06
9.96608e-09
-4.31939e-06
-4.42129e-07
-4.89067e-06
-8.6798e-07
-5.49473e-06
-1.23892e-06
-6.11359e-06
-1.52044e-06
-6.71445e-06
-1.67487e-06
-7.24287e-06
-1.66764e-06
-7.6147e-06
-1.47858e-06
-7.7086e-06
-1.11911e-06
-7.36314e-06
-6.53269e-07
-6.38492e-06
-2.14768e-07
-4.5793e-06
-1.82542e-06
-2.51679e-07
1.8611e-06
-7.26791e-07
4.53149e-06
-1.18702e-06
6.14588e-06
-1.49508e-06
6.91397e-06
-1.60213e-06
7.09239e-06
-1.51456e-06
6.89863e-06
-1.26561e-06
6.49295e-06
-8.96926e-07
5.98359e-06
-4.48404e-07
5.43858e-06
4.61745e-08
4.8978e-06
5.60255e-07
4.38281e-06
1.074e-06
3.90373e-06
1.5732e-06
3.46393e-06
2.04801e-06
3.06295e-06
2.49189e-06
2.6983e-06
2.90069e-06
2.36654e-06
3.2719e-06
2.06387e-06
3.6042e-06
1.7865e-06
3.89696e-06
1.53076e-06
4.15003e-06
1.29321e-06
4.36349e-06
1.07062e-06
4.53751e-06
8.59983e-07
4.67222e-06
6.58446e-07
4.76767e-06
4.63291e-07
4.82373e-06
2.71878e-07
4.84008e-06
8.1596e-08
4.81621e-06
-1.10192e-07
4.75133e-06
-3.062e-07
4.64449e-06
-5.09282e-07
4.4945e-06
-7.22491e-07
4.30005e-06
-9.49143e-07
4.05976e-06
-1.19289e-06
3.77235e-06
-1.45776e-06
3.43679e-06
-1.74824e-06
3.05268e-06
-2.06929e-06
2.62061e-06
-2.42628e-06
2.14289e-06
-2.82488e-06
1.62435e-06
-3.27071e-06
1.07357e-06
-3.76861e-06
5.0437e-07
-4.32147e-06
-6.24432e-08
-4.92792e-06
-5.97286e-07
-5.57874e-06
-1.06068e-06
-6.25106e-06
-1.40397e-06
-6.89958e-06
-1.57414e-06
-7.44453e-06
-1.52574e-06
-7.757e-06
-1.2433e-06
-7.64558e-06
-7.7518e-07
-6.85304e-06
-2.72094e-07
-5.08238e-06
-2.09751e-06
-3.37485e-07
2.19858e-06
-8.93155e-07
5.08716e-06
-1.34118e-06
6.59391e-06
-1.539e-06
7.11179e-06
-1.46838e-06
7.02177e-06
-1.17162e-06
6.60186e-06
-7.10382e-07
6.03171e-06
-1.4431e-07
5.41752e-06
4.77584e-07
4.81668e-06
1.11854e-06
4.25684e-06
1.7527e-06
3.74865e-06
2.36279e-06
3.29364e-06
2.93792e-06
2.88881e-06
3.47166e-06
2.52921e-06
3.96064e-06
2.20932e-06
4.40348e-06
1.92369e-06
4.80006e-06
1.66729e-06
5.151e-06
1.43556e-06
5.45728e-06
1.22448e-06
5.72004e-06
1.03044e-06
5.9404e-06
8.50263e-07
6.11933e-06
6.81053e-07
6.2576e-06
5.20176e-07
6.35572e-06
3.65176e-07
6.41388e-06
2.13713e-07
6.43198e-06
6.34995e-08
6.40954e-06
-8.77532e-08
6.34574e-06
-2.42402e-07
6.2394e-06
-4.02936e-07
6.08895e-06
-5.72045e-07
5.89251e-06
-7.527e-07
5.64787e-06
-9.48242e-07
5.35258e-06
-1.16248e-06
5.00413e-06
-1.39979e-06
4.60007e-06
-1.66523e-06
4.13846e-06
-1.96467e-06
3.61835e-06
-2.30478e-06
3.04066e-06
-2.69301e-06
2.40937e-06
-3.13733e-06
1.73338e-06
-3.64547e-06
1.02882e-06
-4.22336e-06
3.22224e-07
-4.87214e-06
-3.46257e-07
-5.58258e-06
-9.2034e-07
-6.3255e-06
-1.3286e-06
-7.03627e-06
-1.49373e-06
-7.59187e-06
-1.35745e-06
-7.78186e-06
-9.28836e-07
-7.28165e-06
-3.57634e-07
-5.65359e-06
-2.45515e-06
-4.6758e-07
2.66616e-06
-1.09498e-06
5.71456e-06
-1.45534e-06
6.95427e-06
-1.4403e-06
7.09675e-06
-1.09627e-06
6.67775e-06
-5.18342e-07
6.02394e-06
1.99701e-07
5.31367e-06
9.83632e-07
4.63359e-06
1.78122e-06
4.0191e-06
2.5586e-06
3.47946e-06
3.29542e-06
3.01183e-06
3.98057e-06
2.60849e-06
4.6089e-06
2.26048e-06
5.17899e-06
1.95912e-06
5.6916e-06
1.69671e-06
6.14867e-06
1.46662e-06
6.55272e-06
1.26324e-06
6.90642e-06
1.08187e-06
7.21235e-06
9.18543e-07
7.4729e-06
7.69895e-07
7.69013e-06
6.33034e-07
7.86575e-06
5.05433e-07
8.00108e-06
3.84843e-07
8.09705e-06
2.69212e-07
8.15414e-06
1.56618e-07
8.17244e-06
4.52072e-08
8.15155e-06
-6.6867e-08
8.09065e-06
-1.81501e-07
7.98841e-06
-3.00704e-07
7.84304e-06
-4.26668e-07
7.65218e-06
-5.61848e-07
7.413e-06
-7.09055e-07
7.12209e-06
-8.7157e-07
6.77559e-06
-1.05328e-06
6.36922e-06
-1.25886e-06
5.89848e-06
-1.49394e-06
5.35904e-06
-1.76533e-06
4.74729e-06
-2.08126e-06
4.06146e-06
-2.45151e-06
3.30331e-06
-2.88731e-06
2.48076e-06
-3.40082e-06
1.61195e-06
-4.00333e-06
7.30612e-07
-4.70124e-06
-1.07309e-07
-5.48758e-06
-8.18141e-07
-6.32544e-06
-1.29162e-06
-7.11839e-06
-1.41059e-06
-7.66289e-06
-1.10787e-06
-7.58438e-06
-4.86129e-07
-6.27532e-06
-2.94127e-06
-6.56612e-07
3.32278e-06
-1.29332e-06
6.35126e-06
-1.41281e-06
7.07376e-06
-1.02708e-06
6.71102e-06
-2.92751e-07
5.94341e-06
6.32686e-07
5.0985e-06
1.63104e-06
4.31532e-06
2.62616e-06
3.63847e-06
3.57436e-06
3.07089e-06
4.45354e-06
2.60028e-06
5.25481e-06
2.21056e-06
5.97683e-06
1.88647e-06
6.62229e-06
1.61502e-06
7.19577e-06
1.38564e-06
7.70256e-06
1.18992e-06
8.14796e-06
1.02121e-06
8.53696e-06
8.7424e-07
8.87404e-06
7.44785e-07
9.16314e-06
6.29444e-07
9.40761e-06
5.25426e-07
9.61024e-06
4.30405e-07
9.77327e-06
3.42402e-07
9.89842e-06
2.59691e-07
9.9869e-06
1.80729e-07
1.00394e-05
1.04089e-07
1.00562e-05
2.84116e-08
1.0037e-05
-4.76497e-08
9.98098e-06
-1.25475e-07
9.88681e-06
-2.06532e-07
9.75258e-06
-2.92432e-07
9.57573e-06
-3.85002e-07
9.35304e-06
-4.86364e-07
9.08052e-06
-5.99048e-07
8.75336e-06
-7.26126e-07
8.36589e-06
-8.71391e-07
7.91155e-06
-1.03959e-06
7.38296e-06
-1.23674e-06
6.7722e-06
-1.47051e-06
6.07137e-06
-1.75067e-06
5.27377e-06
-2.08971e-06
4.37614e-06
-2.50319e-06
3.38259e-06
-3.00978e-06
2.31117e-06
-3.62983e-06
1.20401e-06
-4.38043e-06
1.41015e-07
-5.26244e-06
-7.46994e-07
-6.23038e-06
-1.27861e-06
-7.13128e-06
-1.26523e-06
-7.59776e-06
-6.69161e-07
-6.87139e-06
-3.61043e-06
-8.8786e-07
4.21064e-06
-1.33347e-06
6.79687e-06
-9.36139e-07
6.67643e-06
2.64033e-08
5.74848e-06
1.25494e-06
4.71488e-06
2.5492e-06
3.80424e-06
3.7968e-06
3.06772e-06
4.9449e-06
2.49037e-06
5.97523e-06
2.04056e-06
6.88731e-06
1.6882e-06
7.68877e-06
1.4091e-06
8.3902e-06
1.18504e-06
9.00264e-06
1.00258e-06
9.5364e-06
8.51878e-07
1.00006e-05
7.25674e-07
1.04033e-05
6.18561e-07
1.07511e-05
5.26457e-07
1.10496e-05
4.46226e-07
1.13037e-05
3.75416e-07
1.1517e-05
3.12075e-07
1.16928e-05
2.54613e-07
1.18335e-05
2.01707e-07
1.1941e-05
1.52224e-07
1.20165e-05
1.05165e-07
1.2061e-05
5.96178e-08
1.20747e-05
1.47225e-08
1.20574e-05
-3.03689e-08
1.20085e-05
-7.6524e-08
1.19266e-05
-1.24667e-07
1.181e-05
-1.75818e-07
1.16561e-05
-2.31147e-07
1.14618e-05
-2.92027e-07
1.12229e-05
-3.60125e-07
1.09343e-05
-4.37502e-07
1.05896e-05
-5.26765e-07
1.01813e-05
-6.31275e-07
9.7e-06
-7.55436e-07
9.13461e-06
-9.05112e-07
8.47216e-06
-1.08823e-06
7.69806e-06
-1.31561e-06
6.79704e-06
-1.60216e-06
5.75559e-06
-1.96832e-06
4.56734e-06
-2.44158e-06
3.24379e-06
-3.05687e-06
1.83358e-06
-3.85223e-06
4.52413e-07
-4.84921e-06
-6.81912e-07
-5.99695e-06
-1.23471e-06
-7.04496e-06
-8.82001e-07
-7.2241e-06
-4.49244e-06
-1.01496e-06
5.22559e-06
-7.47163e-07
6.52908e-06
5.84522e-07
5.34474e-06
2.29948e-06
4.03352e-06
4.01713e-06
2.99723e-06
5.57925e-06
2.24211e-06
6.93928e-06
1.7077e-06
8.10089e-06
1.32876e-06
9.08635e-06
1.0551e-06
9.92189e-06
8.52655e-07
1.06319e-05
6.99124e-07
1.1237e-05
5.79897e-07
1.17543e-05
4.85273e-07
1.21975e-05
4.08685e-07
1.25776e-05
3.45582e-07
1.29034e-05
2.92735e-07
1.31821e-05
2.47795e-07
1.34193e-05
2.09014e-07
1.36197e-05
1.7506e-07
1.37868e-05
1.44894e-07
1.39238e-05
1.17689e-07
1.40327e-05
9.27631e-08
1.41154e-05
6.95438e-08
1.4173e-05
4.75314e-08
1.42064e-05
2.62746e-08
1.42157e-05
5.35004e-09
1.4201e-05
-1.56571e-08
1.41617e-05
-3.71708e-08
1.40966e-05
-5.96434e-08
1.40044e-05
-8.3577e-08
1.38828e-05
-1.0955e-07
1.3729e-05
-1.38251e-07
1.35394e-05
-1.70523e-07
1.33094e-05
-2.07427e-07
1.30329e-05
-2.50328e-07
1.27027e-05
-3.01027e-07
1.23092e-05
-3.61946e-07
1.18405e-05
-4.36428e-07
1.12815e-05
-5.29184e-07
1.06129e-05
-6.47035e-07
9.8108e-06
-8.00086e-07
8.84614e-06
-1.00367e-06
7.68597e-06
-1.28141e-06
6.29904e-06
-1.66994e-06
4.67118e-06
-2.22437e-06
2.84055e-06
-3.01858e-06
9.67385e-07
-4.12379e-06
-5.44227e-07
-5.53334e-06
-9.63316e-07
-6.80502e-06
-5.45575e-06
-2.34552e-07
5.46015e-06
1.80498e-06
4.48955e-06
4.40276e-06
2.74696e-06
6.72281e-06
1.71347e-06
8.60693e-06
1.11311e-06
1.00956e-05
7.53432e-07
1.12696e-05
5.33745e-07
1.22034e-05
3.94934e-07
1.29555e-05
3.02997e-07
1.35691e-05
2.39095e-07
1.40754e-05
1.9273e-07
1.44975e-05
1.57843e-07
1.4852e-05
1.30785e-07
1.51514e-05
1.0926e-07
1.54052e-05
9.17623e-08
1.56207e-05
7.72676e-08
1.58034e-05
6.5053e-08
1.59579e-05
5.45929e-08
1.60874e-05
4.54949e-08
1.61949e-05
3.74578e-08
1.62823e-05
3.02441e-08
1.63514e-05
2.36614e-08
1.64034e-05
1.7549e-08
1.64392e-05
1.17684e-08
1.64593e-05
6.19517e-09
1.64639e-05
7.13271e-10
1.6453e-05
-4.79086e-09
1.64263e-05
-1.04327e-08
1.6383e-05
-1.6336e-08
1.6322e-05
-2.26387e-08
1.6242e-05
-2.95003e-08
1.61408e-05
-3.71123e-08
1.6016e-05
-4.57115e-08
1.58642e-05
-5.55991e-08
1.56811e-05
-6.71682e-08
1.5461e-05
-8.09453e-08
1.51967e-05
-9.76539e-08
1.48786e-05
-1.18318e-07
1.44938e-05
-1.44435e-07
1.40251e-05
-1.78276e-07
1.34484e-05
-2.23437e-07
1.27306e-05
-2.85893e-07
1.18253e-05
-3.76052e-07
1.06682e-05
-5.12847e-07
9.17511e-06
-7.31295e-07
7.25122e-06
-1.09469e-06
4.84183e-06
-1.7144e-06
2.10331e-06
-2.79483e-06
-1.05727e-07
-4.59597e-06
-5.56148e-06
5.46015e-06
9.94969e-06
1.26967e-05
1.44101e-05
1.55232e-05
1.62767e-05
1.68104e-05
1.72053e-05
1.75083e-05
1.77474e-05
1.79402e-05
1.8098e-05
1.82288e-05
1.83381e-05
1.84298e-05
1.85071e-05
1.85721e-05
1.86267e-05
1.86722e-05
1.87097e-05
1.87399e-05
1.87636e-05
1.87811e-05
1.87929e-05
1.87991e-05
1.87998e-05
1.8795e-05
1.87846e-05
1.87683e-05
1.87456e-05
1.87161e-05
1.8679e-05
1.86333e-05
1.85777e-05
1.85105e-05
1.84296e-05
1.83319e-05
1.82136e-05
1.80692e-05
1.78909e-05
1.76675e-05
1.73816e-05
1.70055e-05
1.64927e-05
1.57614e-05
1.46667e-05
1.29523e-05
1.01575e-05
5.56148e-06
)
;

boundaryField
{
    movingWall
    {
        type            calculated;
        value           uniform 0;
    }
    fixedWalls
    {
        type            calculated;
        value           uniform 0;
    }
    frontAndBack
    {
        type            empty;
        value           nonuniform List<scalar> 0();
    }
}


// ************************************************************************* //
