/*--------------------------------*- C++ -*----------------------------------*\
| =========                 |                                                 |
| \\      /  F ield         | OpenFOAM: The Open Source CFD Toolbox           |
|  \\    /   O peration     | Version:  v2012                                 |
|   \\  /    A nd           | Website:  www.openfoam.com                      |
|    \\/     M anipulation  |                                                 |
\*---------------------------------------------------------------------------*/
FoamFile
{
    version     2.0;
    format      ascii;
    class       volVectorField;
    location    "0.05";
    object      U;
}
// * * * * * * * * * * * * * * * * * * * * * * * * * * * * * * * * * * * * * //

dimensions      [0 1 -1 0 0 0 0];


internalField   nonuniform List<vector> 
2500
(
(2.91822e-05 -2.90842e-05 0)
(8.65559e-05 -3.5101e-05 0)
(0.000116841 -1.68553e-05 0)
(8.40035e-05 9.10406e-06 0)
(-2.36699e-05 3.57025e-05 0)
(-0.000204334 6.01328e-05 0)
(-0.000451137 8.12978e-05 0)
(-0.000755132 9.88654e-05 0)
(-0.00110647 0.000112842 0)
(-0.00149509 0.00012337 0)
(-0.00191106 0.000130645 0)
(-0.00234481 0.000134883 0)
(-0.00278728 0.000136304 0)
(-0.00322993 0.000135127 0)
(-0.00366484 0.000131576 0)
(-0.00408468 0.000125865 0)
(-0.00448277 0.000118199 0)
(-0.00485304 0.000108779 0)
(-0.00519005 9.7802e-05 0)
(-0.00548899 8.54593e-05 0)
(-0.00574566 7.19399e-05 0)
(-0.00595649 5.7431e-05 0)
(-0.00611855 4.21219e-05 0)
(-0.00622952 2.62026e-05 0)
(-0.00628774 9.86574e-06 0)
(-0.00629221 -6.68777e-06 0)
(-0.00624261 -2.32509e-05 0)
(-0.00613931 -3.96102e-05 0)
(-0.00598341 -5.55416e-05 0)
(-0.00577676 -7.08132e-05 0)
(-0.00552197 -8.51871e-05 0)
(-0.00522242 -9.84178e-05 0)
(-0.00488233 -0.000110253 0)
(-0.00450666 -0.00012044 0)
(-0.00410121 -0.000128723 0)
(-0.00367254 -0.000134849 0)
(-0.00322799 -0.000138572 0)
(-0.00277558 -0.000139655 0)
(-0.002324 -0.000137877 0)
(-0.00188251 -0.000133029 0)
(-0.00146085 -0.000124929 0)
(-0.00106907 -0.00011342 0)
(-0.0007174 -9.83927e-05 0)
(-0.000415952 -7.98104e-05 0)
(-0.000174292 -5.77929e-05 0)
(-7.34649e-07 -3.28086e-05 0)
(9.88493e-05 -6.11038e-06 0)
(0.000123894 1.9311e-05 0)
(8.79466e-05 3.63473e-05 0)
(2.88694e-05 2.88028e-05 0)
(3.57688e-05 -8.6733e-05 0)
(7.83483e-05 -7.70149e-05 0)
(2.66049e-05 2.14889e-05 0)
(-0.000174711 0.000153812 0)
(-0.000547962 0.000293027 0)
(-0.00109319 0.000425329 0)
(-0.0017986 0.000543597 0)
(-0.00264568 0.000644419 0)
(-0.00361215 0.000726394 0)
(-0.00467395 0.000789231 0)
(-0.00580647 0.00083327 0)
(-0.00698533 0.000859218 0)
(-0.00818692 0.000868005 0)
(-0.00938873 0.000860698 0)
(-0.0105696 0.000838445 0)
(-0.0117097 0.000802438 0)
(-0.012791 0.000753891 0)
(-0.0137969 0.000694025 0)
(-0.0147126 0.000624064 0)
(-0.0155247 0.000545233 0)
(-0.0162219 0.000458761 0)
(-0.0167943 0.000365879 0)
(-0.0172338 0.000267832 0)
(-0.0175342 0.000165887 0)
(-0.017691 6.13309e-05 0)
(-0.0177016 -4.45131e-05 0)
(-0.0175651 -0.000150283 0)
(-0.0172828 -0.000254578 0)
(-0.0168577 -0.000355951 0)
(-0.0162952 -0.000452916 0)
(-0.0156024 -0.000543952 0)
(-0.0147887 -0.000627515 0)
(-0.0138657 -0.000702043 0)
(-0.012847 -0.000765975 0)
(-0.0117483 -0.000817774 0)
(-0.0105873 -0.000855952 0)
(-0.00938371 -0.000879093 0)
(-0.00815891 -0.000885889 0)
(-0.00693585 -0.00087518 0)
(-0.00573875 -0.000845997 0)
(-0.00459271 -0.000797626 0)
(-0.00352326 -0.000729697 0)
(-0.00255567 -0.000642324 0)
(-0.00171404 -0.000536349 0)
(-0.00101997 -0.000413785 0)
(-0.000490575 -0.000278696 0)
(-0.000135499 -0.000138842 0)
(4.81011e-05 -8.62635e-06 0)
(8.59111e-05 8.48432e-05 0)
(3.67305e-05 8.79659e-05 0)
(1.86414e-05 -0.000118957 0)
(-1.65163e-05 -2.66496e-05 0)
(-0.000227007 0.000233273 0)
(-0.000660148 0.000564586 0)
(-0.00133696 0.000914403 0)
(-0.00225743 0.00125119 0)
(-0.00340645 0.00155641 0)
(-0.00475919 0.00181976 0)
(-0.00628489 0.00203599 0)
(-0.00794943 0.00220297 0)
(-0.00971722 0.00232054 0)
(-0.0115524 0.00238982 0)
(-0.0134198 0.00241273 0)
(-0.0152856 0.00239175 0)
(-0.0171176 0.00232972 0)
(-0.0188857 0.00222968 0)
(-0.020562 0.00209485 0)
(-0.0221212 0.00192852 0)
(-0.0235401 0.00173404 0)
(-0.0247983 0.00151479 0)
(-0.0258781 0.00127419 0)
(-0.0267643 0.0010157 0)
(-0.0274444 0.000742831 0)
(-0.0279088 0.00045915 0)
(-0.0281504 0.000168296 0)
(-0.0281654 -0.000126006 0)
(-0.0279526 -0.000419928 0)
(-0.0275139 -0.00070954 0)
(-0.0268544 -0.000990807 0)
(-0.0259822 -0.0012596 0)
(-0.0249087 -0.00151172 0)
(-0.0236485 -0.00174291 0)
(-0.0222193 -0.0019489 0)
(-0.0206422 -0.00212546 0)
(-0.0189414 -0.00226846 0)
(-0.017144 -0.00237394 0)
(-0.0152799 -0.0024382 0)
(-0.0133816 -0.00245789 0)
(-0.0114838 -0.00243017 0)
(-0.00962258 -0.00235281 0)
(-0.00783532 -0.00222444 0)
(-0.00615943 -0.00204482 0)
(-0.00463145 -0.00181522 0)
(-0.00328558 -0.00153912 0)
(-0.00215171 -0.00122326 0)
(-0.00125278 -0.000879469 0)
(-0.000601093 -0.000527695 0)
(-0.00019311 -0.000200619 0)
(-3.37034e-06 4.84245e-05 0)
(2.08425e-05 0.000125484 0)
(-6.02629e-06 -9.0499e-05 0)
(-0.000145394 0.000170354 0)
(-0.000554276 0.000665071 0)
(-0.0012561 0.00126441 0)
(-0.00226183 0.00189119 0)
(-0.00356766 0.00249552 0)
(-0.00515407 0.0030458 0)
(-0.00699056 0.00352304 0)
(-0.00903955 0.00391656 0)
(-0.0112591 0.00422125 0)
(-0.0136051 0.00443573 0)
(-0.0160325 0.00456114 0)
(-0.0184969 0.00460041 0)
(-0.0209553 0.0045576 0)
(-0.0233663 0.00443765 0)
(-0.0256914 0.004246 0)
(-0.0278944 0.0039885 0)
(-0.0299425 0.00367125 0)
(-0.0318055 0.00330051 0)
(-0.0334571 0.00288267 0)
(-0.034874 0.00242422 0)
(-0.0360364 0.00193176 0)
(-0.0369281 0.00141198 0)
(-0.0375364 0.000871712 0)
(-0.0378525 0.000317922 0)
(-0.0378712 -0.000242257 0)
(-0.0375911 -0.000801519 0)
(-0.0370149 -0.00135237 0)
(-0.0361491 -0.00188714 0)
(-0.0350046 -0.002398 0)
(-0.0335961 -0.00287701 0)
(-0.0319427 -0.00331616 0)
(-0.0300676 -0.00370745 0)
(-0.0279981 -0.00404298 0)
(-0.0257654 -0.00431511 0)
(-0.0234046 -0.00451655 0)
(-0.0209542 -0.00464058 0)
(-0.0184559 -0.00468123 0)
(-0.0159537 -0.00463355 0)
(-0.0134937 -0.00449393 0)
(-0.0111229 -0.00426045 0)
(-0.00888825 -0.00393346 0)
(-0.00683513 -0.00351632 0)
(-0.00500567 -0.00301649 0)
(-0.00343652 -0.00244721 0)
(-0.00215608 -0.00183009 0)
(-0.00118068 -0.00119915 0)
(-0.000509981 -0.000606121 0)
(-0.000127537 -0.000129015 0)
(-2.7471e-06 0.000105218 0)
(-3.16172e-05 1.09659e-05 0)
(-0.000284074 0.000539133 0)
(-0.000909548 0.00134334 0)
(-0.00189931 0.00227229 0)
(-0.0032486 0.00322938 0)
(-0.00494644 0.00414856 0)
(-0.00696701 0.00498568 0)
(-0.00927359 0.00571271 0)
(-0.0118222 0.0063129 0)
(-0.0145642 0.00677748 0)
(-0.0174482 0.00710333 0)
(-0.0204217 0.00729131 0)
(-0.0234327 0.00734519 0)
(-0.0264305 0.00727072 0)
(-0.0293663 0.00707513 0)
(-0.0321942 0.00676664 0)
(-0.0348715 0.0063542 0)
(-0.0373586 0.00584724 0)
(-0.0396199 0.00525557 0)
(-0.0416237 0.00458922 0)
(-0.0433421 0.00385848 0)
(-0.0447514 0.0030738 0)
(-0.0458322 0.00224585 0)
(-0.0465694 0.00138547 0)
(-0.0469524 0.000503789 0)
(-0.0469749 -0.000387856 0)
(-0.0466354 -0.00127784 0)
(-0.0459372 -0.00215425 0)
(-0.0448881 -0.00300495 0)
(-0.0435011 -0.00381755 0)
(-0.041794 -0.00457952 0)
(-0.0397897 -0.00527826 0)
(-0.0375157 -0.00590122 0)
(-0.0350048 -0.00643608 0)
(-0.032294 -0.00687095 0)
(-0.0294252 -0.00719459 0)
(-0.0264439 -0.00739673 0)
(-0.0233993 -0.00746836 0)
(-0.0203437 -0.0074022 0)
(-0.017331 -0.00719317 0)
(-0.0144165 -0.00683898 0)
(-0.0116549 -0.00634099 0)
(-0.00909915 -0.00570524 0)
(-0.00679835 -0.00494398 0)
(-0.00479563 -0.00407775 0)
(-0.00312554 -0.00313848 0)
(-0.00181041 -0.0021739 0)
(-0.000856574 -0.00125292 0)
(-0.00026232 -0.000473668 0)
(-2.74838e-05 1.41806e-05 0)
(-5.58469e-05 0.000185738 0)
(-0.000421684 0.00108654 0)
(-0.00126897 0.00227949 0)
(-0.0025541 0.00360038 0)
(-0.00425345 0.00493847 0)
(-0.00634629 0.00621456 0)
(-0.00879867 0.00737353 0)
(-0.0115666 0.00837888 0)
(-0.0145995 0.00920786 0)
(-0.017842 0.00984788 0)
(-0.0212365 0.0102939 0)
(-0.0247238 0.0105463 0)
(-0.0282454 0.0106098 0)
(-0.0317439 0.0104917 0)
(-0.0351646 0.0102019 0)
(-0.0384552 0.00975164 0)
(-0.0415672 0.0091533 0)
(-0.0444559 0.00842013 0)
(-0.0470807 0.00756597 0)
(-0.0494054 0.00660511 0)
(-0.0513982 0.00555217 0)
(-0.0530323 0.00442211 0)
(-0.0542854 0.0032302 0)
(-0.0551404 0.00199201 0)
(-0.055585 0.000723448 0)
(-0.0556122 -0.000559198 0)
(-0.0552203 -0.00183928 0)
(-0.0544128 -0.00309977 0)
(-0.053199 -0.00432331 0)
(-0.0515934 -0.00549224 0)
(-0.0496164 -0.00658869 0)
(-0.0472938 -0.00759478 0)
(-0.0446572 -0.00849272 0)
(-0.0417435 -0.00926511 0)
(-0.038595 -0.00989521 0)
(-0.0352588 -0.0103673 0)
(-0.0317868 -0.010667 0)
(-0.0282345 -0.010782 0)
(-0.0246609 -0.0107025 0)
(-0.0211271 -0.0104218 0)
(-0.0176951 -0.0099373 0)
(-0.0144268 -0.00925153 0)
(-0.0113822 -0.00837351 0)
(-0.00861697 -0.00732054 0)
(-0.0061813 -0.00612056 0)
(-0.00411696 -0.0048154 0)
(-0.00245423 -0.00346519 0)
(-0.00120873 -0.00215327 0)
(-0.000396627 -0.000993072 0)
(-5.09945e-05 -0.000148241 0)
(-7.81374e-05 0.000430659 0)
(-0.000553934 0.00181127 0)
(-0.00162128 0.00347523 0)
(-0.0032021 0.00525202 0)
(-0.00525266 0.00702131 0)
(-0.00774077 0.00869398 0)
(-0.0106228 0.010206 0)
(-0.0138465 0.0115134 0)
(-0.0173538 0.0125883 0)
(-0.0210829 0.0134144 0)
(-0.0249696 0.0139849 0)
(-0.0289489 0.0143 0)
(-0.0329562 0.0143651 0)
(-0.0369285 0.0141897 0)
(-0.0408055 0.0137861 0)
(-0.0445298 0.013169 0)
(-0.048048 0.0123547 0)
(-0.0513107 0.0113605 0)
(-0.0542733 0.0102048 0)
(-0.0568958 0.00890656 0)
(-0.0591433 0.00748527 0)
(-0.0609859 0.00596089 0)
(-0.0623993 0.00435385 0)
(-0.0633642 0.00268499 0)
(-0.0638674 0.00097561 0)
(-0.0639008 -0.000752505 0)
(-0.0634627 -0.00247708 0)
(-0.0625568 -0.00417537 0)
(-0.0611931 -0.00582418 0)
(-0.0593878 -0.00739995 0)
(-0.057163 -0.00887889 0)
(-0.0545473 -0.0102372 0)
(-0.0515753 -0.0114513 0)
(-0.0482876 -0.012498 0)
(-0.0447306 -0.0133554 0)
(-0.0409564 -0.0140025 0)
(-0.0370218 -0.0144208 0)
(-0.0329881 -0.014594 0)
(-0.0289201 -0.0145095 0)
(-0.0248851 -0.0141589 0)
(-0.0209519 -0.0135391 0)
(-0.0171888 -0.0126539 0)
(-0.0136626 -0.011515 0)
(-0.0104363 -0.0101448 0)
(-0.00756766 -0.0085779 0)
(-0.00510689 -0.00686526 0)
(-0.0030938 -0.0050776 0)
(-0.00155507 -0.00330986 0)
(-0.000526025 -0.00168656 0)
(-7.26363e-05 -0.000379159 0)
(-9.85969e-05 0.000741888 0)
(-0.000679862 0.00270866 0)
(-0.00196256 0.00492749 0)
(-0.00383589 0.00722569 0)
(-0.00623595 0.009477 0)
(-0.00911809 0.0115852 0)
(-0.012428 0.0134795 0)
(-0.0161039 0.0151101 0)
(-0.0200799 0.0164446 0)
(-0.0242871 0.0174641 0)
(-0.0286548 0.0181603 0)
(-0.0331121 0.0185333 0)
(-0.0375888 0.0185898 0)
(-0.0420167 0.0183414 0)
(-0.0463306 0.0178035 0)
(-0.0504684 0.0169944 0)
(-0.0543726 0.0159345 0)
(-0.05799 0.0146457 0)
(-0.0612722 0.0131513 0)
(-0.0641762 0.0114753 0)
(-0.0666642 0.00964246 0)
(-0.0687041 0.00767823 0)
(-0.0702695 0.00560862 0)
(-0.0713396 0.0034602 0)
(-0.0718999 0.00126012 0)
(-0.0719419 -0.000963851 0)
(-0.0714632 -0.00318333 0)
(-0.0704679 -0.00536935 0)
(-0.0689666 -0.00749237 0)
(-0.0669764 -0.00952243 0)
(-0.0645211 -0.0114293 0)
(-0.0616313 -0.0131827 0)
(-0.0583441 -0.0147527 0)
(-0.0547033 -0.01611 0)
(-0.0507587 -0.0172267 0)
(-0.0465665 -0.0180765 0)
(-0.0421881 -0.0186357 0)
(-0.0376897 -0.0188842 0)
(-0.0331417 -0.0188059 0)
(-0.0286172 -0.0183905 0)
(-0.0241912 -0.0176341 0)
(-0.0199387 -0.0165412 0)
(-0.0159337 -0.0151262 0)
(-0.0122468 -0.0134157 0)
(-0.00894426 -0.0114504 0)
(-0.00608584 -0.00928908 0)
(-0.00372211 -0.00701117 0)
(-0.00189181 -0.00472072 0)
(-0.000649537 -0.00255014 0)
(-9.2491e-05 -0.000674935 0)
(-0.000117572 0.00111583 0)
(-0.000800062 0.00377323 0)
(-0.00229282 0.00663146 0)
(-0.00445444 0.00951803 0)
(-0.00720131 0.0123033 0)
(-0.0104759 0.0148866 0)
(-0.0142124 0.0171919 0)
(-0.0183389 0.0191656 0)
(-0.0227809 0.0207718 0)
(-0.0274619 0.0219897 0)
(-0.0323045 0.0228103 0)
(-0.0372317 0.0232344 0)
(-0.042168 0.0232701 0)
(-0.0470402 0.0229318 0)
(-0.0517784 0.0222381 0)
(-0.0563166 0.0212114 0)
(-0.0605934 0.0198765 0)
(-0.0645521 0.0182603 0)
(-0.0681416 0.0163913 0)
(-0.071316 0.0142988 0)
(-0.0740352 0.0120134 0)
(-0.076265 0.00956632 0)
(-0.0779774 0.00698949 0)
(-0.0791502 0.00431558 0)
(-0.0797679 0.00157798 0)
(-0.0798212 -0.0011892 0)
(-0.0793074 -0.00395106 0)
(-0.0782306 -0.00667201 0)
(-0.0766017 -0.00931576 0)
(-0.0744386 -0.0118455 0)
(-0.0717662 -0.0142241 0)
(-0.0686167 -0.0164144 0)
(-0.0650292 -0.0183796 0)
(-0.06105 -0.0200838 0)
(-0.0567321 -0.0214925 0)
(-0.0521351 -0.0225735 0)
(-0.0473244 -0.023298 0)
(-0.0423711 -0.0236408 0)
(-0.0373505 -0.0235824 0)
(-0.0323415 -0.0231099 0)
(-0.0274253 -0.022218 0)
(-0.0226841 -0.0209117 0)
(-0.0181991 -0.0192072 0)
(-0.0140495 -0.0171344 0)
(-0.0103108 -0.0147394 0)
(-0.00705319 -0.0120872 0)
(-0.00433893 -0.00926453 0)
(-0.00221934 -0.00638246 0)
(-0.000767871 -0.00357912 0)
(-0.000110911 -0.0010322 0)
(-0.00013546 0.00154957 0)
(-0.00091579 0.00500001 0)
(-0.00261409 0.00858242 0)
(-0.00506025 0.0121256 0)
(-0.00815164 0.0154983 0)
(-0.0118177 0.0185969 0)
(-0.0159806 0.0213426 0)
(-0.0205579 0.0236788 0)
(-0.0254656 0.0255679 0)
(-0.0306193 0.026988 0)
(-0.0359345 0.0279304 0)
(-0.041328 0.0283971 0)
(-0.0467188 0.0283985 0)
(-0.052029 0.027952 0)
(-0.0571842 0.0270802 0)
(-0.0621147 0.0258097 0)
(-0.0667556 0.0241703 0)
(-0.0710475 0.0221942 0)
(-0.0749364 0.0199154 0)
(-0.0783742 0.017369 0)
(-0.0813187 0.0145917 0)
(-0.0837342 0.0116206 0)
(-0.0855911 0.00849395 0)
(-0.086866 0.00525086 0)
(-0.0875425 0.00193119 0)
(-0.0876106 -0.00142429 0)
(-0.0870671 -0.00477389 0)
(-0.0859159 -0.00807506 0)
(-0.084168 -0.0112844 0)
(-0.0818418 -0.014358 0)
(-0.078963 -0.0172513 0)
(-0.0755647 -0.0199199 0)
(-0.0716879 -0.0223196 0)
(-0.0673808 -0.0244074 0)
(-0.062699 -0.0261419 0)
(-0.0577052 -0.0274844 0)
(-0.0524687 -0.0284 0)
(-0.0470647 -0.0288585 0)
(-0.0415736 -0.0288359 0)
(-0.0360802 -0.0283159 0)
(-0.0306721 -0.0272918 0)
(-0.0254386 -0.0257677 0)
(-0.0204693 -0.0237609 0)
(-0.0158524 -0.0213041 0)
(-0.0116732 -0.0184474 0)
(-0.00801364 -0.0152607 0)
(-0.00494792 -0.0118367 0)
(-0.00254027 -0.00829217 0)
(-0.000882485 -0.00476959 0)
(-0.000128322 -0.00144834 0)
(-0.000152632 0.00204104 0)
(-0.00102852 0.00638532 0)
(-0.00292932 0.0107768 0)
(-0.00565767 0.0150458 0)
(-0.00909255 0.0190606 0)
(-0.0131504 0.0227162 0)
(-0.017741 0.0259322 0)
(-0.0227708 0.0286507 0)
(-0.0281461 0.0308334 0)
(-0.0337739 0.0324588 0)
(-0.0395623 0.0335193 0)
(-0.0454217 0.034019 0)
(-0.0512655 0.0339713 0)
(-0.0570109 0.0333974 0)
(-0.0625795 0.0323241 0)
(-0.067898 0.0307831 0)
(-0.0728984 0.0288096 0)
(-0.0775185 0.0264413 0)
(-0.0817021 0.0237181 0)
(-0.0853992 0.0206813 0)
(-0.088566 0.0173736 0)
(-0.0911652 0.0138388 0)
(-0.0931659 0.0101214 0)
(-0.0945439 0.00626716 0)
(-0.0952816 0.00232261 0)
(-0.0953685 -0.00166458 0)
(-0.0948007 -0.00564571 0)
(-0.0935819 -0.00957105 0)
(-0.0917229 -0.0133899 0)
(-0.0892421 -0.0170507 0)
(-0.0861657 -0.0205013 0)
(-0.0825276 -0.0236896 0)
(-0.0783698 -0.0265637 0)
(-0.0737422 -0.0290729 0)
(-0.0687027 -0.0311683 0)
(-0.0633166 -0.0328041 0)
(-0.0576567 -0.0339388 0)
(-0.0518025 -0.0345362 0)
(-0.0458394 -0.0345672 0)
(-0.0398579 -0.0340117 0)
(-0.0339525 -0.0328599 0)
(-0.0282202 -0.0311147 0)
(-0.0227593 -0.0287936 0)
(-0.0176676 -0.0259306 0)
(-0.0130416 -0.0225788 0)
(-0.00897498 -0.0188124 0)
(-0.0055548 -0.0147285 0)
(-0.0028583 -0.0104486 0)
(-0.000995131 -0.00611925 0)
(-0.000145143 -0.0019217 0)
(-0.000169422 0.002589 0)
(-0.00113975 0.00792701 0)
(-0.00324178 0.0132128 0)
(-0.00625187 0.0182779 0)
(-0.010031 0.0229908 0)
(-0.0144825 0.0272461 0)
(-0.0195039 0.0309631 0)
(-0.0249897 0.034084 0)
(-0.0308363 0.0365711 0)
(-0.0369415 0.0384043 0)
(-0.0432058 0.0395784 0)
(-0.0495328 0.0401005 0)
(-0.0558304 0.0399879 0)
(-0.0620108 0.0392662 0)
(-0.0679916 0.0379675 0)
(-0.0736962 0.0361287 0)
(-0.0790536 0.033791 0)
(-0.0839994 0.0309982 0)
(-0.0884753 0.0277963 0)
(-0.0924296 0.0242331 0)
(-0.0958173 0.0203578 0)
(-0.0985997 0.0162206 0)
(-0.100745 0.0118728 0)
(-0.102228 0.0073667 0)
(-0.10303 0.00275586 0)
(-0.10314 -0.00190512 0)
(-0.102554 -0.0065604 0)
(-0.101274 -0.0111529 0)
(-0.0993118 -0.0156243 0)
(-0.0966843 -0.0199153 0)
(-0.0934183 -0.0239659 0)
(-0.089548 -0.0277159 0)
(-0.0851161 -0.0311051 0)
(-0.0801738 -0.0340747 0)
(-0.0747807 -0.0365677 0)
(-0.0690047 -0.0385306 0)
(-0.0629217 -0.0399143 0)
(-0.0566152 -0.040676 0)
(-0.0501758 -0.0407807 0)
(-0.0437 -0.0402031 0)
(-0.0372892 -0.0389298 0)
(-0.0310487 -0.0369612 0)
(-0.0250861 -0.0343137 0)
(-0.0195099 -0.0310219 0)
(-0.0144279 -0.0271408 0)
(-0.00994664 -0.0227474 0)
(-0.00616636 -0.0179429 0)
(-0.0031776 -0.0128529 0)
(-0.00110763 -0.00762771 0)
(-0.000161765 -0.00245163 0)
(-0.000186128 0.003193 0)
(-0.0012509 0.00962455 0)
(-0.00355476 0.0158905 0)
(-0.00684817 0.021823 0)
(-0.0109743 0.0272912 0)
(-0.0158234 0.03219 0)
(-0.0212801 0.0364395 0)
(-0.0272272 0.0399832 0)
(-0.0335501 0.0427853 0)
(-0.0401375 0.0448285 0)
(-0.0468818 0.0461108 0)
(-0.0536797 0.0466438 0)
(-0.0604332 0.0464495 0)
(-0.0670497 0.0455588 0)
(-0.073443 0.0440097 0)
(-0.079533 0.0418453 0)
(-0.0852462 0.039113 0)
(-0.0905162 0.0358631 0)
(-0.095283 0.0321485 0)
(-0.0994935 0.0280235 0)
(-0.103102 0.0235438 0)
(-0.106068 0.0187666 0)
(-0.108359 0.0137497 0)
(-0.109949 0.00855248 0)
(-0.11082 0.00323515 0)
(-0.110959 -0.00214055 0)
(-0.11036 -0.00751156 0)
(-0.109027 -0.0128133 0)
(-0.106968 -0.01798 0)
(-0.104202 -0.0229441 0)
(-0.100754 -0.0276377 0)
(-0.0966593 -0.0319918 0)
(-0.0919599 -0.035938 0)
(-0.0867081 -0.0394084 0)
(-0.0809648 -0.0423376 0)
(-0.0748002 -0.0446634 0)
(-0.0682931 -0.0463285 0)
(-0.061531 -0.0472823 0)
(-0.0546094 -0.0474827 0)
(-0.0476311 -0.0468986 0)
(-0.0407049 -0.0455114 0)
(-0.0339448 -0.043318 0)
(-0.0274683 -0.0403325 0)
(-0.0213949 -0.036589 0)
(-0.0158452 -0.032143 0)
(-0.0109387 -0.0270739 0)
(-0.00678975 -0.0214859 0)
(-0.00350242 -0.0155086 0)
(-0.00122178 -0.00929673 0)
(-0.000178545 -0.00303847 0)
(-0.000203003 0.00385335 0)
(-0.00136326 0.011479 0)
(-0.00387136 0.0188119 0)
(-0.00745178 0.0256844 0)
(-0.0119297 0.031966 0)
(-0.0171822 0.037553 0)
(-0.0230806 0.042367 0)
(-0.0294954 0.0463541 0)
(-0.036301 0.0494816 0)
(-0.0433765 0.0517362 0)
(-0.0506056 0.0531208 0)
(-0.0578782 0.0536521 0)
(-0.0650903 0.0533581 0)
(-0.0721445 0.0522762 0)
(-0.0789506 0.0504508 0)
(-0.0854255 0.0479322 0)
(-0.0914936 0.0447744 0)
(-0.0970864 0.0410351 0)
(-0.102143 0.0367738 0)
(-0.106608 0.0320518 0)
(-0.110437 0.026932 0)
(-0.113587 0.021478 0)
(-0.116026 0.0157547 0)
(-0.117727 0.00982799 0)
(-0.11867 0.00376521 0)
(-0.118843 -0.002365 0)
(-0.118238 -0.00849235 0)
(-0.116859 -0.0145449 0)
(-0.114713 -0.0204488 0)
(-0.111817 -0.026129 0)
(-0.108196 -0.0315087 0)
(-0.103885 -0.0365103 0)
(-0.0989249 -0.0410564 0)
(-0.0933693 -0.0450698 0)
(-0.0872798 -0.0484758 0)
(-0.0807281 -0.0512025 0)
(-0.073796 -0.0531837 0)
(-0.0665746 -0.0543599 0)
(-0.0591645 -0.0546809 0)
(-0.0516747 -0.0541079 0)
(-0.0442217 -0.0526164 0)
(-0.0369288 -0.0501981 0)
(-0.0299239 -0.0468637 0)
(-0.0233386 -0.0426453 0)
(-0.0173065 -0.0375981 0)
(-0.0119614 -0.0318028 0)
(-0.00743212 -0.0253664 0)
(-0.00383696 -0.0184224 0)
(-0.00133928 -0.0111301 0)
(-0.000195807 -0.00368345 0)
(-0.000220267 0.00457096 0)
(-0.00147801 0.0134929 0)
(-0.00419446 0.021981 0)
(-0.00806753 0.0298672 0)
(-0.0129041 0.0370216 0)
(-0.0185675 0.043342 0)
(-0.0249154 0.0487529 0)
(-0.0318057 0.0532037 0)
(-0.0391013 0.0566665 0)
(-0.0466709 0.0591332 0)
(-0.0543901 0.0606128 0)
(-0.062141 0.0611286 0)
(-0.0698139 0.0607159 0)
(-0.0773067 0.0594192 0)
(-0.0845253 0.0572909 0)
(-0.091384 0.0543885 0)
(-0.097805 0.050774 0)
(-0.103718 0.0465124 0)
(-0.109062 0.0416707 0)
(-0.113781 0.0363174 0)
(-0.117828 0.0305223 0)
(-0.121163 0.0243559 0)
(-0.123751 0.0178898 0)
(-0.125565 0.0111969 0)
(-0.126585 0.00435106 0)
(-0.126798 -0.0025721 0)
(-0.126195 -0.00949523 0)
(-0.124778 -0.016339 0)
(-0.122554 -0.0230219 0)
(-0.119538 -0.0294606 0)
(-0.115755 -0.0355699 0)
(-0.111236 -0.0412632 0)
(-0.106025 -0.0464533 0)
(-0.100173 -0.0510536 0)
(-0.0937428 -0.0549789 0)
(-0.0868071 -0.0581474 0)
(-0.0794501 -0.0604822 0)
(-0.0717666 -0.061914 0)
(-0.0638619 -0.062383 0)
(-0.0558514 -0.0618417 0)
(-0.0478599 -0.0602576 0)
(-0.0400198 -0.0576161 0)
(-0.0324706 -0.0539229 0)
(-0.0253564 -0.0492067 0)
(-0.0188248 -0.0435215 0)
(-0.0130247 -0.0369483 0)
(-0.00810042 -0.0295964 0)
(-0.00418523 -0.0216033 0)
(-0.00146174 -0.0131338 0)
(-0.000213845 -0.00438869 0)
(-0.00023811 0.00534736 0)
(-0.00159618 0.0156702 0)
(-0.00452664 0.0254037 0)
(-0.00869988 0.0343787 0)
(-0.0139037 0.042466 0)
(-0.0199871 0.0495656 0)
(-0.0267938 0.0556055 0)
(-0.0341681 0.06054 0)
(-0.0419611 0.0643469 0)
(-0.0500312 0.0670251 0)
(-0.0582448 0.068591 0)
(-0.066477 0.0690761 0)
(-0.0746117 0.0685239 0)
(-0.0825423 0.0669877 0)
(-0.0901714 0.0645283 0)
(-0.0974107 0.061212 0)
(-0.104181 0.057109 0)
(-0.110411 0.0522923 0)
(-0.116038 0.0468367 0)
(-0.121007 0.0408182 0)
(-0.12527 0.0343137 0)
(-0.128788 0.0274005 0)
(-0.131525 0.0201571 0)
(-0.133455 0.0126627 0)
(-0.134557 0.00499793 0)
(-0.134815 -0.00275501 0)
(-0.134222 -0.0105119 0)
(-0.132777 -0.0181861 0)
(-0.130486 -0.0256887 0)
(-0.127362 -0.0329281 0)
(-0.123429 -0.0398104 0)
(-0.118716 -0.04624 0)
(-0.113264 -0.0521197 0)
(-0.107126 -0.0573523 0)
(-0.100363 -0.061842 0)
(-0.0930482 -0.0654954 0)
(-0.0852688 -0.0682245 0)
(-0.0771221 -0.0699484 0)
(-0.0687182 -0.0705963 0)
(-0.060179 -0.0701102 0)
(-0.0516371 -0.0684483 0)
(-0.0432354 -0.0655876 0)
(-0.0351247 -0.0615274 0)
(-0.0274628 -0.0562915 0)
(-0.0204122 -0.0499313 0)
(-0.0141381 -0.0425273 0)
(-0.00880125 -0.0341908 0)
(-0.00455106 -0.0250632 0)
(-0.00159067 -0.0153155 0)
(-0.000232928 -0.00515712 0)
(-0.0002567 0.00618455 0)
(-0.00171872 0.0180159 0)
(-0.00487025 0.0290873 0)
(-0.00935278 0.0392278 0)
(-0.0149341 0.0483089 0)
(-0.021448 0.0562335 0)
(-0.0287235 0.0629342 0)
(-0.036591 0.0683711 0)
(-0.0448889 0.0725297 0)
(-0.0534648 0.075417 0)
(-0.0621762 0.0770586 0)
(-0.0708905 0.0774956 0)
(-0.0794859 0.0767813 0)
(-0.0878513 0.0749791 0)
(-0.095886 0.0721593 0)
(-0.1035 0.0683978 0)
(-0.110612 0.063774 0)
(-0.117151 0.0583694 0)
(-0.123055 0.052267 0)
(-0.128268 0.0455504 0)
(-0.132743 0.0383036 0)
(-0.136441 0.030611 0)
(-0.139327 0.0225574 0)
(-0.141374 0.0142284 0)
(-0.14256 0.00571098 0)
(-0.142871 -0.00290641 0)
(-0.142296 -0.0115329 0)
(-0.140834 -0.0200752 0)
(-0.138489 -0.0284368 0)
(-0.135271 -0.0365181 0)
(-0.131202 -0.0442168 0)
(-0.12631 -0.0514275 0)
(-0.120633 -0.0580431 0)
(-0.114222 -0.0639554 0)
(-0.107138 -0.0690566 0)
(-0.0994541 -0.0732412 0)
(-0.0912581 -0.0764086 0)
(-0.0826503 -0.0784648 0)
(-0.0737452 -0.0793263 0)
(-0.0646709 -0.078923 0)
(-0.0555683 -0.0772016 0)
(-0.0465904 -0.0741289 0)
(-0.0379007 -0.0696957 0)
(-0.0296711 -0.0639196 0)
(-0.0220802 -0.0568478 0)
(-0.0153105 -0.0485595 0)
(-0.00954088 -0.0391671 0)
(-0.00493806 -0.0288163 0)
(-0.00172748 -0.0176849 0)
(-0.000253312 -0.00599242 0)
(-0.00027619 0.00708501 0)
(-0.00184645 0.0205364 0)
(-0.00522739 0.0330407 0)
(-0.0100298 0.0444248 0)
(-0.0160002 0.0545614 0)
(-0.0229563 0.0633566 0)
(-0.0307113 0.0707487 0)
(-0.0390808 0.0767054 0)
(-0.0478904 0.081221 0)
(-0.0569763 0.0843126 0)
(-0.0661867 0.0860168 0)
(-0.0753815 0.0863859 0)
(-0.0844332 0.0854847 0)
(-0.0932265 0.0833879 0)
(-0.101658 0.0801768 0)
(-0.109636 0.0759379 0)
(-0.117079 0.0707604 0)
(-0.123917 0.064735 0)
(-0.130086 0.0579534 0)
(-0.135533 0.0505069 0)
(-0.140213 0.0424868 0)
(-0.144085 0.0339842 0)
(-0.147116 0.0250901 0)
(-0.14928 0.0158962 0)
(-0.150554 0.00649513 0)
(-0.150923 -0.00301862 0)
(-0.150377 -0.0125482 0)
(-0.14891 -0.0219936 0)
(-0.146525 -0.0312515 0)
(-0.143231 -0.0402147 0)
(-0.139045 -0.048772 0)
(-0.133993 -0.0568088 0)
(-0.128111 -0.0642073 0)
(-0.121446 -0.0708478 0)
(-0.114057 -0.0766101 0)
(-0.106018 -0.0813753 0)
(-0.0974158 -0.0850285 0)
(-0.0883534 -0.0874614 0)
(-0.0789488 -0.0885759 0)
(-0.0693361 -0.0882875 0)
(-0.0596644 -0.0865292 0)
(-0.0500973 -0.0832556 0)
(-0.0408111 -0.078447 0)
(-0.0319932 -0.0721124 0)
(-0.0238391 -0.0642936 0)
(-0.0165504 -0.0550669 0)
(-0.0103252 -0.0445455 0)
(-0.00534965 -0.0328793 0)
(-0.00187354 -0.0202534 0)
(-0.000275235 -0.006899 0)
(-0.000296714 0.00805164 0)
(-0.00198015 0.0232387 0)
(-0.00559999 0.0372739 0)
(-0.0107343 0.0499815 0)
(-0.0171064 0.0612355 0)
(-0.024517 0.0709463 0)
(-0.0327624 0.0790589 0)
(-0.0416425 0.0855503 0)
(-0.0509691 0.0904254 0)
(-0.060567 0.0937135 0)
(-0.0702746 0.0954639 0)
(-0.0799446 0.0957422 0)
(-0.089444 0.0946264 0)
(-0.0986537 0.0922041 0)
(-0.107468 0.088569 0)
(-0.115795 0.0838192 0)
(-0.123553 0.0780547 0)
(-0.130672 0.071376 0)
(-0.137092 0.0638837 0)
(-0.142759 0.0556772 0)
(-0.147631 0.0468549 0)
(-0.151668 0.0375144 0)
(-0.154839 0.0277526 0)
(-0.157117 0.0176667 0)
(-0.158481 0.00735469 0)
(-0.158915 -0.0030837 0)
(-0.158406 -0.0135461 0)
(-0.156949 -0.0239267 0)
(-0.154542 -0.0341155 0)
(-0.151192 -0.0439981 0)
(-0.146912 -0.053455 0)
(-0.141724 -0.062362 0)
(-0.135661 -0.0705906 0)
(-0.128766 -0.0780093 0)
(-0.121096 -0.0844843 0)
(-0.112722 -0.0898825 0)
(-0.10373 -0.0940732 0)
(-0.0942255 -0.096932 0)
(-0.0843283 -0.0983439 0)
(-0.0741781 -0.0982078 0)
(-0.0639323 -0.0964408 0)
(-0.0537651 -0.0929826 0)
(-0.0438664 -0.0878002 0)
(-0.0344394 -0.0808922 0)
(-0.0256984 -0.0722926 0)
(-0.0178654 -0.0620737 0)
(-0.0111598 -0.0503486 0)
(-0.00578909 -0.037271 0)
(-0.00203015 -0.023034 0)
(-0.000298932 -0.00788193 0)
(-0.000318407 0.00908771 0)
(-0.00212056 0.026131 0)
(-0.00598987 0.0417982 0)
(-0.0114691 0.0559108 0)
(-0.0182568 0.0683443 0)
(-0.0261347 0.0790144 0)
(-0.034881 0.0878744 0)
(-0.044279 0.0949122 0)
(-0.054126 0.100146 0)
(-0.0642347 0.103618 0)
(-0.074434 0.105395 0)
(-0.0845692 0.105555 0)
(-0.0945021 0.104194 0)
(-0.104111 0.101412 0)
(-0.113288 0.0973184 0)
(-0.121942 0.0920229 0)
(-0.129992 0.0856376 0)
(-0.13737 0.0782735 0)
(-0.144018 0.0700404 0)
(-0.149885 0.0610457 0)
(-0.154931 0.0513951 0)
(-0.15912 0.0411922 0)
(-0.162421 0.0305395 0)
(-0.164809 0.0195389 0)
(-0.166263 0.00829309 0)
(-0.166767 -0.00309363 0)
(-0.166307 -0.0145142 0)
(-0.164874 -0.0258577 0)
(-0.162465 -0.0370083 0)
(-0.159083 -0.0478447 0)
(-0.154737 -0.0582396 0)
(-0.149444 -0.0680596 0)
(-0.143231 -0.0771654 0)
(-0.136138 -0.0854128 0)
(-0.128217 -0.0926543 0)
(-0.119536 -0.0987408 0)
(-0.11018 -0.103525 0)
(-0.100252 -0.106864 0)
(-0.0898751 -0.108624 0)
(-0.0791944 -0.108684 0)
(-0.0683742 -0.106943 0)
(-0.0575996 -0.103322 0)
(-0.0470742 -0.0977731 0)
(-0.0370185 -0.090281 0)
(-0.0276665 -0.0808698 0)
(-0.0192626 -0.0696059 0)
(-0.0120499 -0.056601 0)
(-0.00625956 -0.0420123 0)
(-0.00219857 -0.0260414 0)
(-0.000324633 -0.00894695 0)
(-0.000341402 0.0101969 0)
(-0.00226842 0.0292223 0)
(-0.00639882 0.0466261 0)
(-0.0122372 0.0622266 0)
(-0.0194548 0.0759013 0)
(-0.027813 0.0875725 0)
(-0.0370701 0.0972035 0)
(-0.0469916 0.104795 0)
(-0.0573595 0.110381 0)
(-0.0679741 0.114022 0)
(-0.0786543 0.115798 0)
(-0.0892385 0.11581 0)
(-0.0995841 0.114168 0)
(-0.109567 0.11099 0)
(-0.119079 0.1064 0)
(-0.128029 0.100523 0)
(-0.13634 0.0934827 0)
(-0.143947 0.0854017 0)
(-0.150794 0.0763992 0)
(-0.156835 0.066591 0)
(-0.162033 0.0560895 0)
(-0.166354 0.045004 0)
(-0.169771 0.0334419 0)
(-0.172261 0.0215092 0)
(-0.173803 0.00931247 0)
(-0.174381 -0.00304055 0)
(-0.17398 -0.015439 0)
(-0.172589 -0.0277677 0)
(-0.170202 -0.0399059 0)
(-0.166817 -0.0517264 0)
(-0.162437 -0.0630945 0)
(-0.157075 -0.0738678 0)
(-0.150751 -0.0838963 0)
(-0.1435 -0.0930233 0)
(-0.135368 -0.101086 0)
(-0.126417 -0.10792 0)
(-0.116729 -0.113358 0)
(-0.106406 -0.117237 0)
(-0.0955725 -0.119401 0)
(-0.0843755 -0.119709 0)
(-0.0729869 -0.118036 0)
(-0.0616023 -0.114283 0)
(-0.0504397 -0.108382 0)
(-0.0397373 -0.100301 0)
(-0.0297508 -0.0900509 0)
(-0.0207487 -0.0776908 0)
(-0.0130006 -0.0633292 0)
(-0.00676414 -0.047126 0)
(-0.0023801 -0.0292917 0)
(-0.000352577 -0.0101005 0)
(-0.000365844 0.0113831 0)
(-0.00242451 0.0325225 0)
(-0.00682873 0.0517711 0)
(-0.0130415 0.0689435 0)
(-0.0207042 0.0839204 0)
(-0.0295555 0.0966318 0)
(-0.0393321 0.107053 0)
(-0.0497803 0.115202 0)
(-0.0606658 0.121128 0)
(-0.071776 0.124913 0)
(-0.0829201 0.126659 0)
(-0.0939299 0.126485 0)
(-0.104659 0.124522 0)
(-0.114982 0.120907 0)
(-0.124791 0.115781 0)
(-0.133999 0.109284 0)
(-0.142531 0.101555 0)
(-0.150325 0.0927265 0)
(-0.157333 0.0829285 0)
(-0.163514 0.0722846 0)
(-0.168832 0.0609139 0)
(-0.173261 0.0489308 0)
(-0.176776 0.0364468 0)
(-0.179356 0.0235713 0)
(-0.180982 0.0104132 0)
(-0.181637 -0.00291701 0)
(-0.181306 -0.0163059 0)
(-0.179976 -0.0296354 0)
(-0.177636 -0.0427808 0)
(-0.17428 -0.0556099 0)
(-0.169906 -0.0679815 0)
(-0.164519 -0.0797449 0)
(-0.158132 -0.0907398 0)
(-0.150772 -0.100797 0)
(-0.142478 -0.109738 0)
(-0.133305 -0.117379 0)
(-0.123331 -0.123536 0)
(-0.112652 -0.128021 0)
(-0.101394 -0.130655 0)
(-0.089704 -0.13127 0)
(-0.0777612 -0.129716 0)
(-0.0657706 -0.12587 0)
(-0.0539649 -0.119639 0)
(-0.042601 -0.110971 0)
(-0.0319575 -0.0998611 0)
(-0.0223299 -0.0863567 0)
(-0.0140169 -0.0705613 0)
(-0.00730597 -0.052637 0)
(-0.00257603 -0.0328027 0)
(-0.000383016 -0.0113496 0)
(-0.000391901 0.012651 0)
(-0.00258971 0.0360426 0)
(-0.00728168 0.0572476 0)
(-0.0138852 0.0760772 0)
(-0.0220087 0.0924157 0)
(-0.0313654 0.106203 0)
(-0.0416686 0.117429 0)
(-0.0526434 0.126129 0)
(-0.0640385 0.132377 0)
(-0.0756278 0.136276 0)
(-0.0872111 0.137952 0)
(-0.098614 0.137549 0)
(-0.109687 0.13522 0)
(-0.120305 0.131122 0)
(-0.130364 0.125418 0)
(-0.139778 0.118262 0)
(-0.148479 0.109809 0)
(-0.156412 0.100204 0)
(-0.163533 0.0895873 0)
(-0.169808 0.0780899 0)
(-0.175209 0.0658369 0)
(-0.179713 0.0529476 0)
(-0.183301 0.0395364 0)
(-0.185953 0.0257148 0)
(-0.187655 0.0115934 0)
(-0.188389 -0.00271636 0)
(-0.188139 -0.0170998 0)
(-0.186889 -0.0314372 0)
(-0.184627 -0.0456015 0)
(-0.181338 -0.0594565 0)
(-0.177015 -0.0728559 0)
(-0.171654 -0.0856413 0)
(-0.165261 -0.0976427 0)
(-0.157853 -0.108678 0)
(-0.149458 -0.118553 0)
(-0.140125 -0.127067 0)
(-0.129921 -0.134011 0)
(-0.11894 -0.139174 0)
(-0.107301 -0.14235 0)
(-0.0951537 -0.143342 0)
(-0.0826808 -0.14197 0)
(-0.0700968 -0.13808 0)
(-0.0576485 -0.131552 0)
(-0.0456124 -0.122309 0)
(-0.034292 -0.110325 0)
(-0.0240121 -0.0956321 0)
(-0.0151037 -0.078327 0)
(-0.00788826 -0.0585715 0)
(-0.00278778 -0.0365935 0)
(-0.00041622 -0.012702 0)
(-0.000419773 0.0140053 0)
(-0.00276509 0.0397943 0)
(-0.00776017 0.0630715 0)
(-0.0147722 0.083644 0)
(-0.0233727 0.101401 0)
(-0.0332465 0.116294 0)
(-0.0440809 0.128332 0)
(-0.0555782 0.137572 0)
(-0.0674689 0.144113 0)
(-0.079513 0.148086 0)
(-0.0915012 0.149645 0)
(-0.103254 0.148961 0)
(-0.114621 0.146213 0)
(-0.125477 0.141584 0)
(-0.135723 0.135254 0)
(-0.14528 0.127399 0)
(-0.154086 0.118188 0)
(-0.162094 0.10778 0)
(-0.169269 0.0963246 0)
(-0.175585 0.0839606 0)
(-0.18102 0.0708189 0)
(-0.185558 0.0570221 0)
(-0.189186 0.0426868 0)
(-0.19189 0.0279254 0)
(-0.193655 0.0128484 0)
(-0.194467 -0.00243317 0)
(-0.194308 -0.017805 0)
(-0.193161 -0.0331474 0)
(-0.191007 -0.0483324 0)
(-0.187828 -0.0632218 0)
(-0.183608 -0.0776651 0)
(-0.178335 -0.0914979 0)
(-0.172004 -0.104541 0)
(-0.164619 -0.1166 0)
(-0.156199 -0.127465 0)
(-0.14678 -0.136916 0)
(-0.136421 -0.144721 0)
(-0.125204 -0.150641 0)
(-0.113243 -0.154441 0)
(-0.100688 -0.15589 0)
(-0.087722 -0.154774 0)
(-0.0745676 -0.150903 0)
(-0.0614856 -0.144124 0)
(-0.0487728 -0.134328 0)
(-0.0367588 -0.121465 0)
(-0.0258008 -0.105546 0)
(-0.016266 -0.0866569 0)
(-0.00851448 -0.064958 0)
(-0.00301685 -0.0406851 0)
(-0.000452499 -0.0141663 0)
(-0.00044971 0.0154517 0)
(-0.00295197 0.0437912 0)
(-0.00826726 0.0692602 0)
(-0.015707 0.0916614 0)
(-0.0248013 0.11089 0)
(-0.035203 0.126914 0)
(-0.0465704 0.139761 0)
(-0.058581 0.149517 0)
(-0.0709459 0.156312 0)
(-0.0834112 0.160308 0)
(-0.0957588 0.161693 0)
(-0.107805 0.160668 0)
(-0.1194 0.157442 0)
(-0.130424 0.152225 0)
(-0.140781 0.14522 0)
(-0.150402 0.136625 0)
(-0.159234 0.126623 0)
(-0.167241 0.115387 0)
(-0.174398 0.103077 0)
(-0.180687 0.08984 0)
(-0.186097 0.0758105 0)
(-0.19062 0.061114 0)
(-0.194249 0.0458677 0)
(-0.196975 0.0301834 0)
(-0.198788 0.01417 0)
(-0.199673 -0.00206364 0)
(-0.199615 -0.0184056 0)
(-0.198592 -0.034738 0)
(-0.196582 -0.0509341 0)
(-0.193561 -0.0668553 0)
(-0.189504 -0.0823488 0)
(-0.184388 -0.0972456 0)
(-0.178196 -0.111359 0)
(-0.170921 -0.124482 0)
(-0.162566 -0.136391 0)
(-0.153153 -0.146845 0)
(-0.142728 -0.155587 0)
(-0.13136 -0.162351 0)
(-0.119157 -0.166866 0)
(-0.106259 -0.168864 0)
(-0.0928519 -0.168091 0)
(-0.0791635 -0.164317 0)
(-0.0654673 -0.157348 0)
(-0.0520807 -0.147037 0)
(-0.0393613 -0.1333 0)
(-0.0277016 -0.116126 0)
(-0.0175094 -0.0955827 0)
(-0.00918843 -0.0718266 0)
(-0.00326498 -0.0451 0)
(-0.000492206 -0.0157518 0)
(-0.00048204 0.0169966 0)
(-0.00315204 0.0480482 0)
(-0.00880687 0.0758326 0)
(-0.0166956 0.100148 0)
(-0.0263011 0.120898 0)
(-0.0372404 0.138066 0)
(-0.0491389 0.15171 0)
(-0.0616473 0.161947 0)
(-0.074456 0.168943 0)
(-0.0872973 0.172899 0)
(-0.0999452 0.174039 0)
(-0.112214 0.172603 0)
(-0.123957 0.168831 0)
(-0.135058 0.162964 0)
(-0.145433 0.155232 0)
(-0.155023 0.145852 0)
(-0.163787 0.135027 0)
(-0.1717 0.122943 0)
(-0.178751 0.109769 0)
(-0.184934 0.0956595 0)
(-0.190249 0.0807522 0)
(-0.194697 0.065174 0)
(-0.198279 0.0490413 0)
(-0.200992 0.0324635 0)
(-0.20283 0.0155461 0)
(-0.203782 -0.00160619 0)
(-0.203831 -0.018886 0)
(-0.202956 -0.0361795 0)
(-0.201129 -0.0533631 0)
(-0.198317 -0.0703003 0)
(-0.194489 -0.0868383 0)
(-0.18961 -0.102805 0)
(-0.183649 -0.118007 0)
(-0.176582 -0.13223 0)
(-0.168399 -0.145233 0)
(-0.159102 -0.156754 0)
(-0.14872 -0.166514 0)
(-0.137308 -0.174212 0)
(-0.124959 -0.179543 0)
(-0.111805 -0.182195 0)
(-0.0980273 -0.18187 0)
(-0.0838574 -0.178288 0)
(-0.06958 -0.171208 0)
(-0.0555325 -0.160436 0)
(-0.0421023 -0.145848 0)
(-0.0297202 -0.127399 0)
(-0.0188398 -0.105137 0)
(-0.00991443 -0.0792091 0)
(-0.00353417 -0.0498629 0)
(-0.000535759 -0.0174689 0)
(-0.000517194 0.0186471 0)
(-0.00336753 0.0525825 0)
(-0.00938411 0.0828104 0)
(-0.0177454 0.109124 0)
(-0.0278808 0.131436 0)
(-0.0393656 0.149755 0)
(-0.0517889 0.164169 0)
(-0.0647717 0.174835 0)
(-0.0779828 0.181962 0)
(-0.0911411 0.185798 0)
(-0.104014 0.18661 0)
(-0.116417 0.184679 0)
(-0.128206 0.180286 0)
(-0.139277 0.173701 0)
(-0.149557 0.165185 0)
(-0.159001 0.154977 0)
(-0.167583 0.1433 0)
(-0.175295 0.130351 0)
(-0.182138 0.116311 0)
(-0.188122 0.101338 0)
(-0.193259 0.085573 0)
(-0.19756 0.069143 0)
(-0.201037 0.0521616 0)
(-0.203694 0.034734 0)
(-0.20553 0.01696 0)
(-0.206537 -0.00106203 0)
(-0.206701 -0.0192314 0)
(-0.205995 -0.0374408 0)
(-0.204389 -0.0555726 0)
(-0.201845 -0.0734946 0)
(-0.198319 -0.0910564 0)
(-0.193765 -0.108086 0)
(-0.188138 -0.124385 0)
(-0.181395 -0.139732 0)
(-0.173507 -0.153871 0)
(-0.164456 -0.166524 0)
(-0.154249 -0.177381 0)
(-0.142922 -0.186112 0)
(-0.130548 -0.192369 0)
(-0.117248 -0.195796 0)
(-0.103192 -0.196039 0)
(-0.0886135 -0.192766 0)
(-0.0738043 -0.185674 0)
(-0.0591216 -0.174516 0)
(-0.0449835 -0.159117 0)
(-0.0318628 -0.13939 0)
(-0.020264 -0.115353 0)
(-0.0106976 -0.0871396 0)
(-0.00382683 -0.0550007 0)
(-0.000583668 -0.0193291 0)
(-0.000555741 0.020412 0)
(-0.00360136 0.0574141 0)
(-0.0100057 0.0902181 0)
(-0.0188667 0.118611 0)
(-0.0295515 0.142519 0)
(-0.0415879 0.161978 0)
(-0.0545238 0.177117 0)
(-0.0679479 0.188142 0)
(-0.0815067 0.195313 0)
(-0.0949061 0.19893 0)
(-0.10791 0.199314 0)
(-0.120336 0.196794 0)
(-0.13205 0.191691 0)
(-0.14296 0.184315 0)
(-0.153011 0.174955 0)
(-0.162173 0.163877 0)
(-0.170441 0.15132 0)
(-0.177824 0.137497 0)
(-0.184341 0.122596 0)
(-0.190017 0.106779 0)
(-0.194879 0.0901898 0)
(-0.198952 0.0729516 0)
(-0.202256 0.0551742 0)
(-0.204806 0.0369562 0)
(-0.206606 0.0183897 0)
(-0.207654 -0.000435656 0)
(-0.207933 -0.0194284 0)
(-0.207419 -0.0384905 0)
(-0.206077 -0.0575127 0)
(-0.203861 -0.0763702 0)
(-0.200717 -0.094918 0)
(-0.196587 -0.112986 0)
(-0.191407 -0.130377 0)
(-0.185119 -0.14686 0)
(-0.177668 -0.162172 0)
(-0.169013 -0.176012 0)
(-0.159137 -0.188048 0)
(-0.14805 -0.197913 0)
(-0.135801 -0.205217 0)
(-0.122491 -0.209551 0)
(-0.108277 -0.210505 0)
(-0.0933857 -0.207678 0)
(-0.0781146 -0.200701 0)
(-0.0628382 -0.189258 0)
(-0.048006 -0.173111 0)
(-0.0341362 -0.15212 0)
(-0.0217901 -0.126264 0)
(-0.0115442 -0.0956548 0)
(-0.00414591 -0.0605431 0)
(-0.000636572 -0.0213452 0)
(-0.000598444 0.0223017 0)
(-0.0038574 0.062567 0)
(-0.0106804 0.0980843 0)
(-0.0200722 0.128633 0)
(-0.0313277 0.154159 0)
(-0.0439191 0.174731 0)
(-0.0573482 0.190529 0)
(-0.0711683 0.201818 0)
(-0.0850032 0.20892 0)
(-0.0985477 0.212201 0)
(-0.111565 0.212039 0)
(-0.123879 0.208818 0)
(-0.13537 0.202909 0)
(-0.145964 0.194661 0)
(-0.155626 0.184397 0)
(-0.164349 0.172407 0)
(-0.172149 0.158949 0)
(-0.179057 0.14425 0)
(-0.185111 0.128503 0)
(-0.190355 0.111875 0)
(-0.194833 0.0945071 0)
(-0.198583 0.0765196 0)
(-0.201638 0.0580152 0)
(-0.204022 0.0390839 0)
(-0.205747 0.0198076 0)
(-0.206813 0.000264499 0)
(-0.207208 -0.0194656 0)
(-0.206907 -0.0392967 0)
(-0.20587 -0.0591311 0)
(-0.204045 -0.0788545 0)
(-0.201369 -0.0983304 0)
(-0.197768 -0.117395 0)
(-0.193164 -0.135853 0)
(-0.187474 -0.153471 0)
(-0.180622 -0.169976 0)
(-0.172538 -0.185054 0)
(-0.163174 -0.198344 0)
(-0.15251 -0.209448 0)
(-0.140567 -0.217928 0)
(-0.127415 -0.22332 0)
(-0.113194 -0.225145 0)
(-0.0981148 -0.222929 0)
(-0.0824768 -0.216222 0)
(-0.0666684 -0.204627 0)
(-0.0511699 -0.187825 0)
(-0.0365479 -0.165608 0)
(-0.0234279 -0.137904 0)
(-0.0124618 -0.104794 0)
(-0.00449515 -0.0665229 0)
(-0.000695277 -0.0235319 0)
(-0.000646331 0.0243286 0)
(-0.00414081 0.0680699 0)
(-0.0114199 0.106443 0)
(-0.0213791 0.13922 0)
(-0.0332281 0.166367 0)
(-0.0463745 0.188003 0)
(-0.0602676 0.204367 0)
(-0.0744228 0.215797 0)
(-0.0884415 0.222692 0)
(-0.10201 0.225491 0)
(-0.114895 0.224645 0)
(-0.126934 0.220598 0)
(-0.138025 0.213775 0)
(-0.14812 0.20457 0)
(-0.157208 0.193339 0)
(-0.165309 0.180399 0)
(-0.172465 0.166026 0)
(-0.178731 0.150458 0)
(-0.184169 0.133894 0)
(-0.188843 0.116501 0)
(-0.192814 0.098417 0)
(-0.196137 0.0797563 0)
(-0.198856 0.0606122 0)
(-0.201006 0.0410638 0)
(-0.202608 0.0211801 0)
(-0.203667 0.00102564 0)
(-0.204174 -0.0193344 0)
(-0.204103 -0.0398288 0)
(-0.203413 -0.0603746 0)
(-0.202044 -0.0808712 0)
(-0.199925 -0.101194 0)
(-0.196967 -0.121191 0)
(-0.193075 -0.14067 0)
(-0.188145 -0.159402 0)
(-0.18207 -0.177107 0)
(-0.174754 -0.193459 0)
(-0.166111 -0.208075 0)
(-0.156086 -0.22052 0)
(-0.144661 -0.230311 0)
(-0.131874 -0.236924 0)
(-0.117831 -0.239806 0)
(-0.102726 -0.238395 0)
(-0.0868468 -0.232148 0)
(-0.070593 -0.220567 0)
(-0.0544739 -0.203238 0)
(-0.0391073 -0.179865 0)
(-0.0251897 -0.150306 0)
(-0.0134603 -0.114599 0)
(-0.00487929 -0.0729773 0)
(-0.000760824 -0.025906 0)
(-0.000700785 0.0265088 0)
(-0.00445845 0.073958 0)
(-0.0122394 0.115334 0)
(-0.0228095 0.150401 0)
(-0.0352765 0.179156 0)
(-0.0489726 0.201775 0)
(-0.0632878 0.218579 0)
(-0.0776973 0.229992 0)
(-0.0917815 0.236508 0)
(-0.105223 0.238653 0)
(-0.117798 0.236961 0)
(-0.129364 0.231947 0)
(-0.139846 0.224094 0)
(-0.149226 0.213842 0)
(-0.157525 0.201584 0)
(-0.164795 0.187662 0)
(-0.171108 0.17237 0)
(-0.176547 0.155953 0)
(-0.1812 0.138614 0)
(-0.185151 0.120519 0)
(-0.188481 0.1018 0)
(-0.19126 0.0825608 0)
(-0.193549 0.0628842 0)
(-0.195392 0.0428352 0)
(-0.196817 0.0224678 0)
(-0.197838 0.00183024 0)
(-0.198447 -0.0190296 0)
(-0.198622 -0.040058 0)
(-0.198317 -0.06119 0)
(-0.19747 -0.0823422 0)
(-0.195999 -0.103407 0)
(-0.193803 -0.124244 0)
(-0.190769 -0.144675 0)
(-0.186769 -0.164475 0)
(-0.18167 -0.183366 0)
(-0.17534 -0.201012 0)
(-0.167656 -0.217011 0)
(-0.158518 -0.230897 0)
(-0.147865 -0.242139 0)
(-0.135687 -0.250149 0)
(-0.122053 -0.254294 0)
(-0.107122 -0.253915 0)
(-0.0911666 -0.248356 0)
(-0.0745859 -0.237002 0)
(-0.0579152 -0.219317 0)
(-0.0418249 -0.194895 0)
(-0.0270906 -0.163503 0)
(-0.0145521 -0.125117 0)
(-0.00530454 -0.079949 0)
(-0.000834587 -0.0284871 0)
(-0.000763686 0.0288619 0)
(-0.0048195 0.0802754 0)
(-0.0131591 0.124807 0)
(-0.0243918 0.162213 0)
(-0.0375029 0.192533 0)
(-0.0517356 0.21602 0)
(-0.0664135 0.233093 0)
(-0.0809701 0.24429 0)
(-0.0949686 0.250217 0)
(-0.108095 0.251506 0)
(-0.120142 0.248784 0)
(-0.130999 0.242645 0)
(-0.140625 0.233636 0)
(-0.149041 0.222247 0)
(-0.156306 0.208907 0)
(-0.162511 0.193981 0)
(-0.16776 0.177777 0)
(-0.172168 0.160548 0)
(-0.175849 0.142495 0)
(-0.178912 0.12378 0)
(-0.181457 0.104526 0)
(-0.183571 0.084824 0)
(-0.185327 0.0647426 0)
(-0.186782 0.044331 0)
(-0.187972 0.0236256 0)
(-0.188918 0.00265585 0)
(-0.189618 -0.01855 0)
(-0.190048 -0.0399588 0)
(-0.190165 -0.0615261 0)
(-0.189902 -0.0831894 0)
(-0.189169 -0.104861 0)
(-0.187856 -0.12642 0)
(-0.18583 -0.147703 0)
(-0.182942 -0.168499 0)
(-0.17903 -0.188535 0)
(-0.173927 -0.207472 0)
(-0.167465 -0.224895 0)
(-0.159498 -0.24031 0)
(-0.149908 -0.253141 0)
(-0.138634 -0.262735 0)
(-0.125687 -0.268371 0)
(-0.111182 -0.269283 0)
(-0.0953603 -0.264686 0)
(-0.0786111 -0.253822 0)
(-0.0614879 -0.236007 0)
(-0.0447136 -0.210693 0)
(-0.0291499 -0.177527 0)
(-0.0157534 -0.136401 0)
(-0.00577907 -0.0874871 0)
(-0.000918398 -0.0312988 0)
(-0.000837611 0.0314134 0)
(-0.00523626 0.087077 0)
(-0.0142055 0.134922 0)
(-0.0261625 0.174698 0)
(-0.039944 0.206503 0)
(-0.0546884 0.230692 0)
(-0.0696453 0.247814 0)
(-0.0842075 0.258546 0)
(-0.097927 0.263631 0)
(-0.110503 0.263825 0)
(-0.121759 0.259863 0)
(-0.131624 0.252428 0)
(-0.140106 0.242134 0)
(-0.147272 0.229521 0)
(-0.153228 0.215052 0)
(-0.158107 0.199115 0)
(-0.162052 0.182026 0)
(-0.165209 0.16404 0)
(-0.167722 0.145356 0)
(-0.169724 0.126125 0)
(-0.171332 0.106457 0)
(-0.172652 0.0864301 0)
(-0.17377 0.0660938 0)
(-0.174752 0.0454795 0)
(-0.175645 0.0246038 0)
(-0.176476 0.0034753 0)
(-0.177247 -0.0178995 0)
(-0.177939 -0.0395101 0)
(-0.178509 -0.0613357 0)
(-0.178887 -0.0833376 0)
(-0.178979 -0.105452 0)
(-0.178666 -0.127583 0)
(-0.177799 -0.149587 0)
(-0.17621 -0.171273 0)
(-0.173708 -0.19238 0)
(-0.170088 -0.212575 0)
(-0.16514 -0.231438 0)
(-0.158659 -0.248452 0)
(-0.150469 -0.263002 0)
(-0.14044 -0.27437 0)
(-0.128515 -0.281745 0)
(-0.114747 -0.284241 0)
(-0.0993269 -0.280928 0)
(-0.0826183 -0.270877 0)
(-0.0651815 -0.253224 0)
(-0.0477879 -0.227238 0)
(-0.0313922 -0.192408 0)
(-0.0170855 -0.148507 0)
(-0.00631379 -0.0956503 0)
(-0.00101474 -0.0343693 0)
(-0.000926122 0.0341962 0)
(-0.00572531 0.0944331 0)
(-0.0154132 0.145753 0)
(-0.0281681 0.187902 0)
(-0.0426443 0.221063 0)
(-0.0578565 0.245728 0)
(-0.0729749 0.262613 0)
(-0.0873548 0.272571 0)
(-0.100548 0.27651 0)
(-0.112282 0.275336 0)
(-0.122428 0.269902 0)
(-0.130969 0.260989 0)
(-0.137973 0.24928 0)
(-0.143565 0.235366 0)
(-0.147907 0.219739 0)
(-0.151176 0.202802 0)
(-0.153559 0.184878 0)
(-0.155235 0.166217 0)
(-0.156376 0.147008 0)
(-0.157138 0.127389 0)
(-0.157658 0.107453 0)
(-0.158056 0.0872606 0)
(-0.158428 0.0668415 0)
(-0.158853 0.0462059 0)
(-0.159385 0.0253491 0)
(-0.160056 0.00425714 0)
(-0.160876 -0.0170868 0)
(-0.16183 -0.0386969 0)
(-0.162875 -0.0605778 0)
(-0.163944 -0.082718 0)
(-0.164941 -0.105081 0)
(-0.165737 -0.127599 0)
(-0.166177 -0.150157 0)
(-0.166072 -0.172589 0)
(-0.165206 -0.194655 0)
(-0.163339 -0.216038 0)
(-0.160213 -0.236321 0)
(-0.155568 -0.254978 0)
(-0.149156 -0.271358 0)
(-0.140768 -0.284687 0)
(-0.130263 -0.294062 0)
(-0.117611 -0.29847 0)
(-0.102931 -0.296815 0)
(-0.0865362 -0.28797 0)
(-0.0689771 -0.270847 0)
(-0.051064 -0.244489 0)
(-0.0338486 -0.208171 0)
(-0.0185766 -0.161502 0)
(-0.0069235 -0.104509 0)
(-0.00112705 -0.0377338 0)
(-0.00103423 0.0372532 0)
(-0.00630927 0.102433 0)
(-0.0168283 0.15739 0)
(-0.0304674 0.201877 0)
(-0.045655 0.236196 0)
(-0.0612624 0.26103 0)
(-0.0763763 0.277313 0)
(-0.0903242 0.286118 0)
(-0.102676 0.288555 0)
(-0.113208 0.285701 0)
(-0.121858 0.278546 0)
(-0.128684 0.267969 0)
(-0.13383 0.254726 0)
(-0.137489 0.239451 0)
(-0.139882 0.22266 0)
(-0.141241 0.204764 0)
(-0.141793 0.186083 0)
(-0.141754 0.166856 0)
(-0.141319 0.147258 0)
(-0.140667 0.127406 0)
(-0.139951 0.107374 0)
(-0.139302 0.0871992 0)
(-0.138828 0.0668906 0)
(-0.138614 0.0464357 0)
(-0.138722 0.0258069 0)
(-0.139189 0.00496665 0)
(-0.140032 -0.0161262 0)
(-0.141239 -0.0375113 0)
(-0.142774 -0.0592206 0)
(-0.144572 -0.0812714 0)
(-0.146538 -0.103658 0)
(-0.148542 -0.126345 0)
(-0.150422 -0.149251 0)
(-0.151977 -0.172242 0)
(-0.152969 -0.195111 0)
(-0.153127 -0.217565 0)
(-0.152148 -0.239205 0)
(-0.149712 -0.259506 0)
(-0.145495 -0.277799 0)
(-0.1392 -0.293259 0)
(-0.130582 -0.304899 0)
(-0.119505 -0.311572 0)
(-0.105987 -0.312003 0)
(-0.090262 -0.304833 0)
(-0.0728413 -0.288706 0)
(-0.0545575 -0.262374 0)
(-0.0365582 -0.224832 0)
(-0.0202641 -0.175461 0)
(-0.00762853 -0.114148 0)
(-0.00126016 -0.0414367 0)
(-0.00116911 0.0406414 0)
(-0.00701928 0.111192 0)
(-0.0185115 0.169942 0)
(-0.0331333 0.216672 0)
(-0.0490329 0.251863 0)
(-0.064917 0.276456 0)
(-0.0797913 0.291674 0)
(-0.0929743 0.298867 0)
(-0.104081 0.299389 0)
(-0.112966 0.294512 0)
(-0.119661 0.285374 0)
(-0.124322 0.272956 0)
(-0.127181 0.25808 0)
(-0.128513 0.241414 0)
(-0.128605 0.223488 0)
(-0.127743 0.20471 0)
(-0.126196 0.185388 0)
(-0.12421 0.165741 0)
(-0.122007 0.14592 0)
(-0.119779 0.126019 0)
(-0.117692 0.106088 0)
(-0.115886 0.0861371 0)
(-0.114475 0.066153 0)
(-0.113549 0.046099 0)
(-0.113175 0.0259241 0)
(-0.113396 0.00556736 0)
(-0.114231 -0.015037 0)
(-0.115678 -0.0359543 0)
(-0.117705 -0.057244 0)
(-0.120255 -0.0789534 0)
(-0.123237 -0.10111 0)
(-0.126525 -0.123713 0)
(-0.129958 -0.146721 0)
(-0.133327 -0.170039 0)
(-0.136383 -0.193503 0)
(-0.138828 -0.216856 0)
(-0.14032 -0.239733 0)
(-0.140482 -0.261625 0)
(-0.138913 -0.281865 0)
(-0.135214 -0.299595 0)
(-0.129024 -0.313752 0)
(-0.120072 -0.323062 0)
(-0.10824 -0.326056 0)
(-0.0936442 -0.321117 0)
(-0.0767164 -0.306562 0)
(-0.0582803 -0.28078 0)
(-0.0395693 -0.242395 0)
(-0.022198 -0.190468 0)
(-0.00845721 -0.124676 0)
(-0.00142107 -0.0455349 0)
(-0.00134131 0.0444374 0)
(-0.00789894 0.120859 0)
(-0.0205432 0.183543 0)
(-0.0362551 0.232336 0)
(-0.0528345 0.267986 0)
(-0.0688052 0.291796 0)
(-0.0831063 0.305368 0)
(-0.0950803 0.310402 0)
(-0.104428 0.30854 0)
(-0.111121 0.301274 0)
(-0.115319 0.289895 0)
(-0.1173 0.275483 0)
(-0.117402 0.258912 0)
(-0.115989 0.240871 0)
(-0.113418 0.221886 0)
(-0.110028 0.202352 0)
(-0.106125 0.182547 0)
(-0.101984 0.162665 0)
(-0.0978403 0.142825 0)
(-0.0938991 0.12309 0)
(-0.0903316 0.103481 0)
(-0.0872801 0.0839819 0)
(-0.0848606 0.0645534 0)
(-0.0831645 0.0451352 0)
(-0.0822605 0.025653 0)
(-0.0821953 0.00602319 0)
(-0.0829939 -0.0138434 0)
(-0.0846587 -0.0340366 0)
(-0.0871678 -0.0546429 0)
(-0.0904721 -0.0757392 0)
(-0.094492 -0.0973866 0)
(-0.0991123 -0.119622 0)
(-0.104177 -0.142447 0)
(-0.109484 -0.165813 0)
(-0.114777 -0.189607 0)
(-0.119746 -0.213624 0)
(-0.124019 -0.237546 0)
(-0.127167 -0.260907 0)
(-0.128716 -0.283061 0)
(-0.128162 -0.303142 0)
(-0.125011 -0.320034 0)
(-0.118833 -0.33235 0)
(-0.109334 -0.338426 0)
(-0.0964577 -0.336357 0)
(-0.0805021 -0.324081 0)
(-0.0622323 -0.29953 0)
(-0.0429397 -0.26084 0)
(-0.0244457 -0.206619 0)
(-0.00944975 -0.136227 0)
(-0.00162012 -0.0501037 0)
(-0.0015668 0.0487458 0)
(-0.00901035 0.131628 0)
(-0.0230304 0.19835 0)
(-0.0399384 0.248895 0)
(-0.0571038 0.28442 0)
(-0.0728601 0.306734 0)
(-0.086114 0.317944 0)
(-0.0962868 0.32018 0)
(-0.103223 0.31542 0)
(-0.107065 0.305394 0)
(-0.108138 0.291544 0)
(-0.106865 0.275031 0)
(-0.103708 0.256763 0)
(-0.0991235 0.237425 0)
(-0.0935374 0.217523 0)
(-0.087335 0.197414 0)
(-0.0808535 0.177341 0)
(-0.0743829 0.157454 0)
(-0.0681686 0.137834 0)
(-0.0624156 0.11851 0)
(-0.0572935 0.0994681 0)
(-0.0529408 0.080666 0)
(-0.0494692 0.0620374 0)
(-0.046967 0.0434991 0)
(-0.0455015 0.0249553 0)
(-0.0451204 0.00630123 0)
(-0.0458524 -0.012573 0)
(-0.047707 -0.0317797 0)
(-0.0506721 -0.0514296 0)
(-0.0547115 -0.071628 0)
(-0.0597608 -0.0924685 0)
(-0.0657216 -0.114026 0)
(-0.0724545 -0.136347 0)
(-0.0797717 -0.159436 0)
(-0.0874274 -0.183236 0)
(-0.0951097 -0.20761 0)
(-0.102432 -0.232306 0)
(-0.108932 -0.256921 0)
(-0.114067 -0.280862 0)
(-0.117235 -0.30329 0)
(-0.1178 -0.323071 0)
(-0.115147 -0.33873 0)
(-0.108765 -0.348423 0)
(-0.0983629 -0.349944 0)
(-0.0840267 -0.340798 0)
(-0.0663859 -0.318351 0)
(-0.0467349 -0.2801 0)
(-0.0270973 -0.224017 0)
(-0.0106644 -0.148973 0)
(-0.00187318 -0.0552447 0)
(-0.0018707 0.0537123 0)
(-0.0104439 0.143753 0)
(-0.0261149 0.21454 0)
(-0.0443005 0.266332 0)
(-0.0618477 0.300912 0)
(-0.0769168 0.320809 0)
(-0.0884519 0.328784 0)
(-0.0960393 0.327497 0)
(-0.0997488 0.319305 0)
(-0.0999539 0.306175 0)
(-0.0971888 0.289684 0)
(-0.0920478 0.271044 0)
(-0.0851209 0.251163 0)
(-0.0769558 0.230694 0)
(-0.0680392 0.210094 0)
(-0.0587903 0.189665 0)
(-0.0495629 0.169593 0)
(-0.0406503 0.149979 0)
(-0.0322928 0.130857 0)
(-0.0246857 0.112215 0)
(-0.0179867 0.0940059 0)
(-0.0123221 0.0761579 0)
(-0.00779288 0.0585801 0)
(-0.00447876 0.0411681 0)
(-0.00244156 0.0238071 0)
(-0.00172728 0.00637493 0)
(-0.00236707 -0.0112559 0)
(-0.00437691 -0.029216 0)
(-0.00775609 -0.0476372 0)
(-0.0124843 -0.066649 0)
(-0.018517 -0.0863749 0)
(-0.0257795 -0.106926 0)
(-0.034159 -0.128394 0)
(-0.0434946 -0.150837 0)
(-0.0535653 -0.174264 0)
(-0.0640777 -0.198613 0)
(-0.0746517 -0.223717 0)
(-0.0848087 -0.249264 0)
(-0.0939642 -0.274747 0)
(-0.101429 -0.299396 0)
(-0.106429 -0.322108 0)
(-0.10815 -0.341371 0)
(-0.10582 -0.355196 0)
(-0.0988449 -0.361085 0)
(-0.0869969 -0.356065 0)
(-0.0706561 -0.336829 0)
(-0.0510195 -0.300036 0)
(-0.0302729 -0.242767 0)
(-0.0121869 -0.163137 0)
(-0.00220548 -0.0610987 0)
(-0.00229411 0.0595446 0)
(-0.0123341 0.157565 0)
(-0.0299822 0.232298 0)
(-0.0494536 0.284535 0)
(-0.0669853 0.317035 0)
(-0.0806335 0.333335 0)
(-0.089505 0.337047 0)
(-0.0934803 0.331455 0)
(-0.0929595 0.319315 0)
(-0.0886198 0.302817 0)
(-0.0812426 0.283624 0)
(-0.0716069 0.262952 0)
(-0.0604282 0.241662 0)
(-0.0483318 0.220337 0)
(-0.0358448 0.199353 0)
(-0.0234006 0.178936 0)
(-0.0113488 0.1592 0)
(3.20191e-05 0.140183 0)
(0.0105225 0.12187 0)
(0.0199505 0.104204 0)
(0.0281817 0.0871051 0)
(0.0351108 0.070473 0)
(0.0406549 0.054195 0)
(0.0447486 0.0381488 0)
(0.0473397 0.0222048 0)
(0.0483869 0.00622782 0)
(0.0478588 -0.00992225 0)
(0.0457331 -0.0263895 0)
(0.0419987 -0.043321 0)
(0.0366578 -0.0608656 0)
(0.0297306 -0.0791714 0)
(0.0212614 -0.0983818 0)
(0.0113273 -0.118629 0)
(4.92344e-05 -0.140026 0)
(-0.0123942 -0.162649 0)
(-0.0257495 -0.186518 0)
(-0.0396694 -0.211567 0)
(-0.0536914 -0.237598 0)
(-0.0672187 -0.264229 0)
(-0.0795064 -0.290809 0)
(-0.0896627 -0.316331 0)
(-0.0966759 -0.339318 0)
(-0.0994856 -0.357706 0)
(-0.0971191 -0.368749 0)
(-0.088916 -0.368986 0)
(-0.0748441 -0.35433 0)
(-0.055835 -0.320374 0)
(-0.0341292 -0.262952 0)
(-0.0141469 -0.179007 0)
(-0.00265872 -0.0678669 0)
(-0.00290696 0.0665478 0)
(-0.0148848 0.173494 0)
(-0.0348663 0.25178 0)
(-0.055461 0.303216 0)
(-0.0722513 0.332078 0)
(-0.0833553 0.343312 0)
(-0.0882532 0.341598 0)
(-0.0873014 0.330919 0)
(-0.0813559 0.314416 0)
(-0.071467 0.294436 0)
(-0.0586888 0.272654 0)
(-0.0439786 0.250217 0)
(-0.0281553 0.227879 0)
(-0.0118908 0.206105 0)
(0.0042793 0.185159 0)
(0.0199382 0.165167 0)
(0.0347666 0.14616 0)
(0.0485238 0.128108 0)
(0.0610296 0.110939 0)
(0.0721501 0.0945566 0)
(0.0817857 0.0788468 0)
(0.0898614 0.063686 0)
(0.0963198 0.0489437 0)
(0.101115 0.0344847 0)
(0.104208 0.0201701 0)
(0.105567 0.00585715 0)
(0.105161 -0.00860073 0)
(0.102962 -0.0233546 0)
(0.0989484 -0.0385605 0)
(0.0931022 -0.0543794 0)
(0.0854166 -0.0709768 0)
(0.0759002 -0.0885209 0)
(0.064586 -0.107179 0)
(0.0515426 -0.127112 0)
(0.0368892 -0.148461 0)
(0.0208153 -0.171332 0)
(0.00360489 -0.195767 0)
(-0.0143343 -0.221703 0)
(-0.0324386 -0.248916 0)
(-0.0499563 -0.276932 0)
(-0.0659236 -0.304914 0)
(-0.0791622 -0.331518 0)
(-0.0883206 -0.354718 0)
(-0.091991 -0.371622 0)
(-0.0889471 -0.378326 0)
(-0.0785323 -0.369898 0)
(-0.0611474 -0.340614 0)
(-0.0388592 -0.284588 0)
(-0.016742 -0.196952 0)
(-0.00330441 -0.0758458 0)
(-0.00383212 0.0751847 0)
(-0.0184071 0.192083 0)
(-0.0410358 0.273028 0)
(-0.0622329 0.321754 0)
(-0.0770102 0.34489 0)
(-0.0838848 0.349298 0)
(-0.0830376 0.340941 0)
(-0.0755334 0.32451 0)
(-0.0628139 0.303444 0)
(-0.0463488 0.280122 0)
(-0.0274552 0.256116 0)
(-0.00723044 0.232406 0)
(0.0134545 0.209566 0)
(0.0339324 0.187898 0)
(0.0537067 0.167522 0)
(0.0724167 0.148448 0)
(0.0898061 0.130615 0)
(0.105697 0.113922 0)
(0.119968 0.0982451 0)
(0.132537 0.0834499 0)
(0.143352 0.0693957 0)
(0.152376 0.0559408 0)
(0.159582 0.0429435 0)
(0.164949 0.030262 0)
(0.168456 0.0177544 0)
(0.170079 0.00527717 0)
(0.169793 -0.00731595 0)
(0.167567 -0.0201759 0)
(0.163366 -0.0334598 0)
(0.157155 -0.0473325 0)
(0.148897 -0.061968 0)
(0.138562 -0.0775496 0)
(0.126134 -0.0942697 0)
(0.111619 -0.112326 0)
(0.0950624 -0.131917 0)
(0.0765659 -0.153228 0)
(0.0563183 -0.176409 0)
(0.0346286 -0.201543 0)
(0.0119699 -0.22859 0)
(-0.0109683 -0.257301 0)
(-0.0332275 -0.287094 0)
(-0.0535354 -0.31688 0)
(-0.0702952 -0.344826 0)
(-0.0816504 -0.368068 0)
(-0.0856935 -0.382407 0)
(-0.080892 -0.382091 0)
(-0.0667285 -0.359862 0)
(-0.0446684 -0.307524 0)
(-0.0202752 -0.217427 0)
(-0.00426872 -0.0854887 0)
(-0.00528895 0.0861815 0)
(-0.0233694 0.213976 0)
(-0.0487187 0.295783 0)
(-0.0692889 0.338935 0)
(-0.0799089 0.353641 0)
(-0.0801027 0.349264 0)
(-0.0712126 0.333166 0)
(-0.0552681 0.31063 0)
(-0.0343868 0.285185 0)
(-0.0104421 0.259045 0)
(0.0150556 0.233515 0)
(0.0409575 0.209295 0)
(0.0664265 0.18671 0)
(0.0908757 0.16585 0)
(0.113908 0.146674 0)
(0.135265 0.129069 0)
(0.154788 0.112882 0)
(0.172388 0.0979491 0)
(0.188019 0.0841013 0)
(0.201665 0.0711746 0)
(0.213327 0.0590109 0)
(0.223012 0.0474587 0)
(0.23073 0.0363731 0)
(0.236484 0.0256134 0)
(0.240274 0.0150419 0)
(0.24209 0.0045214 0)
(0.24191 -0.00608701 0)
(0.239702 -0.0169265 0)
(0.235422 -0.0281472 0)
(0.229017 -0.0399088 0)
(0.220422 -0.0523833 0)
(0.209571 -0.0657576 0)
(0.196393 -0.0802355 0)
(0.180828 -0.0960385 0)
(0.162836 -0.113405 0)
(0.142415 -0.132583 0)
(0.119629 -0.153822 0)
(0.0946439 -0.177344 0)
(0.067778 -0.203302 0)
(0.0395717 -0.231708 0)
(0.0108684 -0.262309 0)
(-0.0170913 -0.294397 0)
(-0.042586 -0.326532 0)
(-0.063383 -0.356137 0)
(-0.0768503 -0.379006 0)
(-0.080337 -0.388771 0)
(-0.0719001 -0.376558 0)
(-0.0516814 -0.33123 0)
(-0.025198 -0.240952 0)
(-0.00577657 -0.0975123 0)
(-0.00766373 0.100701 0)
(-0.0304286 0.239814 0)
(-0.0578561 0.319095 0)
(-0.0752399 0.352515 0)
(-0.0782396 0.355521 0)
(-0.0683611 0.340465 0)
(-0.0486583 0.315984 0)
(-0.0223165 0.287596 0)
(0.00789986 0.25856 0)
(0.0398472 0.230644 0)
(0.0719833 0.204696 0)
(0.103258 0.181025 0)
(0.132992 0.159645 0)
(0.160772 0.140417 0)
(0.186369 0.123135 0)
(0.209673 0.107571 0)
(0.230656 0.0934955 0)
(0.249334 0.080695 0)
(0.265751 0.0689716 0)
(0.279964 0.0581452 0)
(0.292029 0.0480519 0)
(0.302001 0.0385414 0)
(0.309923 0.0294743 0)
(0.315828 0.0207193 0)
(0.319735 0.0121502 0)
(0.321645 0.00364309 0)
(0.321544 -0.00492661 0)
(0.319401 -0.0136872 0)
(0.315164 -0.0227739 0)
(0.308765 -0.0323322 0)
(0.300118 -0.0425216 0)
(0.289119 -0.0535198 0)
(0.275652 -0.0655269 0)
(0.259589 -0.0787693 0)
(0.240804 -0.0935037 0)
(0.219181 -0.110019 0)
(0.19464 -0.128632 0)
(0.167168 -0.149683 0)
(0.13687 -0.173502 0)
(0.104042 -0.200365 0)
(0.0692768 -0.230389 0)
(0.0336018 -0.26336 0)
(-0.0013536 -0.298437 0)
(-0.0331921 -0.333672 0)
(-0.0586765 -0.365309 0)
(-0.0739171 -0.386849 0)
(-0.0750002 -0.388057 0)
(-0.0596599 -0.354379 0)
(-0.0321257 -0.267962 0)
(-0.00821991 -0.113065 0)
(-0.0115779 0.12057 0)
(-0.0402971 0.269838 0)
(-0.0673922 0.340574 0)
(-0.0766946 0.358597 0)
(-0.0668196 0.346441 0)
(-0.042571 0.31947 0)
(-0.00915695 0.286958 0)
(0.0291428 0.253968 0)
(0.0691897 0.222963 0)
(0.108884 0.194932 0)
(0.146924 0.170092 0)
(0.182569 0.148285 0)
(0.215444 0.129199 0)
(0.245408 0.112479 0)
(0.272459 0.0977807 0)
(0.296674 0.0847889 0)
(0.318171 0.0732282 0)
(0.337082 0.0628595 0)
(0.353543 0.0534766 0)
(0.367678 0.0449013 0)
(0.3796 0.0369778 0)
(0.389402 0.0295681 0)
(0.397163 0.0225482 0)
(0.402936 0.0158038 0)
(0.406759 0.00922695 0)
(0.408646 0.00271317 0)
(0.408588 -0.00384196 0)
(0.406557 -0.0105458 0)
(0.402498 -0.0175119 0)
(0.396333 -0.0248637 0)
(0.387958 -0.0327386 0)
(0.377245 -0.041293 0)
(0.364037 -0.0507072 0)
(0.348152 -0.0611928 0)
(0.329384 -0.0729991 0)
(0.30751 -0.0864219 0)
(0.282305 -0.10181 0)
(0.25356 -0.119571 0)
(0.221125 -0.140168 0)
(0.184973 -0.164096 0)
(0.145308 -0.191832 0)
(0.102724 -0.2237 0)
(0.0584472 -0.259624 0)
(0.0146423 -0.298639 0)
(-0.0252471 -0.338057 0)
(-0.0563011 -0.372112 0)
(-0.0723029 -0.390057 0)
(-0.0672401 -0.374074 0)
(-0.0416525 -0.298363 0)
(-0.0122115 -0.133932 0)
(-0.0177466 0.148611 0)
(-0.0528966 0.302857 0)
(-0.0733769 0.355011 0)
(-0.0660478 0.35083 0)
(-0.0361522 0.320956 0)
(0.00701732 0.282557 0)
(0.0562478 0.244113 0)
(0.106775 0.209174 0)
(0.155736 0.178797 0)
(0.201598 0.152915 0)
(0.243667 0.131029 0)
(0.281739 0.112528 0)
(0.315883 0.0968286 0)
(0.346297 0.0834236 0)
(0.37324 0.0718883 0)
(0.396983 0.0618752 0)
(0.417787 0.0531009 0)
(0.435888 0.0453343 0)
(0.451498 0.0383855 0)
(0.4648 0.0320965 0)
(0.475947 0.026334 0)
(0.485065 0.0209835 0)
(0.492252 0.0159442 0)
(0.497581 0.0111253 0)
(0.5011 0.00644249 0)
(0.502834 0.00181488 0)
(0.50278 -0.00283765 0)
(0.500912 -0.0075974 0)
(0.497176 -0.0125517 0)
(0.491493 -0.0177963 0)
(0.483751 -0.0234391 0)
(0.473806 -0.0296048 0)
(0.461479 -0.0364411 0)
(0.446551 -0.0441252 0)
(0.428759 -0.0528738 0)
(0.407797 -0.0629539 0)
(0.383317 -0.0746977 0)
(0.354929 -0.0885188 0)
(0.322229 -0.10493 0)
(0.284832 -0.124557 0)
(0.242455 -0.148136 0)
(0.195057 -0.176466 0)
(0.143098 -0.210267 0)
(0.087943 -0.249805 0)
(0.0324662 -0.2941 0)
(-0.0181997 -0.339328 0)
(-0.0559401 -0.375966 0)
(-0.0699966 -0.384516 0)
(-0.0533906 -0.330423 0)
(-0.0183897 -0.162829 0)
(-0.0258737 0.18943 0)
(-0.0643725 0.333742 0)
(-0.0644092 0.351766 0)
(-0.0273561 0.319376 0)
(0.0302553 0.272572 0)
(0.0951079 0.226663 0)
(0.159575 0.186984 0)
(0.219858 0.154393 0)
(0.274418 0.128123 0)
(0.322934 0.107015 0)
(0.365665 0.0899747 0)
(0.403111 0.0760947 0)
(0.435833 0.0646649 0)
(0.464373 0.0551415 0)
(0.489222 0.0471104 0)
(0.510808 0.0402558 0)
(0.529495 0.0343341 0)
(0.545591 0.0291557 0)
(0.559355 0.0245704 0)
(0.570997 0.0204573 0)
(0.580692 0.0167172 0)
(0.588578 0.0132668 0)
(0.594763 0.0100344 0)
(0.599326 0.00695648 0)
(0.60232 0.00397477 0)
(0.603773 0.00103408 0)
(0.603688 -0.00192003 0)
(0.602044 -0.0049433 0)
(0.598792 -0.00809508 0)
(0.593856 -0.0114408 0)
(0.587129 -0.0150551 0)
(0.578469 -0.0190255 0)
(0.567692 -0.0234572 0)
(0.554572 -0.0284799 0)
(0.538824 -0.0342559 0)
(0.520102 -0.0409924 0)
(0.497982 -0.0489574 0)
(0.471957 -0.058502 0)
(0.441424 -0.07009 0)
(0.405688 -0.0843376 0)
(0.363983 -0.102059 0)
(0.315547 -0.124313 0)
(0.259795 -0.152403 0)
(0.196688 -0.187763 0)
(0.127448 -0.231466 0)
(0.055789 -0.282838 0)
(-0.0102257 -0.336204 0)
(-0.0560602 -0.374623 0)
(-0.0628459 -0.358228 0)
(-0.0261774 -0.204098 0)
(-0.0296189 0.246767 0)
(-0.0583678 0.346609 0)
(-0.0119184 0.311531 0)
(0.0704125 0.251512 0)
(0.159036 0.196121 0)
(0.242011 0.151925 0)
(0.315269 0.118613 0)
(0.378168 0.0938898 0)
(0.431575 0.0754402 0)
(0.476817 0.0614706 0)
(0.515201 0.0507 0)
(0.547864 0.0422369 0)
(0.575749 0.0354627 0)
(0.599619 0.0299447 0)
(0.620085 0.0253762 0)
(0.637639 0.0215355 0)
(0.652676 0.0182592 0)
(0.665511 0.0154246 0)
(0.676401 0.0129374 0)
(0.68555 0.0107238 0)
(0.693122 0.00872418 0)
(0.699244 0.00688983 0)
(0.704017 0.00517929 0)
(0.707513 0.00355638 0)
(0.709781 0.00198834 0)
(0.710848 0.000444374 0)
(0.710718 -0.00110573 0)
(0.709376 -0.00269287 0)
(0.706782 -0.00434998 0)
(0.702872 -0.00611359 0)
(0.697556 -0.00802568 0)
(0.69071 -0.0101361 0)
(0.682175 -0.0125057 0)
(0.671745 -0.0152106 0)
(0.659161 -0.0183486 0)
(0.644093 -0.0220473 0)
(0.626125 -0.0264775 0)
(0.604728 -0.0318719 0)
(0.579232 -0.0385539 0)
(0.548788 -0.0469818 0)
(0.512323 -0.0578156 0)
(0.468506 -0.0720171 0)
(0.415751 -0.090987 0)
(0.352339 -0.116724 0)
(0.276891 -0.151875 0)
(0.189535 -0.199208 0)
(0.094065 -0.259429 0)
(0.00273098 -0.325475 0)
(-0.0528641 -0.364914 0)
(-0.0285097 -0.260376 0)
(0.0100506 0.286732 0)
(0.0248992 0.29976 0)
(0.150415 0.214187 0)
(0.281689 0.145889 0)
(0.387823 0.100227 0)
(0.471311 0.0704961 0)
(0.537085 0.0512045 0)
(0.589134 0.0384589 0)
(0.630763 0.0297578 0)
(0.66451 0.0235946 0)
(0.692215 0.0190725 0)
(0.715208 0.0156478 0)
(0.734458 0.0129818 0)
(0.750681 0.0108562 0)
(0.764417 0.00912585 0)
(0.776074 0.00769099 0)
(0.785971 0.00648084 0)
(0.794354 0.00544381 0)
(0.801417 0.00454128 0)
(0.807313 0.00374357 0)
(0.812163 0.00302728 0)
(0.816059 0.00237341 0)
(0.819074 0.00176611 0)
(0.821259 0.00119167 0)
(0.822651 0.00063781 0)
(0.823267 9.30465e-05 0)
(0.823114 -0.000453827 0)
(0.82218 -0.00101426 0)
(0.82044 -0.00160048 0)
(0.817848 -0.00222611 0)
(0.814344 -0.00290693 0)
(0.809841 -0.00366186 0)
(0.804227 -0.00451425 0)
(0.797356 -0.00549382 0)
(0.789039 -0.0066393 0)
(0.779032 -0.00800245 0)
(0.767019 -0.00965431 0)
(0.752586 -0.011695 0)
(0.735183 -0.0142697 0)
(0.714072 -0.0175965 0)
(0.688245 -0.0220141 0)
(0.656307 -0.0280681 0)
(0.616297 -0.0366679 0)
(0.565467 -0.0493662 0)
(0.500129 -0.0688086 0)
(0.41572 -0.0992628 0)
(0.306584 -0.146911 0)
(0.169367 -0.218939 0)
(0.0356131 -0.308495 0)
(0.0145927 -0.294741 0)
(0.301256 0.147015 0)
(0.400446 0.127499 0)
(0.564685 0.0751887 0)
(0.68252 0.0427944 0)
(0.752644 0.0251224 0)
(0.797631 0.0154457 0)
(0.828865 0.0100638 0)
(0.851553 0.00696715 0)
(0.868663 0.00508622 0)
(0.881993 0.003871 0)
(0.892641 0.00303868 0)
(0.901304 0.0024393 0)
(0.908448 0.00198955 0)
(0.914397 0.00164074 0)
(0.919383 0.00136281 0)
(0.923579 0.00113628 0)
(0.927114 0.000947941 0)
(0.930088 0.000788506 0)
(0.932576 0.000651196 0)
(0.934639 0.00053092 0)
(0.936323 0.000423741 0)
(0.937664 0.000326514 0)
(0.93869 0.000236651 0)
(0.939419 0.000151947 0)
(0.939867 7.04422e-05 0)
(0.940039 -9.68445e-06 0)
(0.939938 -9.01997e-05 0)
(0.93956 -0.00017291 0)
(0.938894 -0.00025975 0)
(0.937925 -0.000352894 0)
(0.936629 -0.000454876 0)
(0.934974 -0.000568779 0)
(0.932916 -0.000698464 0)
(0.9304 -0.000848922 0)
(0.927353 -0.0010268 0)
(0.923679 -0.00124117 0)
(0.919252 -0.00150489 0)
(0.913904 -0.00183672 0)
(0.907405 -0.0022653 0)
(0.899436 -0.00283645 0)
(0.889537 -0.00362768 0)
(0.877021 -0.00477798 0)
(0.860805 -0.00655099 0)
(0.839107 -0.00946854 0)
(0.80893 -0.0145776 0)
(0.76497 -0.0239328 0)
(0.695647 -0.0414583 0)
(0.577244 -0.0743102 0)
(0.408957 -0.128036 0)
(0.305002 -0.14844 0)
)
;

boundaryField
{
    movingWall
    {
        type            fixedValue;
        value           uniform (1 0 0);
    }
    fixedWalls
    {
        type            noSlip;
    }
    frontAndBack
    {
        type            empty;
    }
}


// ************************************************************************* //
