/*--------------------------------*- C++ -*----------------------------------*\
| =========                 |                                                 |
| \\      /  F ield         | OpenFOAM: The Open Source CFD Toolbox           |
|  \\    /   O peration     | Version:  v2012                                 |
|   \\  /    A nd           | Website:  www.openfoam.com                      |
|    \\/     M anipulation  |                                                 |
\*---------------------------------------------------------------------------*/
FoamFile
{
    version     2.0;
    format      ascii;
    class       volVectorField;
    location    "0.35";
    object      U;
}
// * * * * * * * * * * * * * * * * * * * * * * * * * * * * * * * * * * * * * //

dimensions      [0 1 -1 0 0 0 0];


internalField   nonuniform List<vector> 
2500
(
(3.26613e-05 -3.28235e-05 0)
(9.87575e-05 -4.07271e-05 0)
(0.000137313 -2.09835e-05 0)
(0.000106241 7.85434e-06 0)
(-8.73576e-06 3.77361e-05 0)
(-0.000206061 6.53562e-05 0)
(-0.000478395 8.94028e-05 0)
(-0.000815913 0.000109463 0)
(-0.00120767 0.000125512 0)
(-0.0016424 0.000137689 0)
(-0.00210894 0.000146199 0)
(-0.0025965 0.000151274 0)
(-0.00309476 0.000153155 0)
(-0.00359404 0.000152082 0)
(-0.00408527 0.000148296 0)
(-0.00456004 0.000142029 0)
(-0.00501066 0.00013351 0)
(-0.0054301 0.000122964 0)
(-0.00581207 0.00011061 0)
(-0.00615096 9.66663e-05 0)
(-0.00644187 8.13496e-05 0)
(-0.00668065 6.4877e-05 0)
(-0.00686386 4.74684e-05 0)
(-0.00698879 2.93479e-05 0)
(-0.00705352 1.07456e-05 0)
(-0.0070569 -8.10084e-06 0)
(-0.00699859 -2.69459e-05 0)
(-0.00687909 -4.55351e-05 0)
(-0.00669975 -6.36048e-05 0)
(-0.00646278 -8.08833e-05 0)
(-0.00617131 -9.70912e-05 0)
(-0.00582938 -0.000111944 0)
(-0.00544193 -0.000125152 0)
(-0.00501484 -0.000136429 0)
(-0.00455486 -0.000145488 0)
(-0.00406963 -0.000152049 0)
(-0.00356761 -0.000155845 0)
(-0.00305802 -0.00015662 0)
(-0.00255078 -0.000154139 0)
(-0.0020564 -0.00014819 0)
(-0.00158586 -0.000138587 0)
(-0.00115041 -0.000125184 0)
(-0.000761421 -0.000107887 0)
(-0.000430018 -8.66939e-05 0)
(-0.000166605 -6.17857e-05 0)
(1.99577e-05 -3.3752e-05 0)
(0.000123732 -4.07502e-06 0)
(0.000144904 2.37915e-05 0)
(9.98211e-05 4.17753e-05 0)
(3.2126e-05 3.20584e-05 0)
(4.1073e-05 -9.9245e-05 0)
(9.39005e-05 -9.30354e-05 0)
(4.54659e-05 1.44739e-05 0)
(-0.000168782 0.00016185 0)
(-0.000575812 0.000318366 0)
(-0.00117697 0.00046801 0)
(-0.00195988 0.000602455 0)
(-0.00290431 0.000717638 0)
(-0.00398556 0.000811819 0)
(-0.00517674 0.000884535 0)
(-0.00645015 0.000936061 0)
(-0.00777827 0.000967109 0)
(-0.00913428 0.000978657 0)
(-0.0104925 0.000971845 0)
(-0.0118288 0.000947917 0)
(-0.0131204 0.000908177 0)
(-0.0143464 0.000853965 0)
(-0.0154878 0.000786646 0)
(-0.0165271 0.000707602 0)
(-0.0174491 0.000618226 0)
(-0.0182403 0.000519931 0)
(-0.0188892 0.000414147 0)
(-0.0193866 0.000302334 0)
(-0.019725 0.00018598 0)
(-0.0198993 6.66143e-05 0)
(-0.0199064 -5.41928e-05 0)
(-0.0197456 -0.000174825 0)
(-0.0194183 -0.000293619 0)
(-0.0189285 -0.000408869 0)
(-0.0182823 -0.000518829 0)
(-0.0174885 -0.000621726 0)
(-0.0165582 -0.000715768 0)
(-0.015505 -0.000799166 0)
(-0.014345 -0.000870152 0)
(-0.0130964 -0.000927006 0)
(-0.0117799 -0.00096808 0)
(-0.0104182 -0.000991835 0)
(-0.00903587 -0.000996876 0)
(-0.0076591 -0.000981995 0)
(-0.00631538 -0.000946222 0)
(-0.00503302 -0.000888894 0)
(-0.00384059 -0.000809755 0)
(-0.00276616 -0.000709116 0)
(-0.00183624 -0.000588129 0)
(-0.00107423 -0.000449298 0)
(-0.000498226 -0.000297465 0)
(-0.000117601 -0.000141649 0)
(7.24762e-05 1.65057e-06 0)
(0.000102954 0.000101861 0)
(4.21592e-05 9.98323e-05 0)
(2.24896e-05 -0.000139323 0)
(-1.00581e-05 -4.58045e-05 0)
(-0.000234133 0.000239606 0)
(-0.000706064 0.000609317 0)
(-0.00145168 0.0010029 0)
(-0.00247251 0.00138401 0)
(-0.00375276 0.00173109 0)
(-0.00526533 0.00203205 0)
(-0.00697613 0.00228052 0)
(-0.00884705 0.00247378 0)
(-0.010838 0.00261134 0)
(-0.0129085 0.0026942 0)
(-0.0150187 0.00272433 0)
(-0.0171298 0.00270436 0)
(-0.0192052 0.00263734 0)
(-0.0212102 0.0025266 0)
(-0.0231126 0.00237568 0)
(-0.0248831 0.00218827 0)
(-0.0264949 0.00196815 0)
(-0.0279243 0.00171917 0)
(-0.0291504 0.00144529 0)
(-0.0301557 0.00115052 0)
(-0.0309255 0.000838964 0)
(-0.0314486 0.000514838 0)
(-0.0317169 0.000182448 0)
(-0.031726 -0.000153783 0)
(-0.0314748 -0.000489313 0)
(-0.0309656 -0.000819486 0)
(-0.0302048 -0.00113954 0)
(-0.029202 -0.00144464 0)
(-0.0279708 -0.00172987 0)
(-0.0265287 -0.00199031 0)
(-0.0248965 -0.00222109 0)
(-0.0230991 -0.0024174 0)
(-0.0211645 -0.00257462 0)
(-0.0191243 -0.00268838 0)
(-0.0170131 -0.00275466 0)
(-0.0148682 -0.00276992 0)
(-0.0127291 -0.00273121 0)
(-0.0106369 -0.00263636 0)
(-0.00863362 -0.0024842 0)
(-0.00676115 -0.00227488 0)
(-0.0050601 -0.00201033 0)
(-0.00356805 -0.00169497 0)
(-0.00231738 -0.00133694 0)
(-0.00133233 -0.000950144 0)
(-0.00062482 -0.000557616 0)
(-0.000188771 -0.000196615 0)
(7.10037e-06 7.28218e-05 0)
(2.53628e-05 0.000146506 0)
(-4.9085e-06 -0.000112319 0)
(-0.000153905 0.000164518 0)
(-0.00060021 0.000710378 0)
(-0.00137359 0.00138019 0)
(-0.00248874 0.00208582 0)
(-0.00394303 0.0027699 0)
(-0.00571582 0.0033958 0)
(-0.00777375 0.00394124 0)
(-0.0100752 0.00439348 0)
(-0.0125733 0.0047461 0)
(-0.0152183 0.00499702 0)
(-0.0179594 0.00514706 0)
(-0.0207463 0.0051991 0)
(-0.0235298 0.00515742 0)
(-0.0262627 0.00502728 0)
(-0.0289004 0.00481464 0)
(-0.0314016 0.00452596 0)
(-0.0337279 0.00416804 0)
(-0.0358448 0.00374797 0)
(-0.0377212 0.00327304 0)
(-0.0393302 0.00275075 0)
(-0.0406487 0.00218875 0)
(-0.0416578 0.0015949 0)
(-0.0423428 0.000977253 0)
(-0.0426934 0.000344056 0)
(-0.0427038 -0.000296232 0)
(-0.0423726 -0.000934941 0)
(-0.0417033 -0.0015632 0)
(-0.0407039 -0.00217197 0)
(-0.0393873 -0.00275207 0)
(-0.0377714 -0.00329423 0)
(-0.0358786 -0.00378921 0)
(-0.0337365 -0.00422785 0)
(-0.0313769 -0.00460122 0)
(-0.0288363 -0.00490075 0)
(-0.0261555 -0.00511843 0)
(-0.0233789 -0.00524696 0)
(-0.0205543 -0.00528004 0)
(-0.0177319 -0.00521261 0)
(-0.0149641 -0.00504118 0)
(-0.0123038 -0.00476431 0)
(-0.00980348 -0.00438318 0)
(-0.00751357 -0.00390241 0)
(-0.0054804 -0.00333131 0)
(-0.00374372 -0.00268571 0)
(-0.00233359 -0.0019909 0)
(-0.00126619 -0.00128603 0)
(-0.000538783 -0.000630016 0)
(-0.000129787 -0.000110765 0)
(-5.91332e-07 0.000130283 0)
(-3.3698e-05 -3.34141e-06 0)
(-0.000310105 0.000567909 0)
(-0.00100049 0.00145852 0)
(-0.00209843 0.00249801 0)
(-0.00360091 0.00357605 0)
(-0.00549725 0.0046167 0)
(-0.00775978 0.00556887 0)
(-0.0103482 0.00639973 0)
(-0.0132138 0.00708937 0)
(-0.0163021 0.00762694 0)
(-0.0195553 0.00800811 0)
(-0.0229144 0.00823313 0)
(-0.0263201 0.00830559 0)
(-0.0297146 0.00823147 0)
(-0.0330422 0.00801847 0)
(-0.0362502 0.00767555 0)
(-0.0392892 0.00721258 0)
(-0.0421137 0.00664011 0)
(-0.0446823 0.00596921 0)
(-0.046958 0.00521139 0)
(-0.0489085 0.00437847 0)
(-0.0505061 0.00348264 0)
(-0.0517283 0.00253639 0)
(-0.0525576 0.00155254 0)
(-0.0529816 0.000544215 0)
(-0.0529935 -0.000475115 0)
(-0.0525917 -0.00149167 0)
(-0.0517803 -0.00249138 0)
(-0.0505692 -0.0034599 0)
(-0.0489739 -0.00438274 0)
(-0.0470156 -0.00524531 0)
(-0.0447215 -0.00603304 0)
(-0.0421241 -0.00673161 0)
(-0.0392617 -0.00732708 0)
(-0.0361776 -0.00780617 0)
(-0.0329202 -0.0081565 0)
(-0.0295421 -0.00836697 0)
(-0.0260998 -0.00842808 0)
(-0.0226527 -0.00833242 0)
(-0.019262 -0.00807521 0)
(-0.0159898 -0.00765497 0)
(-0.0128975 -0.00707441 0)
(-0.0100437 -0.0063416 0)
(-0.00748251 -0.00547165 0)
(-0.00526069 -0.00448905 0)
(-0.00341507 -0.00343104 0)
(-0.00196836 -0.00235252 0)
(-0.000925126 -0.00133197 0)
(-0.000280035 -0.000480184 0)
(-2.81838e-05 3.54827e-05 0)
(-6.11695e-05 0.000188482 0)
(-0.000465868 0.00117304 0)
(-0.00140688 0.00249779 0)
(-0.00283826 0.00397725 0)
(-0.00473563 0.00548481 0)
(-0.00707731 0.00692945 0)
(-0.0098265 0.00824739 0)
(-0.0129348 0.00939594 0)
(-0.0163459 0.0103481 0)
(-0.0199984 0.0110884 0)
(-0.023827 0.0116101 0)
(-0.0277654 0.0119125 0)
(-0.031747 0.012 0)
(-0.0357067 0.0118802 0)
(-0.0395815 0.0115635 0)
(-0.0433119 0.0110622 0)
(-0.0468419 0.0103899 0)
(-0.0501198 0.00956154 0)
(-0.0530987 0.00859263 0)
(-0.0557363 0.00749953 0)
(-0.057996 0.00629914 0)
(-0.0598464 0.00500886 0)
(-0.0612617 0.0036466 0)
(-0.062222 0.00223071 0)
(-0.0627132 0.000780019 0)
(-0.0627275 -0.00068617 0)
(-0.0622634 -0.00214813 0)
(-0.0613253 -0.00358574 0)
(-0.0599247 -0.00497854 0)
(-0.058079 -0.00630586 0)
(-0.0558126 -0.00754692 0)
(-0.0531561 -0.0086811 0)
(-0.0501466 -0.00968807 0)
(-0.0468275 -0.0105482 0)
(-0.0432479 -0.0112428 0)
(-0.0394625 -0.0117545 0)
(-0.0355308 -0.012068 0)
(-0.0315166 -0.0121702 0)
(-0.0274869 -0.0120512 0)
(-0.0235108 -0.0117048 0)
(-0.0196582 -0.0111296 0)
(-0.0159981 -0.01033 0)
(-0.0125969 -0.00931806 0)
(-0.0095162 -0.00811489 0)
(-0.00681026 -0.00675371 0)
(-0.00452393 -0.00528331 0)
(-0.00268868 -0.00377285 0)
(-0.00131936 -0.0023173 0)
(-0.000430576 -0.00104492 0)
(-5.4604e-05 -0.000139217 0)
(-8.65381e-05 0.00045988 0)
(-0.000615783 0.00197878 0)
(-0.00180537 0.00383031 0)
(-0.00357015 0.00582152 0)
(-0.00586289 0.00781483 0)
(-0.00864896 0.00970778 0)
(-0.0118807 0.0114263 0)
(-0.0155004 0.0129191 0)
(-0.0194437 0.0141529 0)
(-0.0236417 0.0151079 0)
(-0.0280222 0.015775 0)
(-0.0325121 0.0161529 0)
(-0.0370382 0.0162466 0)
(-0.0415291 0.0160657 0)
(-0.0459156 0.0156235 0)
(-0.0501324 0.0149356 0)
(-0.0541177 0.0140202 0)
(-0.057815 0.0128966 0)
(-0.0611723 0.0115854 0)
(-0.0641434 0.0101085 0)
(-0.0666878 0.00848837 0)
(-0.0687708 0.00674817 0)
(-0.0703641 0.00491186 0)
(-0.0714458 0.00300401 0)
(-0.0720003 0.00104983 0)
(-0.0720189 -0.000924878 0)
(-0.0714999 -0.00289375 0)
(-0.0704483 -0.00482989 0)
(-0.0688764 -0.00670602 0)
(-0.0668035 -0.00849459 0)
(-0.0642563 -0.010168 0)
(-0.0612684 -0.0116987 0)
(-0.0578806 -0.0130599 0)
(-0.0541403 -0.0142255 0)
(-0.0501017 -0.0151709 0)
(-0.0458246 -0.0158733 0)
(-0.0413746 -0.0163126 0)
(-0.0368216 -0.0164718 0)
(-0.0322393 -0.0163381 0)
(-0.0277036 -0.0159038 0)
(-0.0232917 -0.0151676 0)
(-0.0190799 -0.0141356 0)
(-0.015142 -0.0128234 0)
(-0.0115475 -0.0112582 0)
(-0.00835891 -0.00948146 0)
(-0.00563051 -0.0075523 0)
(-0.00340429 -0.00555217 0)
(-0.00170738 -0.00358932 0)
(-0.000575859 -0.00180471 0)
(-7.90078e-05 -0.000390884 0)
(-0.000109817 0.000806498 0)
(-0.000758241 0.00297963 0)
(-0.00219029 0.00545194 0)
(-0.00428353 0.008028 0)
(-0.00696783 0.0105635 0)
(-0.0101945 0.0129478 0)
(-0.0139038 0.0150991 0)
(-0.0180278 0.0169593 0)
(-0.0224931 0.0184898 0)
(-0.0272231 0.0196674 0)
(-0.0321387 0.0204809 0)
(-0.03716 0.0209289 0)
(-0.0422078 0.0210173 0)
(-0.047205 0.020758 0)
(-0.052077 0.0201672 0)
(-0.0567531 0.0192646 0)
(-0.0611672 0.0180729 0)
(-0.0652581 0.0166164 0)
(-0.06897 0.0149213 0)
(-0.0722531 0.0130152 0)
(-0.0750637 0.0109267 0)
(-0.0773646 0.0086854 0)
(-0.0791251 0.0063217 0)
(-0.0803216 0.00386695 0)
(-0.0809374 0.00135326 0)
(-0.0809629 -0.00118651 0)
(-0.080396 -0.00371876 0)
(-0.0792422 -0.0062093 0)
(-0.0775144 -0.00862341 0)
(-0.0752334 -0.0109261 0)
(-0.0724274 -0.0130822 0)
(-0.0691326 -0.015057 0)
(-0.0653927 -0.0168164 0)
(-0.0612587 -0.0183274 0)
(-0.0567886 -0.0195588 0)
(-0.0520469 -0.020482 0)
(-0.0471041 -0.0210714 0)
(-0.0420357 -0.021306 0)
(-0.0369214 -0.0211697 0)
(-0.0318436 -0.0206529 0)
(-0.0268862 -0.0197538 0)
(-0.0221326 -0.0184801 0)
(-0.0176647 -0.0168508 0)
(-0.01356 -0.0148982 0)
(-0.00989054 -0.0126711 0)
(-0.00672095 -0.0102377 0)
(-0.00410514 -0.00768958 0)
(-0.00208368 -0.00514532 0)
(-0.000714273 -0.00275489 0)
(-0.000101383 -0.000715432 0)
(-0.000131307 0.001224 0)
(-0.000893449 0.00416851 0)
(-0.00256048 0.00735578 0)
(-0.00497518 0.0105908 0)
(-0.00804511 0.0137256 0)
(-0.0117071 0.0166444 0)
(-0.0158886 0.0192597 0)
(-0.0205105 0.0215086 0)
(-0.02549 0.0233486 0)
(-0.0307421 0.0247538 0)
(-0.0361804 0.0257122 0)
(-0.0417187 0.0262225 0)
(-0.0472719 0.026292 0)
(-0.0527572 0.0259352 0)
(-0.0580953 0.025172 0)
(-0.0632111 0.0240263 0)
(-0.0680341 0.0225255 0)
(-0.0724995 0.0206996 0)
(-0.0765482 0.0185807 0)
(-0.0801273 0.0162025 0)
(-0.0831907 0.0136001 0)
(-0.0856987 0.0108098 0)
(-0.087619 0.00786905 0)
(-0.0889264 0.00481636 0)
(-0.089603 0.00169117 0)
(-0.0896385 -0.00146617 0)
(-0.0890307 -0.0046144 0)
(-0.0877848 -0.00771153 0)
(-0.0859144 -0.010715 0)
(-0.083441 -0.0135818 0)
(-0.0803945 -0.0162689 0)
(-0.0768126 -0.0187336 0)
(-0.0727414 -0.0209341 0)
(-0.0682347 -0.02283 0)
(-0.0633539 -0.0243831 0)
(-0.0581674 -0.0255582 0)
(-0.0527502 -0.0263241 0)
(-0.0471828 -0.0266549 0)
(-0.0415503 -0.0265307 0)
(-0.0359414 -0.0259396 0)
(-0.0304466 -0.024879 0)
(-0.0251571 -0.0233574 0)
(-0.0201626 -0.0213963 0)
(-0.0155498 -0.0190326 0)
(-0.0114007 -0.0163211 0)
(-0.00779154 -0.0133375 0)
(-0.00478898 -0.0101816 0)
(-0.00244757 -0.00698016 0)
(-0.000846166 -0.00388944 0)
(-0.000122046 -0.00110883 0)
(-0.000151384 0.0017086 0)
(-0.00102242 0.00553842 0)
(-0.00291717 0.00953425 0)
(-0.00564602 0.013503 0)
(-0.00909512 0.0172951 0)
(-0.0131868 0.020792 0)
(-0.0178352 0.0239025 0)
(-0.0229495 0.0265607 0)
(-0.0284369 0.0287216 0)
(-0.0342037 0.0303581 0)
(-0.040156 0.0314578 0)
(-0.0462009 0.0320206 0)
(-0.0522473 0.0320561 0)
(-0.0582076 0.0315817 0)
(-0.0639977 0.0306213 0)
(-0.0695383 0.0292037 0)
(-0.0747556 0.0273615 0)
(-0.0795813 0.0251307 0)
(-0.0839536 0.0225494 0)
(-0.0878171 0.0196579 0)
(-0.0911234 0.0164983 0)
(-0.0938312 0.0131139 0)
(-0.0959064 0.00954949 0)
(-0.0973226 0.00585098 0)
(-0.098061 0.00206551 0)
(-0.0981106 -0.00175872 0)
(-0.0974685 -0.00557247 0)
(-0.0961399 -0.00932559 0)
(-0.0941387 -0.0129672 0)
(-0.0914868 -0.0164461 0)
(-0.0882149 -0.0197108 0)
(-0.0843622 -0.0227103 0)
(-0.0799765 -0.0253945 0)
(-0.0751139 -0.0277151 0)
(-0.0698384 -0.0296264 0)
(-0.064222 -0.031086 0)
(-0.0583434 -0.0320565 0)
(-0.052288 -0.0325063 0)
(-0.0461462 -0.0324114 0)
(-0.0400126 -0.0317569 0)
(-0.0339849 -0.0305384 0)
(-0.0281617 -0.0287644 0)
(-0.0226415 -0.0264583 0)
(-0.0175207 -0.0236603 0)
(-0.0128923 -0.02043 0)
(-0.00884477 -0.0168492 0)
(-0.00545805 -0.0130244 0)
(-0.00280097 -0.00908849 0)
(-0.000972789 -0.00520267 0)
(-0.000141408 -0.00156768 0)
(-0.000170411 0.00225723 0)
(-0.00114645 0.00708326 0)
(-0.00326273 0.0119803 0)
(-0.00629921 0.0167578 0)
(-0.0101215 0.0212661 0)
(-0.0146376 0.0253852 0)
(-0.0197483 0.0290225 0)
(-0.0253504 0.0321104 0)
(-0.0313409 0.034603 0)
(-0.0376168 0.0364732 0)
(-0.0440765 0.0377096 0)
(-0.0506201 0.038314 0)
(-0.0571511 0.038299 0)
(-0.0635764 0.0376858 0)
(-0.0698078 0.036503 0)
(-0.0757623 0.0347844 0)
(-0.0813626 0.0325687 0)
(-0.0865379 0.0298978 0)
(-0.0912238 0.0268167 0)
(-0.095363 0.0233725 0)
(-0.0989052 0.0196143 0)
(-0.101808 0.015593 0)
(-0.104035 0.0113606 0)
(-0.10556 0.00697104 0)
(-0.106362 0.00247918 0)
(-0.10643 -0.00205865 0)
(-0.10576 -0.00658499 0)
(-0.104358 -0.0110413 0)
(-0.102237 -0.0153682 0)
(-0.0994194 -0.0195056 0)
(-0.0959357 -0.0233935 0)
(-0.0918265 -0.0269721 0)
(-0.0871405 -0.0301827 0)
(-0.0819356 -0.0329684 0)
(-0.0762783 -0.0352753 0)
(-0.0702433 -0.0370535 0)
(-0.063913 -0.0382584 0)
(-0.0573772 -0.0388524 0)
(-0.0507314 -0.0388063 0)
(-0.0440764 -0.0381012 0)
(-0.0375169 -0.0367302 0)
(-0.0311598 -0.034701 0)
(-0.0251126 -0.0320374 0)
(-0.0194822 -0.0287819 0)
(-0.0143731 -0.0249978 0)
(-0.00988683 -0.0207715 0)
(-0.00611714 -0.016215 0)
(-0.00314713 -0.0114661 0)
(-0.00109578 -0.00669021 0)
(-0.000159888 -0.00208948 0)
(-0.000188717 0.00286764 0)
(-0.00126692 0.00879824 0)
(-0.0036 0.0146883 0)
(-0.00693896 0.0203496 0)
(-0.0111297 0.0256333 0)
(-0.016066 0.0304196 0)
(-0.0216351 0.0346154 0)
(-0.0277215 0.0381534 0)
(-0.0342112 0.0409881 0)
(-0.0409919 0.0430939 0)
(-0.0479539 0.0444614 0)
(-0.0549904 0.0450955 0)
(-0.0619989 0.0450126 0)
(-0.0688815 0.0442386 0)
(-0.0755457 0.0428074 0)
(-0.0819051 0.0407587 0)
(-0.0878796 0.0381374 0)
(-0.0933959 0.0349921 0)
(-0.0983876 0.0313747 0)
(-0.102796 0.0273395 0)
(-0.106569 0.0229432 0)
(-0.109662 0.0182438 0)
(-0.11204 0.0133016 0)
(-0.113674 0.00817791 0)
(-0.114543 0.00293588 0)
(-0.114635 -0.00236002 0)
(-0.113945 -0.00764393 0)
(-0.112479 -0.0128487 0)
(-0.110248 -0.0179063 0)
(-0.107276 -0.0227477 0)
(-0.103594 -0.0273038 0)
(-0.099241 -0.0315057 0)
(-0.0942676 -0.0352855 0)
(-0.0887328 -0.0385775 0)
(-0.0827047 -0.0413189 0)
(-0.0762605 -0.0434515 0)
(-0.0694861 -0.0449228 0)
(-0.0624752 -0.0456883 0)
(-0.0553286 -0.0457125 0)
(-0.0481532 -0.0449716 0)
(-0.0410611 -0.0434553 0)
(-0.0341676 -0.041169 0)
(-0.0275901 -0.038136 0)
(-0.0214463 -0.0343999 0)
(-0.0158533 -0.0300262 0)
(-0.010926 -0.025105 0)
(-0.00677235 -0.0197524 0)
(-0.00348991 -0.0141109 0)
(-0.00121689 -0.00834945 0)
(-0.000177879 -0.0026727 0)
(-0.000206586 0.0035383 0)
(-0.00138513 0.01068 0)
(-0.00393188 0.017654 0)
(-0.00756987 0.0242741 0)
(-0.0121258 0.030393 0)
(-0.0174793 0.0358915 0)
(-0.0235041 0.0406781 0)
(-0.0300721 0.0446865 0)
(-0.0370581 0.0478735 0)
(-0.0443402 0.050216 0)
(-0.0518003 0.0517082 0)
(-0.0593246 0.0523592 0)
(-0.0668046 0.0521902 0)
(-0.0741377 0.0512328 0)
(-0.0812273 0.0495268 0)
(-0.0879839 0.0471185 0)
(-0.0943247 0.0440596 0)
(-0.100174 0.040406 0)
(-0.105465 0.0362167 0)
(-0.110136 0.0315537 0)
(-0.114136 0.026481 0)
(-0.117418 0.0210646 0)
(-0.119945 0.0153724 0)
(-0.12169 0.00947381 0)
(-0.122629 0.00343997 0)
(-0.12275 -0.00265639 0)
(-0.122048 -0.00874094 0)
(-0.120527 -0.0147379 0)
(-0.118198 -0.0205704 0)
(-0.115084 -0.0261602 0)
(-0.111216 -0.031429 0)
(-0.106632 -0.0362984 0)
(-0.101384 -0.040691 0)
(-0.0955315 -0.0445315 0)
(-0.0891432 -0.0477477 0)
(-0.0822987 -0.0502722 0)
(-0.0750869 -0.052044 0)
(-0.0676053 -0.0530103 0)
(-0.0599599 -0.0531286 0)
(-0.0522639 -0.0523689 0)
(-0.0446367 -0.0507162 0)
(-0.0372028 -0.0481723 0)
(-0.0300897 -0.0447588 0)
(-0.0234271 -0.0405187 0)
(-0.0173446 -0.0355191 0)
(-0.0119715 -0.0298524 0)
(-0.00743036 -0.0236382 0)
(-0.00383338 -0.017023 0)
(-0.00133787 -0.0101798 0)
(-0.000195742 -0.00331675 0)
(-0.000224265 0.00426835 0)
(-0.0015023 0.0127265 0)
(-0.00426121 0.020875 0)
(-0.00819653 0.0285289 0)
(-0.013116 0.0355427 0)
(-0.0188852 0.0417989 0)
(-0.0253641 0.0472083 0)
(-0.0324119 0.0517074 0)
(-0.0398919 0.0552564 0)
(-0.0476724 0.0578362 0)
(-0.0556267 0.0594459 0)
(-0.0636338 0.0600999 0)
(-0.0715795 0.0598258 0)
(-0.0793563 0.0586615 0)
(-0.0868639 0.0566538 0)
(-0.0940097 0.0538562 0)
(-0.100709 0.050328 0)
(-0.106884 0.0461326 0)
(-0.112467 0.0413368 0)
(-0.117396 0.0360101 0)
(-0.121617 0.0302246 0)
(-0.125085 0.0240539 0)
(-0.127762 0.0175737 0)
(-0.129618 0.0108614 0)
(-0.130632 0.0039963 0)
(-0.130789 -0.00294079 0)
(-0.130082 -0.00986714 0)
(-0.128516 -0.0166983 0)
(-0.126102 -0.0233484 0)
(-0.122859 -0.0297303 0)
(-0.118818 -0.0357558 0)
(-0.114018 -0.0413371 0)
(-0.108509 -0.0463866 0)
(-0.102351 -0.050819 0)
(-0.0956132 -0.0545519 0)
(-0.0883778 -0.057508 0)
(-0.0807356 -0.0596165 0)
(-0.0727879 -0.0608155 0)
(-0.0646456 -0.0610542 0)
(-0.0564281 -0.060295 0)
(-0.0482628 -0.0585167 0)
(-0.0402833 -0.0557162 0)
(-0.032628 -0.0519119 0)
(-0.0254388 -0.0471452 0)
(-0.0188592 -0.0414829 0)
(-0.0130328 -0.0350193 0)
(-0.00809797 -0.0278765 0)
(-0.00418158 -0.0202051 0)
(-0.00146039 -0.0121825 0)
(-0.000213803 -0.00402198 0)
(-0.000241965 0.00505755 0)
(-0.00161951 0.0149373 0)
(-0.00459059 0.0243504 0)
(-0.00882329 0.0331132 0)
(-0.0141063 0.0410816 0)
(-0.0202911 0.0481409 0)
(-0.0272237 0.0542049 0)
(-0.0347502 0.0592144 0)
(-0.0427223 0.0631342 0)
(-0.0509981 0.0659509 0)
(-0.0594424 0.0676698 0)
(-0.067927 0.0683122 0)
(-0.0763317 0.0679128 0)
(-0.0845445 0.0665173 0)
(-0.0924615 0.0641804 0)
(-0.0999877 0.0609637 0)
(-0.107036 0.0569345 0)
(-0.113529 0.0521644 0)
(-0.119396 0.0467282 0)
(-0.124575 0.0407036 0)
(-0.129013 0.0341703 0)
(-0.132664 0.0272099 0)
(-0.13549 0.019906 0)
(-0.13746 0.0123437 0)
(-0.138552 0.00461012 0)
(-0.13875 -0.00320574 0)
(-0.138049 -0.0110129 0)
(-0.136449 -0.0187185 0)
(-0.133961 -0.0262277 0)
(-0.130604 -0.033444 0)
(-0.126406 -0.04027 0)
(-0.121405 -0.0466074 0)
(-0.11565 -0.0523586 0)
(-0.109201 -0.0574273 0)
(-0.102127 -0.0617206 0)
(-0.0945121 -0.06515 0)
(-0.086448 -0.0676341 0)
(-0.0780399 -0.0691006 0)
(-0.0694033 -0.0694886 0)
(-0.060664 -0.068752 0)
(-0.0519573 -0.0668613 0)
(-0.0434263 -0.0638073 0)
(-0.035221 -0.0596034 0)
(-0.0274959 -0.0542879 0)
(-0.020409 -0.0479264 0)
(-0.0141196 -0.0406136 0)
(-0.00878187 -0.0324742 0)
(-0.00453844 -0.0236625 0)
(-0.00158605 -0.0143611 0)
(-0.000232359 -0.00478957 0)
(-0.000259869 0.00590622 0)
(-0.00173776 0.0173129 0)
(-0.00492246 0.0280812 0)
(-0.0094542 0.0380278 0)
(-0.0151024 0.0470104 0)
(-0.0217039 0.0549177 0)
(-0.0290906 0.0616675 0)
(-0.0370952 0.0672061 0)
(-0.0455576 0.0715045 0)
(-0.0543254 0.0745564 0)
(-0.0632546 0.0763748 0)
(-0.0722099 0.0769894 0)
(-0.0810655 0.0764434 0)
(-0.0897048 0.0747914 0)
(-0.0980208 0.0720971 0)
(-0.105916 0.0684311 0)
(-0.113303 0.0638694 0)
(-0.120102 0.0584923 0)
(-0.126244 0.0523832 0)
(-0.131665 0.0456277 0)
(-0.136314 0.0383136 0)
(-0.140143 0.0305305 0)
(-0.143115 0.0223694 0)
(-0.1452 0.0139233 0)
(-0.146374 0.0052868 0)
(-0.146621 -0.00344322 0)
(-0.145935 -0.0121678 0)
(-0.144314 -0.0207858 0)
(-0.141767 -0.0291937 0)
(-0.138311 -0.0372858 0)
(-0.133973 -0.0449549 0)
(-0.12879 -0.0520928 0)
(-0.122807 -0.0585908 0)
(-0.116084 -0.0643417 0)
(-0.108691 -0.0692407 0)
(-0.100709 -0.0731876 0)
(-0.0922343 -0.0760889 0)
(-0.0833737 -0.0778605 0)
(-0.0742472 -0.0784303 0)
(-0.064987 -0.0777413 0)
(-0.0557361 -0.0757547 0)
(-0.0466478 -0.0724529 0)
(-0.0378837 -0.0678425 0)
(-0.029612 -0.0619575 0)
(-0.0220058 -0.0548607 0)
(-0.015241 -0.0466465 0)
(-0.00948853 -0.0374412 0)
(-0.00490771 -0.0274031 0)
(-0.00171635 -0.0167207 0)
(-0.000251683 -0.00562152 0)
(-0.000278139 0.00681512 0)
(-0.00185792 0.0198551 0)
(-0.00525901 0.0320696 0)
(-0.010093 0.043275 0)
(-0.0161093 0.0533313 0)
(-0.02313 0.0621306 0)
(-0.0309721 0.0695964 0)
(-0.0394544 0.0756813 0)
(-0.0484047 0.0803644 0)
(-0.0576601 0.083648 0)
(-0.0670678 0.0855544 0)
(-0.0764852 0.0861232 0)
(-0.085781 0.0854077 0)
(-0.0948346 0.0834728 0)
(-0.103536 0.0803921 0)
(-0.111787 0.0762461 0)
(-0.119498 0.0711206 0)
(-0.12659 0.0651049 0)
(-0.132993 0.0582912 0)
(-0.138645 0.0507737 0)
(-0.143495 0.0426481 0)
(-0.147497 0.0340117 0)
(-0.150612 0.024963 0)
(-0.152812 0.0156023 0)
(-0.154071 0.00603167 0)
(-0.154375 -0.00364479 0)
(-0.153713 -0.0133205 0)
(-0.152084 -0.0228862 0)
(-0.149494 -0.0322301 0)
(-0.145959 -0.0412375 0)
(-0.141502 -0.0497915 0)
(-0.136157 -0.0577736 0)
(-0.129969 -0.0650641 0)
(-0.122993 -0.0715438 0)
(-0.1153 -0.0770958 0)
(-0.106969 -0.0816067 0)
(-0.0980984 -0.0849699 0)
(-0.0887964 -0.0870879 0)
(-0.0791873 -0.0878756 0)
(-0.0694091 -0.0872634 0)
(-0.0596128 -0.0852008 0)
(-0.0499618 -0.0816601 0)
(-0.04063 -0.0766395 0)
(-0.0317999 -0.0701661 0)
(-0.0236606 -0.0622991 0)
(-0.0164056 -0.0531311 0)
(-0.0102241 -0.0427897 0)
(-0.005293 -0.0314372 0)
(-0.00185271 -0.0192684 0)
(-0.000272032 -0.00652059 0)
(-0.000296922 0.00778549 0)
(-0.00198082 0.0225668 0)
(-0.00560229 0.0363193 0)
(-0.0107432 0.0488588 0)
(-0.017132 0.0600474 0)
(-0.0245751 0.069782 0)
(-0.0328742 0.0779922 0)
(-0.0418339 0.0846388 0)
(-0.0512691 0.0897103 0)
(-0.0610063 0.0932195 0)
(-0.0708837 0.0952 0)
(-0.0807518 0.0957027 0)
(-0.0904741 0.0947929 0)
(-0.0999262 0.0925468 0)
(-0.108996 0.0890496 0)
(-0.117584 0.0843928 0)
(-0.1256 0.0786722 0)
(-0.132967 0.0719871 0)
(-0.139615 0.0644389 0)
(-0.145484 0.0561302 0)
(-0.150523 0.0471649 0)
(-0.154688 0.0376477 0)
(-0.157941 0.0276844 0)
(-0.160254 0.0173821 0)
(-0.161601 0.00684978 0)
(-0.161967 -0.00380164 0)
(-0.161341 -0.0144584 0)
(-0.15972 -0.0250039 0)
(-0.157106 -0.0353182 0)
(-0.153513 -0.045278 0)
(-0.14896 -0.0547571 0)
(-0.14348 -0.0636262 0)
(-0.137111 -0.0717547 0)
(-0.12991 -0.079011 0)
(-0.12194 -0.0852648 0)
(-0.113284 -0.0903889 0)
(-0.104037 -0.0942621 0)
(-0.094309 -0.0967718 0)
(-0.0842285 -0.0978179 0)
(-0.0739384 -0.0973162 0)
(-0.0635978 -0.0952023 0)
(-0.0533801 -0.0914361 0)
(-0.0434721 -0.0860048 0)
(-0.0340713 -0.0789273 0)
(-0.0253838 -0.0702568 0)
(-0.017622 -0.0600832 0)
(-0.0109945 -0.0485347 0)
(-0.00569773 -0.0357773 0)
(-0.00199649 -0.0220131 0)
(-0.00029365 -0.00749025 0)
(-0.000316353 0.00881896 0)
(-0.00210724 0.0254518 0)
(-0.00595426 0.0408352 0)
(-0.0114079 0.0547842 0)
(-0.0181749 0.0671633 0)
(-0.0260446 0.0778745 0)
(-0.0348026 0.0868554 0)
(-0.0442385 0.0940763 0)
(-0.0541543 0.0995369 0)
(-0.0643654 0.103263 0)
(-0.0747009 0.1053 0)
(-0.0850048 0.105714 0)
(-0.0951354 0.104582 0)
(-0.104965 0.101995 0)
(-0.114381 0.0980498 0)
(-0.123282 0.0928503 0)
(-0.131581 0.0865037 0)
(-0.139199 0.0791194 0)
(-0.14607 0.0708084 0)
(-0.152137 0.0616819 0)
(-0.157349 0.0518518 0)
(-0.161664 0.04143 0)
(-0.165047 0.030529 0)
(-0.167469 0.0192625 0)
(-0.168906 0.00774551 0)
(-0.169341 -0.00390475 0)
(-0.168763 -0.0155682 0)
(-0.167165 -0.0271213 0)
(-0.164548 -0.0384367 0)
(-0.160921 -0.0493831 0)
(-0.156302 -0.0598247 0)
(-0.150715 -0.0696225 0)
(-0.144199 -0.078634 0)
(-0.136803 -0.086715 0)
(-0.128589 -0.0937212 0)
(-0.119636 -0.0995105 0)
(-0.110038 -0.103945 0)
(-0.0999056 -0.106896 0)
(-0.0893698 -0.108247 0)
(-0.0785784 -0.107894 0)
(-0.0676979 -0.10576 0)
(-0.056912 -0.101786 0)
(-0.0464205 -0.0959487 0)
(-0.0364366 -0.088255 0)
(-0.0271848 -0.0787504 0)
(-0.0188977 -0.0675206 0)
(-0.0118054 -0.0546934 0)
(-0.00612523 -0.0404383 0)
(-0.00214903 -0.0249652 0)
(-0.000316775 -0.00853466 0)
(-0.000336571 0.00991754 0)
(-0.00223793 0.0285147 0)
(-0.00631683 0.0456236 0)
(-0.0120906 0.0610576 0)
(-0.0192421 0.0746842 0)
(-0.0275432 0.0864116 0)
(-0.036762 0.0961864 0)
(-0.0466724 0.103991 0)
(-0.0570625 0.109837 0)
(-0.0677366 0.113766 0)
(-0.078515 0.11584 0)
(-0.089235 0.116137 0)
(-0.0997506 0.114753 0)
(-0.109932 0.111793 0)
(-0.119665 0.107367 0)
(-0.12885 0.101592 0)
(-0.1374 0.0945888 0)
(-0.145241 0.0864767 0)
(-0.152308 0.0773765 0)
(-0.158546 0.0674085 0)
(-0.16391 0.0566921 0)
(-0.168359 0.0453462 0)
(-0.17186 0.0334896 0)
(-0.174385 0.0212414 0)
(-0.175911 0.00872232 0)
(-0.176422 -0.00394513 0)
(-0.175902 -0.0166353 0)
(-0.174345 -0.0292187 0)
(-0.171749 -0.0415613 0)
(-0.168117 -0.0535242 0)
(-0.163463 -0.064963 0)
(-0.157807 -0.0757286 0)
(-0.151181 -0.085667 0)
(-0.143629 -0.0946211 0)
(-0.135209 -0.102432 0)
(-0.125996 -0.108941 0)
(-0.11608 -0.113993 0)
(-0.105572 -0.11744 0)
(-0.0946038 -0.119145 0)
(-0.0833274 -0.118988 0)
(-0.071916 -0.116869 0)
(-0.0605636 -0.112714 0)
(-0.0494833 -0.106481 0)
(-0.0389049 -0.0981635 0)
(-0.0290724 -0.0877978 0)
(-0.0202404 -0.075463 0)
(-0.0126622 -0.0612852 0)
(-0.00657874 -0.0454371 0)
(-0.00231163 -0.0281368 0)
(-0.000341646 -0.00965867 0)
(-0.000357719 0.0110837 0)
(-0.00237372 0.0317614 0)
(-0.00669201 0.0506917 0)
(-0.0127943 0.0676864 0)
(-0.0203382 0.0826161 0)
(-0.0290758 0.0953964 0)
(-0.0387569 0.105985 0)
(-0.0491383 0.114377 0)
(-0.0599941 0.120601 0)
(-0.0711168 0.124715 0)
(-0.0823181 0.126799 0)
(-0.093429 0.126949 0)
(-0.1043 0.125279 0)
(-0.114799 0.121909 0)
(-0.124813 0.116968 0)
(-0.134244 0.110585 0)
(-0.143008 0.102894 0)
(-0.151034 0.094027 0)
(-0.158261 0.0841139 0)
(-0.164641 0.073284 0)
(-0.170129 0.0616643 0)
(-0.174689 0.0493799 0)
(-0.178292 0.0365552 0)
(-0.180911 0.0233143 0)
(-0.182524 0.00978225 0)
(-0.183114 -0.00391403 0)
(-0.182666 -0.0176444 0)
(-0.18117 -0.0312744 0)
(-0.17862 -0.0446644 0)
(-0.175016 -0.0576686 0)
(-0.170365 -0.0701349 0)
(-0.164681 -0.0819044 0)
(-0.157991 -0.0928118 0)
(-0.15033 -0.102687 0)
(-0.141751 -0.111355 0)
(-0.132322 -0.11864 0)
(-0.122131 -0.124369 0)
(-0.111285 -0.128372 0)
(-0.0999153 -0.130491 0)
(-0.0881772 -0.130583 0)
(-0.0762502 -0.128524 0)
(-0.0643377 -0.124219 0)
(-0.0526666 -0.117608 0)
(-0.0414839 -0.108667 0)
(-0.0310545 -0.0974174 0)
(-0.0216569 -0.0839314 0)
(-0.0135702 -0.0683313 0)
(-0.00706152 -0.0507926 0)
(-0.00248562 -0.0315416 0)
(-0.000368508 -0.0108678 0)
(-0.000379956 0.0123202 0)
(-0.0025155 0.0351986 0)
(-0.00708201 0.0560484 0)
(-0.0135228 0.0746793 0)
(-0.0214677 0.0909658 0)
(-0.0306473 0.104832 0)
(-0.0407913 0.116249 0)
(-0.0516385 0.125228 0)
(-0.062948 0.131816 0)
(-0.0745005 0.13609 0)
(-0.0860988 0.138152 0)
(-0.0975683 0.138119 0)
(-0.108757 0.136123 0)
(-0.119532 0.132306 0)
(-0.129782 0.126812 0)
(-0.139412 0.119787 0)
(-0.148342 0.111378 0)
(-0.156508 0.10173 0)
(-0.163853 0.0909835 0)
(-0.170333 0.0792756 0)
(-0.175911 0.0667405 0)
(-0.180555 0.0535093 0)
(-0.184238 0.039711 0)
(-0.186937 0.0254737 0)
(-0.188632 0.0109255 0)
(-0.189305 -0.00380327 0)
(-0.18894 -0.0185793 0)
(-0.187525 -0.0332646 0)
(-0.185051 -0.0477149 0)
(-0.181511 -0.0617789 0)
(-0.176907 -0.0752974 0)
(-0.171245 -0.0881025 0)
(-0.164543 -0.100018 0)
(-0.15683 -0.110861 0)
(-0.148149 -0.12044 0)
(-0.138561 -0.128561 0)
(-0.128147 -0.13503 0)
(-0.11701 -0.139656 0)
(-0.10528 -0.142253 0)
(-0.0931132 -0.142654 0)
(-0.0806933 -0.140709 0)
(-0.0682334 -0.136298 0)
(-0.0559738 -0.129335 0)
(-0.0441797 -0.119776 0)
(-0.0331383 -0.107628 0)
(-0.0231541 -0.0929479 0)
(-0.0145347 -0.0758551 0)
(-0.00757687 -0.0565259 0)
(-0.00267239 -0.0351949 0)
(-0.000397623 -0.0121683 0)
(-0.000403472 0.0136305 0)
(-0.00266431 0.0388342 0)
(-0.00748937 0.0617037 0)
(-0.0142802 0.0820461 0)
(-0.0226356 0.0997408 0)
(-0.0322629 0.114722 0)
(-0.0428695 0.126976 0)
(-0.0541749 0.136534 0)
(-0.065922 0.143463 0)
(-0.0778795 0.147866 0)
(-0.089842 0.149866 0)
(-0.10163 0.149607 0)
(-0.113089 0.147242 0)
(-0.124088 0.142934 0)
(-0.134518 0.136847 0)
(-0.14429 0.129145 0)
(-0.153329 0.11999 0)
(-0.161578 0.109537 0)
(-0.168987 0.0979395 0)
(-0.17552 0.0853421 0)
(-0.181146 0.0718858 0)
(-0.185837 0.0577066 0)
(-0.189573 0.0429371 0)
(-0.192334 0.0277081 0)
(-0.194102 0.0121499 0)
(-0.194859 -0.00360564 0)
(-0.19459 -0.0194235 0)
(-0.193278 -0.0351634 0)
(-0.190911 -0.0506783 0)
(-0.187476 -0.0658125 0)
(-0.182968 -0.0804009 0)
(-0.177385 -0.0942678 0)
(-0.170734 -0.107227 0)
(-0.163035 -0.119081 0)
(-0.15432 -0.129624 0)
(-0.144641 -0.138643 0)
(-0.13407 -0.14592 0)
(-0.122703 -0.151239 0)
(-0.110665 -0.154389 0)
(-0.0981123 -0.15517 0)
(-0.0852321 -0.153404 0)
(-0.0722453 -0.14894 0)
(-0.0594057 -0.141662 0)
(-0.046997 -0.131503 0)
(-0.0353302 -0.118446 0)
(-0.0247385 -0.102536 0)
(-0.0155613 -0.0838813 0)
(-0.00812828 -0.0626597 0)
(-0.00287341 -0.0391137 0)
(-0.000429276 -0.0135671 0)
(-0.000428497 0.0150184 0)
(-0.0028214 0.0426774 0)
(-0.00791713 0.0676693 0)
(-0.0150712 0.0897982 0)
(-0.0238482 0.108949 0)
(-0.0339289 0.125069 0)
(-0.0449963 0.138161 0)
(-0.0567487 0.14828 0)
(-0.0689124 0.155521 0)
(-0.0812435 0.16001 0)
(-0.0935287 0.161902 0)
(-0.105584 0.161365 0)
(-0.117256 0.158581 0)
(-0.128415 0.153735 0)
(-0.138958 0.147013 0)
(-0.148801 0.138598 0)
(-0.15788 0.128666 0)
(-0.166143 0.117388 0)
(-0.173554 0.104926 0)
(-0.18008 0.0914335 0)
(-0.185701 0.0770571 0)
(-0.190397 0.0619368 0)
(-0.194152 0.0462078 0)
(-0.196951 0.0300021 0)
(-0.198778 0.0134504 0)
(-0.199619 -0.00331536 0)
(-0.199456 -0.0201601 0)
(-0.19827 -0.0369433 0)
(-0.196044 -0.0535164 0)
(-0.192761 -0.0697214 0)
(-0.188404 -0.0853888 0)
(-0.182964 -0.100336 0)
(-0.176437 -0.114368 0)
(-0.16883 -0.127274 0)
(-0.160162 -0.138833 0)
(-0.150474 -0.148812 0)
(-0.139825 -0.156969 0)
(-0.128302 -0.16306 0)
(-0.116024 -0.166844 0)
(-0.103143 -0.168088 0)
(-0.0898464 -0.166577 0)
(-0.0763634 -0.162125 0)
(-0.0629597 -0.154584 0)
(-0.0499385 -0.143853 0)
(-0.0376361 -0.129889 0)
(-0.0264168 -0.112718 0)
(-0.0166555 -0.0924361 0)
(-0.00871949 -0.069219 0)
(-0.00309031 -0.0433168 0)
(-0.000463788 -0.015072 0)
(-0.000455323 0.0164887 0)
(-0.00298837 0.0467393 0)
(-0.0083691 0.0739589 0)
(-0.0159019 0.0979483 0)
(-0.0251128 0.118599 0)
(-0.0356525 0.135873 0)
(-0.047177 0.149797 0)
(-0.0593614 0.16045 0)
(-0.0719142 0.167958 0)
(-0.0845791 0.172482 0)
(-0.0971353 0.174207 0)
(-0.109397 0.173334 0)
(-0.12121 0.170073 0)
(-0.132451 0.164636 0)
(-0.143025 0.157233 0)
(-0.152856 0.148067 0)
(-0.16189 0.137332 0)
(-0.170088 0.125211 0)
(-0.177422 0.111876 0)
(-0.183872 0.0974893 0)
(-0.189426 0.082202 0)
(-0.194074 0.0661571 0)
(-0.197806 0.0494908 0)
(-0.200612 0.0323346 0)
(-0.202483 0.0148182 0)
(-0.203403 -0.00292853 0)
(-0.203355 -0.0207725 0)
(-0.202318 -0.0385747 0)
(-0.200271 -0.0561875 0)
(-0.197188 -0.0734523 0)
(-0.193046 -0.0901972 0)
(-0.187822 -0.106235 0)
(-0.181501 -0.121361 0)
(-0.174076 -0.135355 0)
(-0.165551 -0.14798 0)
(-0.15595 -0.15898 0)
(-0.14532 -0.168092 0)
(-0.133733 -0.17504 0)
(-0.121299 -0.179549 0)
(-0.108161 -0.181348 0)
(-0.0945079 -0.180184 0)
(-0.0805715 -0.175827 0)
(-0.0666299 -0.168088 0)
(-0.0530054 -0.156828 0)
(-0.0400611 -0.141971 0)
(-0.0281957 -0.123517 0)
(-0.0178235 -0.101547 0)
(-0.00935465 -0.0762308 0)
(-0.00332494 -0.0478247 0)
(-0.000501529 -0.0166916 0)
(-0.000484322 0.0180468 0)
(-0.00316721 0.0510328 0)
(-0.00885005 0.0805888 0)
(-0.0167797 0.106511 0)
(-0.0264384 0.1287 0)
(-0.0374428 0.147136 0)
(-0.0494181 0.161871 0)
(-0.0620143 0.173018 0)
(-0.074921 0.180739 0)
(-0.0878696 0.185231 0)
(-0.100633 0.186719 0)
(-0.113024 0.18544 0)
(-0.124892 0.181636 0)
(-0.136123 0.17555 0)
(-0.146629 0.167417 0)
(-0.156348 0.157463 0)
(-0.165239 0.145898 0)
(-0.173275 0.132919 0)
(-0.180441 0.11871 0)
(-0.186733 0.103438 0)
(-0.192147 0.0872583 0)
(-0.196683 0.070316 0)
(-0.200342 0.0527465 0)
(-0.20312 0.0346792 0)
(-0.20501 0.0162405 0)
(-0.206002 -0.00244374 0)
(-0.206076 -0.0212446 0)
(-0.205213 -0.040027 0)
(-0.203382 -0.0586466 0)
(-0.200554 -0.0769465 0)
(-0.196694 -0.0947544 0)
(-0.191769 -0.11188 0)
(-0.185749 -0.128114 0)
(-0.178608 -0.143224 0)
(-0.170337 -0.156958 0)
(-0.160938 -0.169043 0)
(-0.150441 -0.179186 0)
(-0.138902 -0.187081 0)
(-0.126414 -0.192417 0)
(-0.113112 -0.194879 0)
(-0.0991786 -0.194167 0)
(-0.0848472 -0.190004 0)
(-0.0704062 -0.182151 0)
(-0.0561965 -0.170423 0)
(-0.0426099 -0.154703 0)
(-0.0300822 -0.134957 0)
(-0.019072 -0.111244 0)
(-0.0100385 -0.0837242 0)
(-0.00357945 -0.0526603 0)
(-0.00054294 -0.0184357 0)
(-0.000515979 0.0196995 0)
(-0.0033605 0.0555737 0)
(-0.00936606 0.0875782 0)
(-0.0177142 0.115505 0)
(-0.0278367 0.139263 0)
(-0.0393108 0.158856 0)
(-0.0517275 0.174369 0)
(-0.0647089 0.185953 0)
(-0.0779248 0.193814 0)
(-0.0910945 0.198194 0)
(-0.103986 0.199361 0)
(-0.116414 0.197593 0)
(-0.128234 0.193172 0)
(-0.139342 0.186372 0)
(-0.149664 0.177458 0)
(-0.159153 0.166676 0)
(-0.167784 0.154258 0)
(-0.175546 0.140413 0)
(-0.182441 0.125334 0)
(-0.188477 0.109194 0)
(-0.193665 0.0921522 0)
(-0.198018 0.0743521 0)
(-0.201544 0.0559271 0)
(-0.204248 0.0370027 0)
(-0.20613 0.0176996 0)
(-0.207181 -0.00186262 0)
(-0.207384 -0.0215616 0)
(-0.206715 -0.0412689 0)
(-0.205142 -0.0608458 0)
(-0.202626 -0.0801399 0)
(-0.199124 -0.0989815 0)
(-0.194588 -0.11718 0)
(-0.188973 -0.134522 0)
(-0.182235 -0.150767 0)
(-0.174343 -0.165649 0)
(-0.16528 -0.178875 0)
(-0.155052 -0.190128 0)
(-0.143693 -0.199067 0)
(-0.131278 -0.205339 0)
(-0.117926 -0.208585 0)
(-0.103809 -0.20845 0)
(-0.0891598 -0.2046 0)
(-0.0742732 -0.19674 0)
(-0.0595085 -0.184626 0)
(-0.0452866 -0.16809 0)
(-0.032084 -0.147057 0)
(-0.020409 -0.121555 0)
(-0.0107768 -0.0917309 0)
(-0.00385641 -0.057849 0)
(-0.000588553 -0.0203151 0)
(-0.000550928 0.0214551 0)
(-0.00357156 0.0603808 0)
(-0.00992496 0.0949501 0)
(-0.0187174 0.124948 0)
(-0.029322 0.150298 0)
(-0.0412705 0.17103 0)
(-0.0541147 0.18727 0)
(-0.0674465 0.199215 0)
(-0.0809149 0.207124 0)
(-0.094228 0.211292 0)
(-0.107151 0.212038 0)
(-0.119503 0.209687 0)
(-0.131151 0.204563 0)
(-0.142003 0.196979 0)
(-0.152004 0.187228 0)
(-0.161126 0.175582 0)
(-0.169362 0.16229 0)
(-0.176721 0.147576 0)
(-0.183223 0.13164 0)
(-0.188893 0.114661 0)
(-0.193758 0.0967986 0)
(-0.197842 0.0781941 0)
(-0.201167 0.0589766 0)
(-0.203745 0.039265 0)
(-0.205583 0.0191724 0)
(-0.206676 -0.00119044 0)
(-0.207009 -0.0217106 0)
(-0.206557 -0.0422687 0)
(-0.205283 -0.0627348 0)
(-0.20314 -0.0829641 0)
(-0.200076 -0.102792 0)
(-0.196028 -0.122031 0)
(-0.190933 -0.140467 0)
(-0.18473 -0.157853 0)
(-0.177362 -0.173913 0)
(-0.168788 -0.188334 0)
(-0.158987 -0.200772 0)
(-0.147966 -0.210855 0)
(-0.135776 -0.218184 0)
(-0.122513 -0.222348 0)
(-0.108336 -0.222934 0)
(-0.0934686 -0.219541 0)
(-0.0782099 -0.211804 0)
(-0.0629351 -0.199412 0)
(-0.0480948 -0.182133 0)
(-0.0342096 -0.159836 0)
(-0.0218435 -0.132512 0)
(-0.011576 -0.100285 0)
(-0.00415896 -0.0634191 0)
(-0.000639031 -0.0223423 0)
(-0.000590005 0.0233236 0)
(-0.00380473 0.0654778 0)
(-0.0105368 0.102733 0)
(-0.0198047 0.134866 0)
(-0.0309125 0.161817 0)
(-0.0433388 0.183653 0)
(-0.056591 0.200545 0)
(-0.0702276 0.212753 0)
(-0.0838768 0.220595 0)
(-0.0972369 0.22443 0)
(-0.110074 0.224635 0)
(-0.122215 0.221592 0)
(-0.133541 0.215671 0)
(-0.143982 0.207225 0)
(-0.153502 0.196579 0)
(-0.162097 0.184033 0)
(-0.169783 0.169852 0)
(-0.176592 0.154273 0)
(-0.182563 0.137505 0)
(-0.187742 0.119728 0)
(-0.192172 0.1011 0)
(-0.195893 0.0817603 0)
(-0.198937 0.0618297 0)
(-0.201329 0.0414188 0)
(-0.203082 0.0206302 0)
(-0.204195 -0.000436681 0)
(-0.204657 -0.0216809 0)
(-0.204441 -0.0429954 0)
(-0.203506 -0.064262 0)
(-0.2018 -0.0853465 0)
(-0.199258 -0.106094 0)
(-0.195804 -0.126322 0)
(-0.191357 -0.145819 0)
(-0.185833 -0.164337 0)
(-0.179151 -0.18159 0)
(-0.17124 -0.197251 0)
(-0.162048 -0.210949 0)
(-0.151551 -0.222277 0)
(-0.139767 -0.230792 0)
(-0.126765 -0.236025 0)
(-0.112679 -0.237495 0)
(-0.097721 -0.234728 0)
(-0.0821874 -0.227275 0)
(-0.0664661 -0.214743 0)
(-0.0510374 -0.196821 0)
(-0.0364687 -0.17331 0)
(-0.0233865 -0.144147 0)
(-0.0124447 -0.109425 0)
(-0.00449103 -0.0694025 0)
(-0.000695207 -0.0245316 0)
(-0.000634314 0.0253179 0)
(-0.00406566 0.0708936 0)
(-0.0112146 0.11096 0)
(-0.0209956 0.145286 0)
(-0.0326308 0.173833 0)
(-0.0455363 0.196713 0)
(-0.059169 0.214159 0)
(-0.0730513 0.226501 0)
(-0.0867905 0.234133 0)
(-0.100078 0.237489 0)
(-0.112685 0.237015 0)
(-0.124452 0.233154 0)
(-0.135282 0.22633 0)
(-0.145128 0.216939 0)
(-0.153982 0.205342 0)
(-0.161867 0.191861 0)
(-0.168827 0.176783 0)
(-0.174919 0.160355 0)
(-0.180206 0.14279 0)
(-0.184755 0.124269 0)
(-0.188626 0.104949 0)
(-0.191878 0.0849587 0)
(-0.194554 0.0644126 0)
(-0.196692 0.0434091 0)
(-0.19831 0.022038 0)
(-0.199417 0.000384524 0)
(-0.200001 -0.0214653 0)
(-0.200037 -0.0434195 0)
(-0.199482 -0.0653751 0)
(-0.198276 -0.0872122 0)
(-0.196344 -0.108788 0)
(-0.193596 -0.129931 0)
(-0.189933 -0.150437 0)
(-0.185247 -0.170058 0)
(-0.179429 -0.188505 0)
(-0.172377 -0.205436 0)
(-0.164002 -0.220461 0)
(-0.154244 -0.233135 0)
(-0.14308 -0.24297 0)
(-0.130543 -0.249436 0)
(-0.116736 -0.251978 0)
(-0.101849 -0.250033 0)
(-0.0861669 -0.24306 0)
(-0.0700868 -0.230564 0)
(-0.0541164 -0.212136 0)
(-0.0388725 -0.18749 0)
(-0.0250515 -0.156492 0)
(-0.0133931 -0.119192 0)
(-0.0048576 -0.0758357 0)
(-0.000758157 -0.0268994 0)
(-0.000685326 0.0274539 0)
(-0.00436174 0.0766644 0)
(-0.011975 0.119674 0)
(-0.0223149 0.156242 0)
(-0.0345049 0.18636 0)
(-0.0478874 0.210196 0)
(-0.061862 0.228061 0)
(-0.0759125 0.240375 0)
(-0.0896267 0.247622 0)
(-0.102694 0.250324 0)
(-0.114896 0.249008 0)
(-0.126094 0.244188 0)
(-0.136221 0.236346 0)
(-0.145259 0.225923 0)
(-0.153234 0.213317 0)
(-0.160203 0.198877 0)
(-0.166239 0.182902 0)
(-0.171429 0.165651 0)
(-0.175862 0.14734 0)
(-0.179628 0.128147 0)
(-0.182807 0.108223 0)
(-0.185473 0.0876875 0)
(-0.187686 0.066643 0)
(-0.189493 0.0451742 0)
(-0.190923 0.023355 0)
(-0.19199 0.00125403 0)
(-0.192686 -0.0210603 0)
(-0.192988 -0.0435143 0)
(-0.192849 -0.0660231 0)
(-0.192205 -0.0884848 0)
(-0.190972 -0.110773 0)
(-0.189046 -0.132732 0)
(-0.186309 -0.154168 0)
(-0.18263 -0.17484 0)
(-0.177872 -0.194459 0)
(-0.171895 -0.212676 0)
(-0.164573 -0.229081 0)
(-0.155799 -0.243199 0)
(-0.145506 -0.254492 0)
(-0.133679 -0.262368 0)
(-0.12038 -0.26619 0)
(-0.105763 -0.265298 0)
(-0.0900965 -0.259038 0)
(-0.0737756 -0.246796 0)
(-0.0573321 -0.228042 0)
(-0.0414341 -0.202378 0)
(-0.0268552 -0.169579 0)
(-0.0144344 -0.129632 0)
(-0.00526512 -0.0827609 0)
(-0.000829285 -0.0294653 0)
(-0.000745012 0.0297523 0)
(-0.00470269 0.0828358 0)
(-0.0128396 0.128926 0)
(-0.0237937 0.167773 0)
(-0.0365688 0.199409 0)
(-0.0504201 0.224076 0)
(-0.0646823 0.242185 0)
(-0.0787991 0.254266 0)
(-0.0923425 0.260914 0)
(-0.105006 0.262757 0)
(-0.11659 0.260414 0)
(-0.126988 0.254477 0)
(-0.136168 0.245492 0)
(-0.144152 0.233951 0)
(-0.151008 0.220284 0)
(-0.156828 0.204865 0)
(-0.161722 0.188008 0)
(-0.165808 0.169977 0)
(-0.169204 0.150987 0)
(-0.172022 0.131212 0)
(-0.174365 0.110793 0)
(-0.176322 0.089837 0)
(-0.17797 0.0684319 0)
(-0.179365 0.0466457 0)
(-0.180547 0.0245345 0)
(-0.181535 0.00214757 0)
(-0.182329 -0.020467 0)
(-0.182904 -0.0432564 0)
(-0.183215 -0.0661574 0)
(-0.183193 -0.0890892 0)
(-0.182746 -0.111947 0)
(-0.181758 -0.134593 0)
(-0.180094 -0.156852 0)
(-0.1776 -0.178495 0)
(-0.174108 -0.199239 0)
(-0.169443 -0.218734 0)
(-0.163434 -0.236555 0)
(-0.155924 -0.252201 0)
(-0.14679 -0.26509 0)
(-0.135962 -0.274562 0)
(-0.123446 -0.279894 0)
(-0.10935 -0.280317 0)
(-0.0939067 -0.275048 0)
(-0.0775015 -0.263331 0)
(-0.0606825 -0.244485 0)
(-0.0441687 -0.21797 0)
(-0.0288183 -0.183441 0)
(-0.0155858 -0.140798 0)
(-0.00572201 -0.0902275 0)
(-0.000910456 -0.0322528 0)
(-0.000816041 0.0322392 0)
(-0.00510139 0.0894654 0)
(-0.0138365 0.138781 0)
(-0.0254715 0.179926 0)
(-0.0388638 0.212989 0)
(-0.0531653 0.238315 0)
(-0.0676384 0.256442 0)
(-0.081687 0.268034 0)
(-0.0948732 0.273827 0)
(-0.106905 0.274569 0)
(-0.117614 0.270989 0)
(-0.126936 0.263763 0)
(-0.134886 0.253507 0)
(-0.141537 0.240761 0)
(-0.147002 0.225991 0)
(-0.151417 0.209589 0)
(-0.154932 0.191881 0)
(-0.157697 0.173132 0)
(-0.159861 0.153552 0)
(-0.16156 0.133306 0)
(-0.162916 0.112522 0)
(-0.164038 0.0912917 0)
(-0.165014 0.069685 0)
(-0.165912 0.0477509 0)
(-0.166783 0.0255253 0)
(-0.167651 0.00303596 0)
(-0.168521 -0.0196915 0)
(-0.169372 -0.0426279 0)
(-0.17016 -0.065734 0)
(-0.170813 -0.088954 0)
(-0.171234 -0.112208 0)
(-0.171298 -0.135383 0)
(-0.170853 -0.158324 0)
(-0.169725 -0.180825 0)
(-0.167717 -0.202614 0)
(-0.164615 -0.223349 0)
(-0.160203 -0.242599 0)
(-0.154268 -0.259841 0)
(-0.146624 -0.274452 0)
(-0.137133 -0.285711 0)
(-0.12573 -0.292802 0)
(-0.112459 -0.294838 0)
(-0.0975035 -0.290887 0)
(-0.0812194 -0.280023 0)
(-0.0641609 -0.261384 0)
(-0.0470935 -0.234247 0)
(-0.0309672 -0.198107 0)
(-0.0168692 -0.152748 0)
(-0.00623948 -0.0982943 0)
(-0.0010042 -0.0352903 0)
(-0.000902076 0.0349486 0)
(-0.00557501 0.0966262 0)
(-0.015002 0.149316 0)
(-0.0273975 0.192753 0)
(-0.0414384 0.227106 0)
(-0.0561545 0.252857 0)
(-0.0707294 0.270708 0)
(-0.0845307 0.2815 0)
(-0.0971216 0.28613 0)
(-0.108239 0.285495 0)
(-0.117762 0.280442 0)
(-0.125683 0.271746 0)
(-0.132078 0.26009 0)
(-0.137078 0.246063 0)
(-0.140852 0.230161 0)
(-0.143584 0.212792 0)
(-0.145467 0.194286 0)
(-0.146685 0.174904 0)
(-0.147416 0.154847 0)
(-0.14782 0.134266 0)
(-0.14804 0.11327 0)
(-0.148199 0.0919336 0)
(-0.148397 0.0703057 0)
(-0.148714 0.0484143 0)
(-0.149207 0.0262727 0)
(-0.14991 0.00388568 0)
(-0.150831 -0.0187455 0)
(-0.151955 -0.0416169 0)
(-0.153239 -0.0647161 0)
(-0.154613 -0.0880148 0)
(-0.155975 -0.111462 0)
(-0.157195 -0.134973 0)
(-0.15811 -0.158422 0)
(-0.158527 -0.18163 0)
(-0.158221 -0.204347 0)
(-0.156945 -0.226245 0)
(-0.154432 -0.2469 0)
(-0.150413 -0.265777 0)
(-0.14463 -0.282222 0)
(-0.136865 -0.295454 0)
(-0.126966 -0.304566 0)
(-0.114894 -0.308543 0)
(-0.100758 -0.306288 0)
(-0.0848638 -0.296676 0)
(-0.0677524 -0.278621 0)
(-0.0502275 -0.25117 0)
(-0.0333345 -0.213607 0)
(-0.0183137 -0.165549 0)
(-0.00683263 -0.107033 0)
(-0.00111398 -0.0386131 0)
(-0.00100822 0.0379252 0)
(-0.0061467 0.104412 0)
(-0.0163833 0.160627 0)
(-0.0296329 0.206312 0)
(-0.0443481 0.241752 0)
(-0.0594155 0.267614 0)
(-0.0739364 0.284818 0)
(-0.0872511 0.294425 0)
(-0.0989414 0.297532 0)
(-0.108794 0.295206 0)
(-0.116756 0.288429 0)
(-0.122895 0.278076 0)
(-0.127363 0.264899 0)
(-0.130361 0.249532 0)
(-0.132118 0.232494 0)
(-0.132873 0.214201 0)
(-0.13286 0.194979 0)
(-0.132302 0.175079 0)
(-0.131401 0.154686 0)
(-0.13034 0.133929 0)
(-0.129279 0.112899 0)
(-0.128352 0.0916472 0)
(-0.127672 0.0701996 0)
(-0.127326 0.0485609 0)
(-0.127378 0.0267209 0)
(-0.127869 0.00465995 0)
(-0.128813 -0.0176459 0)
(-0.130199 -0.0402194 0)
(-0.131989 -0.063076 0)
(-0.134116 -0.0862176 0)
(-0.136479 -0.109624 0)
(-0.138947 -0.133246 0)
(-0.141348 -0.156991 0)
(-0.143477 -0.180712 0)
(-0.145087 -0.204194 0)
(-0.145899 -0.227135 0)
(-0.145601 -0.249127 0)
(-0.143863 -0.269639 0)
(-0.14035 -0.287997 0)
(-0.134752 -0.303371 0)
(-0.126817 -0.31477 0)
(-0.116395 -0.321044 0)
(-0.103493 -0.320917 0)
(-0.0883373 -0.313031 0)
(-0.0714281 -0.29603 0)
(-0.0535894 -0.268672 0)
(-0.0359613 -0.229958 0)
(-0.0199578 -0.179278 0)
(-0.00752211 -0.116529 0)
(-0.0012447 -0.042266 0)
(-0.00114175 0.0412275 0)
(-0.00684816 0.112942 0)
(-0.0180427 0.172833 0)
(-0.0322534 0.220663 0)
(-0.0476531 0.256895 0)
(-0.0629644 0.282453 0)
(-0.0772077 0.298543 0)
(-0.0897148 0.306501 0)
(-0.100113 0.307668 0)
(-0.108267 0.303304 0)
(-0.11422 0.294539 0)
(-0.118137 0.282349 0)
(-0.120259 0.267551 0)
(-0.12087 0.250814 0)
(-0.120267 0.23267 0)
(-0.118742 0.213532 0)
(-0.116573 0.193713 0)
(-0.114014 0.173443 0)
(-0.111293 0.152884 0)
(-0.108609 0.132143 0)
(-0.106135 0.111281 0)
(-0.104015 0.090326 0)
(-0.102368 0.0692792 0)
(-0.101287 0.0481207 0)
(-0.100841 0.0268159 0)
(-0.101075 0.00532038 0)
(-0.10201 -0.0164151 0)
(-0.10364 -0.0384401 0)
(-0.105935 -0.0607987 0)
(-0.108832 -0.0835238 0)
(-0.112237 -0.10663 0)
(-0.116021 -0.130102 0)
(-0.120013 -0.15389 0)
(-0.124 -0.177888 0)
(-0.127723 -0.201921 0)
(-0.130876 -0.225728 0)
(-0.133106 -0.248933 0)
(-0.134026 -0.271024 0)
(-0.133224 -0.291328 0)
(-0.130287 -0.308982 0)
(-0.124845 -0.322919 0)
(-0.116613 -0.331863 0)
(-0.105461 -0.334344 0)
(-0.0914948 -0.328743 0)
(-0.0751345 -0.31338 0)
(-0.0571941 -0.286645 0)
(-0.0388978 -0.247171 0)
(-0.0218525 -0.194024 0)
(-0.00833661 -0.126894 0)
(-0.00140339 -0.0463068 0)
(-0.00131328 0.0449343 0)
(-0.00772343 0.122371 0)
(-0.0200618 0.186072 0)
(-0.0353503 0.235862 0)
(-0.0514133 0.272469 0)
(-0.0667904 0.297175 0)
(-0.0804351 0.311566 0)
(-0.0917032 0.317324 0)
(-0.100308 0.316078 0)
(-0.106232 0.309306 0)
(-0.109646 0.298292 0)
(-0.110838 0.284109 0)
(-0.110156 0.267627 0)
(-0.107972 0.249535 0)
(-0.104655 0.230361 0)
(-0.100552 0.210504 0)
(-0.0959788 0.190249 0)
(-0.0912165 0.169798 0)
(-0.086511 0.14928 0)
(-0.082073 0.128771 0)
(-0.0780808 0.108305 0)
(-0.0746826 0.0878797 0)
(-0.0719991 0.0674709 0)
(-0.0701257 0.0470336 0)
(-0.0691337 0.0265092 0)
(-0.0690716 0.00582921 0)
(-0.069965 -0.0150799 0)
(-0.0718154 -0.0362935 0)
(-0.0745992 -0.0578837 0)
(-0.0782644 -0.0799143 0)
(-0.0827269 -0.102434 0)
(-0.0878662 -0.125469 0)
(-0.0935201 -0.149009 0)
(-0.0994783 -0.172999 0)
(-0.105477 -0.197315 0)
(-0.111196 -0.221747 0)
(-0.116252 -0.245971 0)
(-0.120207 -0.269516 0)
(-0.122573 -0.291729 0)
(-0.122835 -0.311743 0)
(-0.120485 -0.328438 0)
(-0.11508 -0.340422 0)
(-0.106313 -0.34603 0)
(-0.094117 -0.343357 0)
(-0.0787762 -0.330342 0)
(-0.0610448 -0.304918 0)
(-0.0422039 -0.265227 0)
(-0.024066 -0.209885 0)
(-0.00931674 -0.138262 0)
(-0.00160046 -0.0508113 0)
(-0.00153889 0.0491524 0)
(-0.00883502 0.132899 0)
(-0.0225486 0.200511 0)
(-0.0390309 0.251948 0)
(-0.0556751 0.288342 0)
(-0.0708297 0.311481 0)
(-0.0834153 0.323451 0)
(-0.0928662 0.326365 0)
(-0.0990394 0.322187 0)
(-0.102088 0.312633 0)
(-0.102347 0.299136 0)
(-0.100253 0.28285 0)
(-0.0962763 0.264679 0)
(-0.0908837 0.245309 0)
(-0.0845123 0.225246 0)
(-0.0775569 0.204852 0)
(-0.0703645 0.184375 0)
(-0.0632343 0.163974 0)
(-0.0564203 0.14374 0)
(-0.0501355 0.123712 0)
(-0.0445568 0.10389 0)
(-0.0398289 0.0842442 0)
(-0.036069 0.0647225 0)
(-0.0333694 0.0452556 0)
(-0.0318004 0.0257623 0)
(-0.0314116 0.00615221 0)
(-0.0322324 -0.0136706 0)
(-0.0342713 -0.0338049 0)
(-0.0375144 -0.0543487 0)
(-0.0419225 -0.0753948 0)
(-0.0474265 -0.0970261 0)
(-0.0539225 -0.119307 0)
(-0.0612646 -0.142276 0)
(-0.0692568 -0.165927 0)
(-0.0776448 -0.1902 0)
(-0.0861068 -0.214948 0)
(-0.0942458 -0.239916 0)
(-0.101586 -0.264697 0)
(-0.107576 -0.288692 0)
(-0.111598 -0.31106 0)
(-0.113003 -0.330664 0)
(-0.111164 -0.346026 0)
(-0.105554 -0.355298 0)
(-0.0958708 -0.356276 0)
(-0.0821859 -0.346462 0)
(-0.0651171 -0.323226 0)
(-0.0459471 -0.284068 0)
(-0.0266898 -0.22697 0)
(-0.0105211 -0.150811 0)
(-0.00185183 -0.0558821 0)
(-0.00184373 0.0540298 0)
(-0.0102736 0.144786 0)
(-0.0256455 0.216337 0)
(-0.0434135 0.268913 0)
(-0.0604468 0.304273 0)
(-0.0749195 0.324919 0)
(-0.0857882 0.333592 0)
(-0.0926518 0.332935 0)
(-0.0955916 0.325285 0)
(-0.0949924 0.312601 0)
(-0.0913993 0.296446 0)
(-0.0854175 0.278028 0)
(-0.0776481 0.25825 0)
(-0.0686498 0.237765 0)
(-0.0589201 0.21703 0)
(-0.0488892 0.196353 0)
(-0.038921 0.175924 0)
(-0.029319 0.155852 0)
(-0.0203329 0.13618 0)
(-0.0121666 0.116908 0)
(-0.00498538 0.0979981 0)
(0.00107743 0.0793922 0)
(0.00591532 0.0610119 0)
(0.0094441 0.0427657 0)
(0.0115987 0.0245521 0)
(0.0123313 0.00626205 0)
(0.0116101 -0.0122193 0)
(0.00941979 -0.0310104 0)
(0.00576325 -0.0502313 0)
(0.000664124 -0.0700007 0)
(-0.00582855 -0.0904323 0)
(-0.0136343 -0.111628 0)
(-0.0226334 -0.133672 0)
(-0.0326567 -0.156615 0)
(-0.0434746 -0.180461 0)
(-0.0547834 -0.205141 0)
(-0.0661923 -0.230485 0)
(-0.0772111 -0.256177 0)
(-0.0872427 -0.281707 0)
(-0.095585 -0.306303 0)
(-0.10145 -0.328858 0)
(-0.10401 -0.347857 0)
(-0.102478 -0.361309 0)
(-0.0962472 -0.366716 0)
(-0.0850753 -0.361102 0)
(-0.0693294 -0.341164 0)
(-0.0501942 -0.303563 0)
(-0.0298451 -0.245388 0)
(-0.012036 -0.164766 0)
(-0.00218281 -0.0616613 0)
(-0.00226895 0.059777 0)
(-0.0121739 0.158369 0)
(-0.0295382 0.233743 0)
(-0.0486108 0.286659 0)
(-0.0656482 0.319847 0)
(-0.0787183 0.336818 0)
(-0.0869393 0.341164 0)
(-0.0902032 0.336147 0)
(-0.0889208 0.324508 0)
(-0.0837801 0.308423 0)
(-0.0755739 0.289546 0)
(-0.0650919 0.269088 0)
(-0.0530614 0.247903 0)
(-0.0401191 0.226575 0)
(-0.0268037 0.205481 0)
(-0.01356 0.18485 0)
(-0.000748788 0.164803 0)
(0.0113408 0.145385 0)
(0.0224793 0.126587 0)
(0.0324856 0.108365 0)
(0.041217 0.0906466 0)
(0.0485611 0.0733444 0)
(0.0544291 0.0563568 0)
(0.058751 0.0395733 0)
(0.0614711 0.0228762 0)
(0.0625464 0.00614204 0)
(0.0619447 -0.0107579 0)
(0.0596447 -0.0279569 0)
(0.0556373 -0.0455916 0)
(0.0499283 -0.0638015 0)
(0.0425426 -0.0827258 0)
(0.0335305 -0.1025 0)
(0.0229762 -0.12325 0)
(0.0110086 -0.145083 0)
(-0.00218442 -0.168068 0)
(-0.0163396 -0.192224 0)
(-0.0310986 -0.21748 0)
(-0.0459874 -0.243636 0)
(-0.0603969 -0.270305 0)
(-0.0735692 -0.296837 0)
(-0.0845989 -0.32222 0)
(-0.0924603 -0.344976 0)
(-0.0960789 -0.363038 0)
(-0.0944677 -0.37366 0)
(-0.086952 -0.373379 0)
(-0.0734862 -0.358109 0)
(-0.054989 -0.323445 0)
(-0.0336897 -0.26523 0)
(-0.0139913 -0.180419 0)
(-0.00263516 -0.0683514 0)
(-0.00288452 0.0667016 0)
(-0.0147397 0.174085 0)
(-0.0344607 0.252895 0)
(-0.0546856 0.304907 0)
(-0.0710128 0.334367 0)
(-0.0815699 0.346193 0)
(-0.0858466 0.345045 0)
(-0.0842094 0.334884 0)
(-0.0775242 0.318834 0)
(-0.0668519 0.299231 0)
(-0.0532573 0.277741 0)
(-0.0377093 0.255503 0)
(-0.0210385 0.233269 0)
(-0.00392895 0.211502 0)
(0.0130719 0.190468 0)
(0.0295349 0.170296 0)
(0.0451294 0.151023 0)
(0.0596032 0.132624 0)
(0.0727659 0.115036 0)
(0.084474 0.0981709 0)
(0.0946193 0.0819239 0)
(0.103119 0.0661815 0)
(0.109911 0.0508235 0)
(0.114943 0.0357252 0)
(0.118174 0.0207581 0)
(0.119569 0.00578988 0)
(0.119097 -0.00931617 0)
(0.116732 -0.0247016 0)
(0.112453 -0.0405135 0)
(0.106246 -0.0569045 0)
(0.0981102 -0.0740327 0)
(0.0880594 -0.0920599 0)
(0.0761338 -0.111148 0)
(0.0624103 -0.131451 0)
(0.0470172 -0.153108 0)
(0.0301537 -0.17622 0)
(0.0121148 -0.200828 0)
(-0.0066806 -0.226868 0)
(-0.0256568 -0.25411 0)
(-0.0440493 -0.282081 0)
(-0.0608812 -0.309941 0)
(-0.0749606 -0.336347 0)
(-0.0849219 -0.359267 0)
(-0.089343 -0.37581 0)
(-0.0869836 -0.382069 0)
(-0.0771732 -0.373114 0)
(-0.0602996 -0.343224 0)
(-0.0384179 -0.286519 0)
(-0.0165853 -0.198142 0)
(-0.0032805 -0.0762506 0)
(-0.00381328 0.0752689 0)
(-0.0182819 0.192482 0)
(-0.0406807 0.273843 0)
(-0.0615465 0.323047 0)
(-0.0759027 0.346692 0)
(-0.0822732 0.351614 0)
(-0.0808464 0.343752 0)
(-0.0726956 0.327777 0)
(-0.0592716 0.307113 0)
(-0.042054 0.284129 0)
(-0.0223706 0.260384 0)
(-0.00133027 0.236856 0)
(0.0201838 0.214115 0)
(0.0414922 0.19246 0)
(0.0620856 0.172015 0)
(0.0815909 0.152792 0)
(0.0997398 0.134736 0)
(0.116343 0.11775 0)
(0.131267 0.101718 0)
(0.144423 0.0865132 0)
(0.155748 0.0720031 0)
(0.165197 0.0580547 0)
(0.172738 0.0445352 0)
(0.178345 0.0313119 0)
(0.181994 0.0182521 0)
(0.183659 0.00522096 0)
(0.183315 -0.00791925 0)
(0.180931 -0.0213113 0)
(0.176476 -0.0351048 0)
(0.169916 -0.0494576 0)
(0.161222 -0.0645375 0)
(0.15037 -0.0805221 0)
(0.137349 -0.0975993 0)
(0.122174 -0.115963 0)
(0.1049 -0.135808 0)
(0.085638 -0.157316 0)
(0.0645872 -0.180637 0)
(0.0420677 -0.205852 0)
(0.0185641 -0.23292 0)
(-0.00522207 -0.261589 0)
(-0.0283196 -0.291277 0)
(-0.0494432 -0.320895 0)
(-0.0669826 -0.348605 0)
(-0.0790677 -0.371544 0)
(-0.0837771 -0.385511 0)
(-0.0795645 -0.384753 0)
(-0.0658997 -0.362016 0)
(-0.0442366 -0.309111 0)
(-0.0201214 -0.218398 0)
(-0.00424508 -0.0858142 0)
(-0.00527452 0.0862078 0)
(-0.0232683 0.214213 0)
(-0.0484248 0.296337 0)
(-0.0687101 0.339875 0)
(-0.0789602 0.355005 0)
(-0.0787028 0.351062 0)
(-0.0692855 0.335387 0)
(-0.0527447 0.313243 0)
(-0.0312061 0.288146 0)
(-0.00655248 0.262298 0)
(0.0196952 0.236996 0)
(0.0463764 0.212937 0)
(0.0726422 0.19044 0)
(0.0978926 0.169597 0)
(0.121718 0.150369 0)
(0.143847 0.132643 0)
(0.164109 0.116273 0)
(0.182402 0.101099 0)
(0.198672 0.0869583 0)
(0.21289 0.0736933 0)
(0.225051 0.061153 0)
(0.235153 0.0491936 0)
(0.243199 0.0376774 0)
(0.249191 0.0264716 0)
(0.253123 0.0154459 0)
(0.254983 0.00447058 0)
(0.254751 -0.00658624 0)
(0.252395 -0.017861 0)
(0.247874 -0.0294976 0)
(0.241137 -0.04165 0)
(0.232127 -0.0544852 0)
(0.220782 -0.0681855 0)
(0.207039 -0.0829511 0)
(0.190846 -0.0990002 0)
(0.172171 -0.116569 0)
(0.151023 -0.135903 0)
(0.127474 -0.157251 0)
(0.1017 -0.180833 0)
(0.0740329 -0.206803 0)
(0.0450227 -0.235171 0)
(0.0155248 -0.265683 0)
(-0.013208 -0.297631 0)
(-0.0394418 -0.329571 0)
(-0.060931 -0.358929 0)
(-0.0750306 -0.381494 0)
(-0.0790763 -0.3909 0)
(-0.071113 -0.378274 0)
(-0.0512711 -0.332486 0)
(-0.0250516 -0.241711 0)
(-0.00575394 -0.097761 0)
(-0.0076544 0.100683 0)
(-0.030355 0.23992 0)
(-0.0576315 0.319433 0)
(-0.074783 0.353155 0)
(-0.0774709 0.356502 0)
(-0.067202 0.341803 0)
(-0.0470333 0.317671 0)
(-0.0201552 0.289609 0)
(0.0106603 0.260863 0)
(0.0432611 0.233192 0)
(0.0760944 0.207435 0)
(0.108099 0.183899 0)
(0.138582 0.162595 0)
(0.167119 0.143385 0)
(0.193467 0.126063 0)
(0.217504 0.110404 0)
(0.23919 0.0961837 0)
(0.258528 0.083191 0)
(0.275554 0.0712338 0)
(0.290312 0.0601376 0)
(0.302853 0.0497441 0)
(0.313222 0.0399092 0)
(0.321459 0.0304997 0)
(0.327591 0.0213904 0)
(0.331634 0.0124612 0)
(0.333588 0.00359426 0)
(0.33344 -0.00532947 0)
(0.331158 -0.0144329 0)
(0.326696 -0.0238464 0)
(0.319987 -0.0337108 0)
(0.310952 -0.0441818 0)
(0.299491 -0.0554336 0)
(0.285496 -0.0676633 0)
(0.268847 -0.081095 0)
(0.249426 -0.0959835 0)
(0.227126 -0.112616 0)
(0.201877 -0.13131 0)
(0.173675 -0.152403 0)
(0.142634 -0.176226 0)
(0.109063 -0.203054 0)
(0.0735641 -0.233005 0)
(0.0371757 -0.265863 0)
(0.0015388 -0.300785 0)
(-0.0309377 -0.335824 0)
(-0.0570046 -0.367221 0)
(-0.0727599 -0.388479 0)
(-0.0742786 -0.389362 0)
(-0.0592842 -0.355324 0)
(-0.0319917 -0.268524 0)
(-0.00819915 -0.113242 0)
(-0.0115741 0.120523 0)
(-0.0402532 0.269849 0)
(-0.0672414 0.340745 0)
(-0.0763674 0.358994 0)
(-0.0662431 0.347103 0)
(-0.0416701 0.320412 0)
(-0.0078579 0.288176 0)
(0.0309099 0.255445 0)
(0.0714885 0.224671 0)
(0.111769 0.196834 0)
(0.150441 0.172146 0)
(0.186752 0.150447 0)
(0.220314 0.131422 0)
(0.250974 0.114718 0)
(0.278718 0.0999905 0)
(0.303611 0.0869274 0)
(0.325757 0.0752559 0)
(0.34528 0.0647406 0)
(0.362304 0.0551796 0)
(0.376944 0.0463987 0)
(0.389305 0.0382468 0)
(0.399475 0.0305908 0)
(0.407525 0.0233114 0)
(0.413508 0.0162989 0)
(0.417456 0.00945033 0)
(0.419383 0.0026655 0)
(0.419281 -0.00415562 0)
(0.417122 -0.0111163 0)
(0.412855 -0.0183265 0)
(0.406406 -0.0259063 0)
(0.397676 -0.0339901 0)
(0.386542 -0.0427316 0)
(0.372853 -0.0523092 0)
(0.356435 -0.0629327 0)
(0.33709 -0.0748503 0)
(0.314604 -0.0883568 0)
(0.288759 -0.103801 0)
(0.259356 -0.121589 0)
(0.226254 -0.142184 0)
(0.189435 -0.166082 0)
(0.149113 -0.193759 0)
(0.105892 -0.225539 0)
(0.0610067 -0.261344 0)
(0.0166337 -0.30021 0)
(-0.0237735 -0.339448 0)
(-0.055284 -0.37329 0)
(-0.071671 -0.390993 0)
(-0.0669126 -0.374741 0)
(-0.0415364 -0.298749 0)
(-0.0121936 -0.134045 0)
(-0.0177485 0.14855 0)
(-0.0528821 0.30281 0)
(-0.0732995 0.355066 0)
(-0.0658499 0.351045 0)
(-0.0357683 0.321364 0)
(0.00765714 0.283172 0)
(0.0572139 0.244934 0)
(0.108135 0.210188 0)
(0.157551 0.179982 0)
(0.203923 0.154244 0)
(0.246545 0.13247 0)
(0.285205 0.114048 0)
(0.319957 0.0983948 0)
(0.35099 0.0850016 0)
(0.37855 0.0734458 0)
(0.402897 0.0633815 0)
(0.424279 0.0545278 0)
(0.442925 0.0466563 0)
(0.459037 0.0395801 0)
(0.472788 0.0331444 0)
(0.484325 0.0272194 0)
(0.493767 0.021694 0)
(0.50121 0.0164708 0)
(0.506722 0.0114625 0)
(0.51035 0.00658815 0)
(0.512116 0.00177001 0)
(0.51202 -0.00306896 0)
(0.510036 -0.00800823 0)
(0.506115 -0.0131325 0)
(0.500179 -0.0185352 0)
(0.492121 -0.0243222 0)
(0.481804 -0.0306165 0)
(0.469053 -0.0375642 0)
(0.453656 -0.0453417 0)
(0.435359 -0.0541645 0)
(0.413863 -0.0642995 0)
(0.388825 -0.0760783 0)
(0.359867 -0.0899146 0)
(0.326589 -0.106321 0)
(0.288617 -0.125923 0)
(0.245674 -0.149458 0)
(0.19773 -0.177724 0)
(0.145251 -0.211439 0)
(0.0896114 -0.250871 0)
(0.0336951 -0.295039 0)
(-0.0173567 -0.340116 0)
(-0.0554206 -0.376583 0)
(-0.0697304 -0.384945 0)
(-0.0532977 -0.330658 0)
(-0.0183758 -0.162888 0)
(-0.0258806 0.189372 0)
(-0.0643844 0.333672 0)
(-0.0643981 0.351754 0)
(-0.0272763 0.319467 0)
(0.0304606 0.272792 0)
(0.0955014 0.227022 0)
(0.160221 0.187481 0)
(0.220819 0.155021 0)
(0.275751 0.128865 0)
(0.324687 0.107853 0)
(0.367881 0.0908877 0)
(0.40582 0.0770601 0)
(0.439054 0.0656601 0)
(0.468117 0.0561443 0)
(0.493488 0.0480995 0)
(0.515583 0.0412113 0)
(0.53476 0.0352378 0)
(0.551316 0.0299912 0)
(0.565501 0.0253234 0)
(0.57752 0.0211157 0)
(0.587542 0.0172712 0)
(0.595698 0.0137087 0)
(0.602095 0.0103588 0)
(0.606808 0.00716024 0)
(0.609888 0.00405689 0)
(0.611365 0.00099559 0)
(0.61124 -0.00207613 0)
(0.609494 -0.00521223 0)
(0.606082 -0.00847042 0)
(0.60093 -0.0119147 0)
(0.593936 -0.0156184 0)
(0.584961 -0.0196679 0)
(0.57383 -0.0241678 0)
(0.560319 -0.0292468 0)
(0.54415 -0.0350671 0)
(0.524984 -0.0418355 0)
(0.502405 -0.0498198 0)
(0.475909 -0.0593712 0)
(0.444903 -0.0709536 0)
(0.408697 -0.0851831 0)
(0.366531 -0.102875 0)
(0.317652 -0.125085 0)
(0.261481 -0.15312 0)
(0.197985 -0.188411 0)
(0.128395 -0.232032 0)
(0.0564302 -0.283308 0)
(-0.00983751 -0.336564 0)
(-0.0558664 -0.374863 0)
(-0.0627813 -0.358347 0)
(-0.0261686 -0.204117 0)
(-0.0296293 0.246724 0)
(-0.0583988 0.346547 0)
(-0.0119575 0.311495 0)
(0.0703987 0.251533 0)
(0.159094 0.196214 0)
(0.242193 0.152097 0)
(0.31563 0.118865 0)
(0.37876 0.0942147 0)
(0.432448 0.0758294 0)
(0.478011 0.0619131 0)
(0.516751 0.0511838 0)
(0.549796 0.0427492 0)
(0.578078 0.0359908 0)
(0.602353 0.0304765 0)
(0.623224 0.0259 0)
(0.641174 0.0220404 0)
(0.656589 0.0187356 0)
(0.669779 0.0158637 0)
(0.680993 0.0133318 0)
(0.690431 0.011067 0)
(0.698252 0.00901121 0)
(0.70458 0.00711682 0)
(0.709511 0.00534362 0)
(0.713118 0.00365661 0)
(0.715447 0.0020242 0)
(0.716526 0.000416656 0)
(0.71636 -0.0011952 0)
(0.714934 -0.00284131 0)
(0.712212 -0.00455377 0)
(0.708132 -0.00636834 0)
(0.702606 -0.00832636 0)
(0.695517 -0.0104771 0)
(0.686707 -0.0128811 0)
(0.675977 -0.0156142 0)
(0.663071 -0.0187738 0)
(0.647665 -0.0224875 0)
(0.629348 -0.0269262 0)
(0.607596 -0.0323225 0)
(0.581744 -0.0389999 0)
(0.550949 -0.0474168 0)
(0.514141 -0.0582334 0)
(0.469996 -0.0724111 0)
(0.416932 -0.0913507 0)
(0.353236 -0.11705 0)
(0.277534 -0.152157 0)
(0.18996 -0.199438 0)
(0.094312 -0.259599 0)
(0.00284627 -0.325581 0)
(-0.0528309 -0.364955 0)
(-0.0285072 -0.260371 0)
(0.0100401 0.28671 0)
(0.0248623 0.299723 0)
(0.150353 0.214158 0)
(0.281623 0.145882 0)
(0.387786 0.100249 0)
(0.47134 0.070551 0)
(0.537221 0.0512909 0)
(0.589414 0.0385742 0)
(0.631222 0.029898 0)
(0.665178 0.0237552 0)
(0.693116 0.0192484 0)
(0.716358 0.0158342 0)
(0.735869 0.0131736 0)
(0.752357 0.0110489 0)
(0.766357 0.00931509 0)
(0.778272 0.00787276 0)
(0.788415 0.00665157 0)
(0.797027 0.00560038 0)
(0.8043 0.00468101 0)
(0.810381 0.00386427 0)
(0.815389 0.00312719 0)
(0.819414 0.00245127 0)
(0.822527 0.00182109 0)
(0.82478 0.00122339 0)
(0.826205 0.000646292 0)
(0.826825 7.87131e-05 0)
(0.826643 -0.000490184 0)
(0.82565 -0.00107152 0)
(0.823822 -0.00167721 0)
(0.821116 -0.00232064 0)
(0.817473 -0.00301734 0)
(0.81281 -0.00378606 0)
(0.807017 -0.00465003 0)
(0.799951 -0.00563887 0)
(0.791426 -0.00679124 0)
(0.781203 -0.00815893 0)
(0.768968 -0.00981295 0)
(0.754309 -0.0118535 0)
(0.736682 -0.0144258 0)
(0.71535 -0.017748 0)
(0.689309 -0.0221588 0)
(0.657167 -0.0282038 0)
(0.616967 -0.0367923 0)
(0.565963 -0.0494769 0)
(0.500472 -0.0689028 0)
(0.415933 -0.0993375 0)
(0.306696 -0.146963 0)
(0.169408 -0.218966 0)
(0.0356164 -0.308497 0)
(0.0145891 -0.294729 0)
(0.301251 0.14701 0)
(0.400424 0.127488 0)
(0.564643 0.0751789 0)
(0.682464 0.0427889 0)
(0.752591 0.0251228 0)
(0.797597 0.0154523 0)
(0.828866 0.0100763 0)
(0.851606 0.00698491 0)
(0.868782 0.00510836 0)
(0.88219 0.00389658 0)
(0.892925 0.00306676 0)
(0.901682 0.00246897 0)
(0.908923 0.00201997 0)
(0.914971 0.0016711 0)
(0.920055 0.00139239 0)
(0.924346 0.00116444 0)
(0.927972 0.000974123 0)
(0.931029 0.000812233 0)
(0.933592 0.000672071 0)
(0.935721 0.000548628 0)
(0.937461 0.000438044 0)
(0.938847 0.000337254 0)
(0.939906 0.000243741 0)
(0.940657 0.000155368 0)
(0.941114 7.02393e-05 0)
(0.941284 -1.34016e-05 0)
(0.941169 -9.72649e-05 0)
(0.940766 -0.00018311 0)
(0.940066 -0.000272829 0)
(0.939053 -0.000368554 0)
(0.937704 -0.000472793 0)
(0.935989 -0.000588602 0)
(0.933864 -0.00071983 0)
(0.931277 -0.000871459 0)
(0.928154 -0.00105013 0)
(0.924401 -0.00126493 0)
(0.919894 -0.00152872 0)
(0.914465 -0.00186028 0)
(0.907887 -0.00228825 0)
(0.899841 -0.00285848 0)
(0.889867 -0.00364849 0)
(0.87728 -0.00479728 0)
(0.860999 -0.00656844 0)
(0.839242 -0.00948378 0)
(0.809014 -0.0145901 0)
(0.765011 -0.0239422 0)
(0.695657 -0.0414637 0)
(0.577236 -0.074311 0)
(0.408944 -0.128032 0)
(0.304996 -0.148435 0)
)
;

boundaryField
{
    movingWall
    {
        type            fixedValue;
        value           uniform (1 0 0);
    }
    fixedWalls
    {
        type            noSlip;
    }
    frontAndBack
    {
        type            empty;
    }
}


// ************************************************************************* //
