/*--------------------------------*- C++ -*----------------------------------*\
| =========                 |                                                 |
| \\      /  F ield         | OpenFOAM: The Open Source CFD Toolbox           |
|  \\    /   O peration     | Version:  v2012                                 |
|   \\  /    A nd           | Website:  www.openfoam.com                      |
|    \\/     M anipulation  |                                                 |
\*---------------------------------------------------------------------------*/
FoamFile
{
    version     2.0;
    format      ascii;
    class       surfaceScalarField;
    location    "0.3";
    object      phi;
}
// * * * * * * * * * * * * * * * * * * * * * * * * * * * * * * * * * * * * * //

dimensions      [0 3 -1 0 0 0 0];
oriented        oriented;


internalField   nonuniform List<scalar> 
4900
(
1.17878e-09
-1.1869e-09
2.41846e-09
-1.23969e-09
2.51831e-09
-9.9865e-11
1.0401e-09
1.47821e-09
-2.09662e-09
3.13672e-09
-6.80388e-09
4.70726e-09
-1.29114e-08
6.10748e-09
-2.02113e-08
7.29994e-09
-2.84817e-08
8.27044e-09
-3.74987e-08
9.01696e-09
-4.70428e-08
9.54419e-09
-5.69035e-08
9.86071e-09
-6.68809e-08
9.97738e-09
-7.67873e-08
9.90647e-09
-8.64484e-08
9.66107e-09
-9.57031e-08
9.25471e-09
-1.04404e-07
8.70124e-09
-1.12419e-07
8.01464e-09
-1.19628e-07
7.20897e-09
-1.25926e-07
6.29843e-09
-1.31224e-07
5.29734e-09
-1.35444e-07
4.22018e-09
-1.38525e-07
3.0817e-09
-1.40422e-07
1.89698e-09
-1.41104e-07
6.81478e-10
-1.40555e-07
-5.48892e-10
-1.38777e-07
-1.77776e-09
-1.35789e-07
-2.98826e-09
-1.31626e-07
-4.16305e-09
-1.26342e-07
-5.28439e-09
-1.20007e-07
-6.33418e-09
-1.12713e-07
-7.29416e-09
-1.04567e-07
-8.14603e-09
-9.56956e-08
-8.87167e-09
-8.62422e-08
-9.4534e-09
-7.6368e-08
-9.87424e-09
-6.62498e-08
-1.01183e-08
-5.60789e-08
-1.01709e-08
-4.60596e-08
-1.00193e-08
-3.64065e-08
-9.65316e-09
-2.73418e-08
-9.06471e-09
-1.90916e-08
-8.2502e-09
-1.18805e-08
-7.2111e-09
-5.92378e-09
-5.95676e-09
-1.4142e-09
-4.50958e-09
1.5015e-09
-2.91571e-09
2.76689e-09
-1.26539e-09
2.49826e-09
2.68627e-10
1.17512e-09
1.32315e-09
1.17512e-09
1.25005e-09
-2.43696e-09
1.44879e-09
-1.43844e-09
-1.16038e-09
2.5093e-09
-7.38495e-09
7.70277e-09
-1.74752e-08
1.3227e-08
-3.1323e-08
1.8555e-08
-4.86027e-08
2.33872e-08
-6.88646e-08
2.75619e-08
-9.15927e-08
3.09985e-08
-1.16241e-07
3.36655e-08
-1.42258e-07
3.55611e-08
-1.691e-07
3.67027e-08
-1.96243e-07
3.71202e-08
-2.23187e-07
3.68513e-08
-2.49465e-07
3.59391e-08
-2.74641e-07
3.44303e-08
-2.98314e-07
3.23738e-08
-3.20119e-07
2.98201e-08
-3.39731e-07
2.68211e-08
-3.56862e-07
2.34293e-08
-3.71263e-07
1.96985e-08
-3.82726e-07
1.56834e-08
-3.91084e-07
1.14396e-08
-3.96211e-07
7.02426e-09
-3.98026e-07
2.49588e-09
-3.96489e-07
-2.08547e-09
-3.91609e-07
-6.65807e-09
-3.83439e-07
-1.11586e-08
-3.72079e-07
-1.55223e-08
-3.57681e-07
-1.9683e-08
-3.40441e-07
-2.35739e-08
-3.20608e-07
-2.71276e-08
-2.98476e-07
-3.02773e-08
-2.74391e-07
-3.29572e-08
-2.48741e-07
-3.51036e-08
-2.21959e-07
-3.66561e-08
-1.94518e-07
-3.75591e-08
-1.66926e-07
-3.77629e-08
-1.3972e-07
-3.72258e-08
-1.13457e-07
-3.59163e-08
-8.87056e-08
-3.38158e-08
-6.60327e-08
-3.09231e-08
-4.59838e-08
-2.726e-08
-2.90583e-08
-2.28823e-08
-1.56717e-08
-1.78962e-08
-6.09833e-09
-1.24891e-08
-3.81139e-10
-6.98258e-09
1.80595e-09
-1.91846e-09
1.33505e-09
1.79405e-09
2.51017e-09
1.54527e-10
-2.59149e-09
-2.40535e-09
1.12142e-09
-9.35398e-09
9.45791e-09
-2.15291e-08
1.98778e-08
-3.91968e-08
3.08947e-08
-6.22106e-08
4.15689e-08
-9.01412e-08
5.13178e-08
-1.22377e-07
5.97972e-08
-1.58194e-07
6.68164e-08
-1.96813e-07
7.22841e-08
-2.37427e-07
7.6175e-08
-2.79232e-07
7.85076e-08
-3.21442e-07
7.93308e-08
-3.63305e-07
7.87136e-08
-4.04105e-07
7.67395e-08
-4.43176e-07
7.35017e-08
-4.79903e-07
6.91003e-08
-5.13723e-07
6.36403e-08
-5.44132e-07
5.72304e-08
-5.70685e-07
4.99825e-08
-5.92998e-07
4.20109e-08
-6.10747e-07
3.34328e-08
-6.23675e-07
2.43678e-08
-6.3159e-07
1.49386e-08
-6.34365e-07
5.27089e-09
-6.31944e-07
-4.50628e-09
-6.24341e-07
-1.42607e-08
-6.11643e-07
-2.38569e-08
-5.94009e-07
-3.31567e-08
-5.71672e-07
-4.20197e-08
-5.44942e-07
-5.03042e-08
-5.14201e-07
-5.7868e-08
-4.79908e-07
-6.45708e-08
-4.4259e-07
-7.02749e-08
-4.02845e-07
-7.48484e-08
-3.61334e-07
-7.81671e-08
-3.18776e-07
-8.01178e-08
-2.75937e-07
-8.06016e-08
-2.33625e-07
-7.95383e-08
-1.9267e-07
-7.68712e-08
-1.53912e-07
-7.25739e-08
-1.18175e-07
-6.66595e-08
-8.62421e-08
-5.91932e-08
-5.88123e-08
-5.03121e-08
-3.64523e-08
-4.02562e-08
-1.95239e-08
-2.94175e-08
-8.08739e-09
-1.84191e-08
-1.78088e-09
-8.22497e-09
3.30206e-10
-3.17031e-10
2.84038e-09
-1.37791e-09
-1.2136e-09
-7.52667e-09
7.27017e-09
-1.97146e-08
2.16458e-08
-3.85829e-08
3.87461e-08
-6.4277e-08
5.65888e-08
-9.65486e-08
7.38405e-08
-1.34855e-07
8.96242e-08
-1.78447e-07
1.03389e-07
-2.2644e-07
1.14809e-07
-2.77868e-07
1.23712e-07
-3.31726e-07
1.30033e-07
-3.87003e-07
1.33784e-07
-4.42702e-07
1.3503e-07
-4.9786e-07
1.33872e-07
-5.51562e-07
1.30441e-07
-6.02946e-07
1.24886e-07
-6.51217e-07
1.17371e-07
-6.95645e-07
1.08068e-07
-7.35574e-07
9.71597e-08
-7.70425e-07
8.48336e-08
-7.99697e-07
7.12831e-08
-8.22971e-07
5.67066e-08
-8.39911e-07
4.13075e-08
-8.50266e-07
2.52944e-08
-8.53877e-07
8.88109e-09
-8.5067e-07
-7.7132e-09
-8.40666e-07
-2.4264e-08
-8.23981e-07
-4.05419e-08
-8.00825e-07
-5.63132e-08
-7.71504e-07
-7.1341e-08
-7.36421e-07
-8.5387e-08
-6.96076e-07
-9.82129e-08
-6.51063e-07
-1.09584e-07
-6.02066e-07
-1.19272e-07
-5.49858e-07
-1.27057e-07
-4.95288e-07
-1.32737e-07
-4.39279e-07
-1.36126e-07
-3.82813e-07
-1.37068e-07
-3.26915e-07
-1.35437e-07
-2.72636e-07
-1.3115e-07
-2.21031e-07
-1.24178e-07
-1.7313e-07
-1.14561e-07
-1.299e-07
-1.02423e-07
-9.22019e-08
-8.80104e-08
-6.0733e-08
-7.17251e-08
-3.5958e-08
-5.41924e-08
-1.80245e-08
-3.63526e-08
-6.66984e-09
-1.95797e-08
-1.12814e-09
-5.85873e-09
1.71225e-09
-3.02104e-09
1.80743e-09
-1.31138e-08
1.73629e-08
-3.09901e-08
3.95221e-08
-5.6959e-08
6.4715e-08
-9.09438e-08
9.05736e-08
-1.32532e-07
1.15428e-07
-1.81038e-07
1.3813e-07
-2.35574e-07
1.57925e-07
-2.95108e-07
1.74343e-07
-3.58518e-07
1.87122e-07
-4.24635e-07
1.9615e-07
-4.92276e-07
2.01425e-07
-5.60271e-07
2.03025e-07
-6.27486e-07
2.01087e-07
-6.92836e-07
1.95791e-07
-7.553e-07
1.8735e-07
-8.13929e-07
1.76e-07
-8.67855e-07
1.61993e-07
-9.16292e-07
1.45598e-07
-9.5855e-07
1.27091e-07
-9.94027e-07
1.06761e-07
-1.02222e-06
8.49029e-08
-1.04274e-06
6.1821e-08
-1.05527e-06
3.78269e-08
-1.05963e-06
1.32402e-08
-1.05573e-06
-1.16116e-08
-1.0436e-06
-3.63934e-08
-1.02338e-06
-6.07634e-08
-9.95319e-07
-8.43736e-08
-9.59788e-07
-1.06872e-07
-9.17269e-07
-1.27906e-07
-8.68359e-07
-1.47123e-07
-8.13767e-07
-1.64176e-07
-7.54308e-07
-1.7873e-07
-6.909e-07
-1.90466e-07
-6.24551e-07
-1.99085e-07
-5.56353e-07
-2.04324e-07
-4.87464e-07
-2.05957e-07
-4.19091e-07
-2.0381e-07
-3.52467e-07
-1.97774e-07
-2.88826e-07
-1.87819e-07
-2.29369e-07
-1.74018e-07
-1.75222e-07
-1.5657e-07
-1.27395e-07
-1.35838e-07
-8.67208e-08
-1.12399e-07
-5.38004e-08
-8.71129e-08
-2.89328e-08
-6.12202e-08
-1.20571e-08
-3.64553e-08
-2.70804e-09
-1.52078e-08
-9.95776e-10
-4.64128e-09
6.4487e-09
-1.87554e-08
3.1477e-08
-4.24746e-08
6.32413e-08
-7.57087e-08
9.7949e-08
-1.18094e-07
1.32959e-07
-1.69e-07
1.66335e-07
-2.27569e-07
1.96699e-07
-2.92757e-07
2.23113e-07
-3.63386e-07
2.44973e-07
-4.3819e-07
2.61926e-07
-5.15852e-07
2.73813e-07
-5.95044e-07
2.80617e-07
-6.74448e-07
2.82429e-07
-7.52785e-07
2.79424e-07
-8.2883e-07
2.71836e-07
-9.01426e-07
2.59947e-07
-9.69498e-07
2.44072e-07
-1.03206e-06
2.24554e-07
-1.08822e-06
2.01757e-07
-1.13719e-06
1.7606e-07
-1.17828e-06
1.47858e-07
-1.21094e-06
1.17557e-07
-1.23469e-06
8.55746e-08
-1.2492e-06
5.23412e-08
-1.25426e-06
1.82966e-08
-1.24976e-06
-1.61085e-08
-1.23574e-06
-5.04129e-08
-1.21236e-06
-8.41467e-08
-1.1799e-06
-1.16832e-07
-1.13879e-06
-1.47988e-07
-1.08956e-06
-1.77129e-07
-1.03291e-06
-2.03776e-07
-9.69632e-07
-2.27455e-07
-9.00653e-07
-2.4771e-07
-8.2701e-07
-2.64108e-07
-7.49847e-07
-2.76249e-07
-6.70396e-07
-2.83775e-07
-5.89964e-07
-2.86389e-07
-5.09913e-07
-2.83862e-07
-4.31632e-07
-2.76055e-07
-3.56511e-07
-2.6294e-07
-2.85904e-07
-2.44625e-07
-2.2109e-07
-2.21383e-07
-1.63228e-07
-1.937e-07
-1.13307e-07
-1.6232e-07
-7.20962e-08
-1.28324e-07
-4.00997e-08
-9.32166e-08
-1.75241e-08
-5.9031e-08
-4.27297e-09
-2.84589e-08
-5.26873e-09
-6.18683e-09
1.26355e-08
-2.42567e-08
4.95467e-08
-5.37983e-08
9.27829e-08
-9.43027e-08
1.38453e-07
-1.45083e-07
1.83739e-07
-2.05259e-07
2.2651e-07
-2.73766e-07
2.65206e-07
-3.49387e-07
2.98735e-07
-4.30792e-07
3.26377e-07
-5.16568e-07
3.47702e-07
-6.05262e-07
3.62508e-07
-6.95412e-07
3.70767e-07
-7.85572e-07
3.72589e-07
-8.74336e-07
3.68188e-07
-9.6036e-07
3.57859e-07
-1.04237e-06
3.41959e-07
-1.11919e-06
3.20889e-07
-1.18973e-06
2.95092e-07
-1.25301e-06
2.65034e-07
-1.30815e-06
2.31209e-07
-1.35442e-06
1.94127e-07
-1.39118e-06
1.54317e-07
-1.41793e-06
1.12322e-07
-1.43429e-06
6.87018e-08
-1.44002e-06
2.40287e-08
-1.43502e-06
-2.11105e-08
-1.41932e-06
-6.61163e-08
-1.39309e-06
-1.10378e-07
-1.35665e-06
-1.53275e-07
-1.31045e-06
-1.94183e-07
-1.25511e-06
-2.32474e-07
-1.19136e-06
-2.67525e-07
-1.12008e-06
-2.98727e-07
-1.0423e-06
-3.2549e-07
-9.59155e-07
-3.47256e-07
-8.71894e-07
-3.6351e-07
-7.81873e-07
-3.73796e-07
-6.90529e-07
-3.77733e-07
-5.99357e-07
-3.75033e-07
-5.09889e-07
-3.65523e-07
-4.23659e-07
-3.4917e-07
-3.4217e-07
-3.26114e-07
-2.66853e-07
-2.96701e-07
-1.99028e-07
-2.61525e-07
-1.3986e-07
-2.21488e-07
-9.03204e-08
-1.77863e-07
-5.11549e-08
-1.32382e-07
-2.28735e-08
-8.73124e-08
-5.76919e-09
-4.55632e-08
-1.10379e-08
-7.64565e-09
2.02811e-08
-2.95451e-08
7.14461e-08
-6.47987e-08
1.28036e-07
-1.12487e-07
1.86142e-07
-1.71588e-07
2.4284e-07
-2.40945e-07
2.95867e-07
-3.19269e-07
3.43529e-07
-4.05151e-07
3.84617e-07
-4.97095e-07
4.1832e-07
-5.93539e-07
4.44147e-07
-6.92897e-07
4.61865e-07
-7.93578e-07
4.71447e-07
-8.94017e-07
4.73028e-07
-9.92697e-07
4.66869e-07
-1.08817e-06
4.5333e-07
-1.17906e-06
4.32851e-07
-1.2641e-06
4.0593e-07
-1.34212e-06
3.73111e-07
-1.41206e-06
3.34977e-07
-1.47299e-06
2.9214e-07
-1.5241e-06
2.45237e-07
-1.56471e-06
1.94927e-07
-1.59428e-06
1.4189e-07
-1.6124e-06
8.68233e-08
-1.61882e-06
3.04417e-08
-1.61341e-06
-2.65219e-08
-1.5962e-06
-8.33196e-08
-1.56739e-06
-1.39189e-07
-1.52731e-06
-1.93358e-07
-1.47644e-06
-2.45046e-07
-1.41544e-06
-2.93473e-07
-1.34511e-06
-3.37863e-07
-1.26638e-06
-3.77458e-07
-1.18034e-06
-4.11523e-07
-1.08824e-06
-4.39365e-07
-9.91401e-07
-4.60345e-07
-8.913e-07
-4.73898e-07
-7.89483e-07
-4.7955e-07
-6.87572e-07
-4.76944e-07
-5.87228e-07
-4.65866e-07
-4.90127e-07
-4.46271e-07
-3.97921e-07
-4.1832e-07
-3.12203e-07
-3.82418e-07
-2.34469e-07
-3.39259e-07
-1.66081e-07
-2.89876e-07
-1.08235e-07
-2.3571e-07
-6.1943e-08
-1.78674e-07
-2.80346e-08
-1.21221e-07
-7.1843e-09
-6.64135e-08
-1.82222e-08
-9.02356e-09
2.93047e-08
-3.46119e-08
9.70345e-08
-7.54327e-08
1.68857e-07
-1.30177e-07
2.40887e-07
-1.97487e-07
3.10149e-07
-2.75919e-07
3.743e-07
-3.63942e-07
4.31553e-07
-4.59944e-07
4.80619e-07
-5.62249e-07
5.20624e-07
-6.69141e-07
5.5104e-07
-7.78896e-07
5.7162e-07
-8.89798e-07
5.8235e-07
-1.00017e-06
5.83401e-07
-1.10839e-06
5.75091e-07
-1.21292e-06
5.57858e-07
-1.3123e-06
5.32229e-07
-1.40517e-06
4.98804e-07
-1.4903e-06
4.58243e-07
-1.56657e-06
4.11247e-07
-1.63299e-06
3.58558e-07
-1.6887e-06
3.00946e-07
-1.73298e-06
2.39207e-07
-1.76525e-06
1.74164e-07
-1.78509e-06
1.06662e-07
-1.79222e-06
3.75639e-08
-1.78649e-06
-3.22426e-08
-1.76796e-06
-1.01853e-07
-1.7368e-06
-1.70347e-07
-1.69337e-06
-2.3679e-07
-1.63818e-06
-3.00239e-07
-1.5719e-06
-3.59749e-07
-1.49538e-06
-4.14385e-07
-1.40961e-06
-4.63227e-07
-1.31575e-06
-5.05387e-07
-1.21508e-06
-5.40027e-07
-1.10906e-06
-5.66371e-07
-9.99223e-07
-5.83733e-07
-8.87235e-07
-5.91538e-07
-7.74832e-07
-5.89347e-07
-6.63806e-07
-5.76892e-07
-5.55974e-07
-5.54104e-07
-4.53143e-07
-5.21151e-07
-3.57079e-07
-4.78483e-07
-2.69468e-07
-4.26869e-07
-1.91888e-07
-3.67457e-07
-1.25779e-07
-3.01818e-07
-7.24349e-08
-2.32018e-07
-3.30045e-08
-1.60651e-07
-8.52543e-09
-9.08926e-08
-2.67476e-08
-1.03335e-08
3.96382e-08
-3.94801e-08
1.26181e-07
-8.57221e-08
2.15099e-07
-1.47386e-07
3.02551e-07
-2.22783e-07
3.85546e-07
-3.10181e-07
4.61698e-07
-4.07798e-07
5.29169e-07
-5.13802e-07
5.86624e-07
-6.26332e-07
6.33154e-07
-7.4351e-07
6.68218e-07
-8.63468e-07
6.91578e-07
-9.84369e-07
7.0325e-07
-1.10442e-06
7.03455e-07
-1.22191e-06
6.92582e-07
-1.33521e-06
6.71153e-07
-1.44278e-06
6.39796e-07
-1.5432e-06
5.99223e-07
-1.63517e-06
5.50213e-07
-1.71752e-06
4.93597e-07
-1.78921e-06
4.30249e-07
-1.84934e-06
3.61081e-07
-1.89717e-06
2.87033e-07
-1.93208e-06
2.09076e-07
-1.95363e-06
1.28206e-07
-1.96151e-06
4.54439e-08
-1.95558e-06
-3.81659e-08
-1.93588e-06
-1.21556e-07
-1.90259e-06
-2.0364e-07
-1.85606e-06
-2.83315e-07
-1.79683e-06
-3.59469e-07
-1.72559e-06
-4.30986e-07
-1.64322e-06
-4.96759e-07
-1.55075e-06
-5.557e-07
-1.44938e-06
-6.06758e-07
-1.34047e-06
-6.48935e-07
-1.22553e-06
-6.81309e-07
-1.1062e-06
-7.03061e-07
-9.84242e-07
-7.13499e-07
-8.615e-07
-7.12089e-07
-7.39898e-07
-6.98494e-07
-6.214e-07
-6.72602e-07
-5.07976e-07
-6.34575e-07
-4.01577e-07
-5.84882e-07
-3.04094e-07
-5.24352e-07
-2.17336e-07
-4.54215e-07
-1.43002e-07
-3.76152e-07
-8.26728e-08
-2.92347e-07
-3.78155e-08
-2.05508e-07
-9.80803e-09
-1.189e-07
-3.65556e-08
-1.15906e-08
5.12287e-08
-4.41868e-08
1.58777e-07
-9.57228e-08
2.66635e-07
-1.64182e-07
3.7101e-07
-2.47555e-07
4.68919e-07
-3.4382e-07
5.57963e-07
-4.50937e-07
6.36286e-07
-5.6685e-07
7.02537e-07
-6.89501e-07
7.55805e-07
-8.16843e-07
7.9556e-07
-9.46863e-07
8.21598e-07
-1.07759e-06
8.33982e-07
-1.20714e-06
8.33004e-07
-1.3337e-06
8.19136e-07
-1.45554e-06
7.92999e-07
-1.57108e-06
7.55332e-07
-1.67883e-06
7.06969e-07
-1.77743e-06
6.48815e-07
-1.86567e-06
5.8184e-07
-1.94248e-06
5.07057e-07
-2.00692e-06
4.25522e-07
-2.05821e-06
3.38327e-07
-2.09573e-06
2.46593e-07
-2.119e-06
1.51473e-07
-2.1277e-06
5.41474e-08
-2.12169e-06
-4.41773e-08
-2.10098e-06
-1.42267e-07
-2.06575e-06
-2.38866e-07
-2.01637e-06
-3.32699e-07
-1.95336e-06
-4.22477e-07
-1.87744e-06
-5.06906e-07
-1.7895e-06
-5.84702e-07
-1.6906e-06
-6.54598e-07
-1.58199e-06
-7.15368e-07
-1.46508e-06
-7.65846e-07
-1.34144e-06
-8.0495e-07
-1.21279e-06
-8.3171e-07
-1.08098e-06
-8.45304e-07
-9.47987e-07
-8.45085e-07
-8.15854e-07
-8.30626e-07
-6.86699e-07
-8.01757e-07
-5.62666e-07
-7.58607e-07
-4.45901e-07
-7.01647e-07
-3.38516e-07
-6.31737e-07
-2.42563e-07
-5.50168e-07
-1.60012e-07
-4.58703e-07
-9.27376e-08
-3.59622e-07
-4.2517e-08
-2.55729e-07
-1.10506e-08
-1.50366e-07
-4.76062e-08
-1.281e-08
6.40387e-08
-4.87743e-08
1.94741e-07
-1.05506e-07
3.23366e-07
-1.80661e-07
4.46166e-07
-2.71921e-07
5.60178e-07
-3.76972e-07
6.63015e-07
-4.93516e-07
7.52829e-07
-6.19263e-07
8.28284e-07
-7.51954e-07
8.88496e-07
-8.89367e-07
9.32973e-07
-1.02934e-06
9.61568e-07
-1.16977e-06
9.74418e-07
-1.30867e-06
9.71901e-07
-1.44413e-06
9.54591e-07
-1.57435e-06
9.23223e-07
-1.69768e-06
8.7866e-07
-1.81257e-06
8.21865e-07
-1.91764e-06
7.53885e-07
-2.01163e-06
6.7583e-07
-2.09344e-06
5.8886e-07
-2.1621e-06
4.94182e-07
-2.21681e-06
3.93038e-07
-2.25692e-06
2.86707e-07
-2.28195e-06
1.76499e-07
-2.29155e-06
6.3755e-08
-2.28558e-06
-5.0153e-08
-2.26402e-06
-1.63823e-07
-2.22706e-06
-2.75828e-07
-2.17504e-06
-3.84714e-07
-2.10851e-06
-4.89014e-07
-2.02816e-06
-5.87251e-07
-1.93491e-06
-6.77954e-07
-1.82984e-06
-7.5967e-07
-1.71422e-06
-8.30987e-07
-1.58951e-06
-8.90557e-07
-1.45734e-06
-9.37123e-07
-1.3195e-06
-9.69551e-07
-1.17793e-06
-9.86867e-07
-1.03473e-06
-9.88292e-07
-8.92063e-07
-9.73289e-07
-7.52218e-07
-9.41603e-07
-6.17518e-07
-8.93307e-07
-4.90317e-07
-8.28848e-07
-3.72959e-07
-7.49095e-07
-2.67756e-07
-6.55371e-07
-1.76955e-07
-5.49504e-07
-1.02729e-07
-4.33847e-07
-4.71654e-08
-3.11293e-07
-1.22723e-08
-1.85259e-07
-5.98784e-08
-1.40058e-08
7.80445e-08
-5.32852e-08
2.34021e-07
-1.15146e-07
3.85227e-07
-1.96931e-07
5.27951e-07
-2.96015e-07
6.59261e-07
-4.09797e-07
7.76797e-07
-5.35713e-07
8.78745e-07
-6.71239e-07
9.63811e-07
-8.13907e-07
1.03116e-06
-9.61314e-07
1.08038e-06
-1.11114e-06
1.1114e-06
-1.26117e-06
1.12445e-06
-1.40929e-06
1.12002e-06
-1.5535e-06
1.0988e-06
-1.69195e-06
1.06167e-06
-1.82291e-06
1.00962e-06
-1.94481e-06
9.4376e-07
-2.0562e-06
8.65279e-07
-2.15581e-06
7.7544e-07
-2.24251e-06
6.75557e-07
-2.31532e-06
5.66988e-07
-2.37341e-06
4.51133e-07
-2.41613e-06
3.29425e-07
-2.44296e-06
2.03332e-07
-2.45357e-06
7.4359e-08
-2.44776e-06
-5.59592e-08
-2.42553e-06
-1.86052e-07
-2.38704e-06
-3.14319e-07
-2.33263e-06
-4.39129e-07
-2.26281e-06
-5.58832e-07
-2.1783e-06
-6.71762e-07
-2.07999e-06
-7.76257e-07
-1.969e-06
-8.70668e-07
-1.84659e-06
-9.53388e-07
-1.71428e-06
-1.02287e-06
-1.57373e-06
-1.07767e-06
-1.42681e-06
-1.11647e-06
-1.27555e-06
-1.13812e-06
-1.12215e-06
-1.14169e-06
-9.68925e-07
-1.12651e-06
-8.18326e-07
-1.0922e-06
-6.72867e-07
-1.03877e-06
-5.35122e-07
-9.66594e-07
-4.0768e-07
-8.76536e-07
-2.93123e-07
-7.69929e-07
-1.93989e-07
-6.48637e-07
-1.12755e-07
-5.15081e-07
-5.18191e-08
-3.72229e-07
-1.34917e-08
-2.23587e-07
-7.33701e-08
-1.51909e-08
9.32354e-08
-5.776e-08
2.7659e-07
-1.24718e-07
4.52185e-07
-2.131e-07
6.16333e-07
-3.19976e-07
7.66137e-07
-4.42457e-07
8.99279e-07
-5.77713e-07
1.014e-06
-7.22977e-07
1.10907e-06
-8.75569e-07
1.18375e-06
-1.0329e-06
1.23771e-06
-1.1925e-06
1.271e-06
-1.35202e-06
1.28396e-06
-1.50923e-06
1.27723e-06
-1.66206e-06
1.25163e-06
-1.80858e-06
1.20819e-06
-1.94702e-06
1.14806e-06
-2.07575e-06
1.0725e-06
-2.19333e-06
9.82852e-07
-2.29843e-06
8.80546e-07
-2.38992e-06
7.67048e-07
-2.46681e-06
6.43875e-07
-2.52826e-06
5.12581e-07
-2.57359e-06
3.74757e-07
-2.60229e-06
2.32029e-07
-2.61399e-06
8.60603e-08
-2.60849e-06
-6.14512e-08
-2.58578e-06
-2.08769e-07
-2.54598e-06
-3.5412e-07
-2.48941e-06
-4.95696e-07
-2.41658e-06
-6.31662e-07
-2.32818e-06
-7.60163e-07
-2.2251e-06
-8.79337e-07
-2.10843e-06
-9.87333e-07
-1.97949e-06
-1.08233e-06
-1.83977e-06
-1.16259e-06
-1.69101e-06
-1.22644e-06
-1.53512e-06
-1.27236e-06
-1.37423e-06
-1.29901e-06
-1.21065e-06
-1.30528e-06
-1.04683e-06
-1.29032e-06
-8.85393e-07
-1.25364e-06
-7.29056e-07
-1.1951e-06
-5.80623e-07
-1.11503e-06
-4.42943e-07
-1.01422e-06
-3.18881e-07
-8.93991e-07
-2.11278e-07
-7.5624e-07
-1.22925e-07
-6.03434e-07
-5.65357e-08
-4.38618e-07
-1.47265e-08
-2.65396e-07
-8.80966e-08
-1.63767e-08
1.09612e-07
-6.2236e-08
3.22449e-07
-1.34292e-07
5.2424e-07
-2.29271e-07
7.11313e-07
-3.43939e-07
8.80804e-07
-4.75114e-07
1.03045e-06
-6.19693e-07
1.15858e-06
-7.74666e-07
1.26405e-06
-9.37132e-07
1.34622e-06
-1.10432e-06
1.4049e-06
-1.27359e-06
1.44027e-06
-1.44247e-06
1.45284e-06
-1.60863e-06
1.44339e-06
-1.76992e-06
1.41292e-06
-1.92434e-06
1.36261e-06
-2.07008e-06
1.2938e-06
-2.20548e-06
1.2079e-06
-2.32906e-06
1.10644e-06
-2.43952e-06
9.91e-07
-2.53569e-06
8.63215e-07
-2.61657e-06
7.24758e-07
-2.68133e-06
5.77342e-07
-2.72928e-06
4.2271e-07
-2.7599e-06
2.62646e-07
-2.77281e-06
9.89651e-08
-2.76778e-06
-6.64741e-08
-2.74478e-06
-2.31773e-07
-2.70391e-06
-3.9499e-07
-2.64546e-06
-5.54142e-07
-2.56991e-06
-7.0721e-07
-2.47793e-06
-8.52146e-07
-2.37038e-06
-9.86884e-07
-2.24835e-06
-1.10936e-06
-2.11314e-06
-1.21755e-06
-1.96626e-06
-1.30946e-06
-1.80948e-06
-1.38322e-06
-1.64477e-06
-1.43707e-06
-1.47433e-06
-1.46945e-06
-1.30059e-06
-1.47903e-06
-1.12614e-06
-1.46477e-06
-9.53771e-07
-1.42601e-06
-7.86418e-07
-1.36245e-06
-6.27124e-07
-1.27432e-06
-4.79013e-07
-1.16233e-06
-3.45246e-07
-1.02776e-06
-2.28984e-07
-8.72503e-07
-1.33345e-07
-6.99073e-07
-6.13704e-08
-5.10592e-07
-1.59933e-08
-3.10773e-07
-1.0409e-07
-1.75735e-08
1.27186e-07
-6.67472e-08
3.71622e-07
-1.43932e-07
6.01425e-07
-2.45542e-07
8.12922e-07
-3.68028e-07
1.00329e-06
-5.07914e-07
1.17034e-06
-6.61817e-07
1.31248e-06
-8.26473e-07
1.4287e-06
-9.98762e-07
1.51851e-06
-1.17572e-06
1.58186e-06
-1.35455e-06
1.6191e-06
-1.53265e-06
1.63094e-06
-1.70758e-06
1.61832e-06
-1.87712e-06
1.58246e-06
-2.03923e-06
1.52472e-06
-2.19204e-06
1.44661e-06
-2.33389e-06
1.34975e-06
-2.46328e-06
1.23583e-06
-2.57891e-06
1.10662e-06
-2.6796e-06
9.63908e-07
-2.76437e-06
8.09531e-07
-2.83238e-06
6.45355e-07
-2.88295e-06
4.73278e-07
-2.91554e-06
2.9523e-07
-2.92975e-06
1.1318e-07
-2.92536e-06
-7.08632e-08
-2.90229e-06
-2.54846e-07
-2.86062e-06
-4.36663e-07
-2.8006e-06
-6.1416e-07
-2.72267e-06
-7.85138e-07
-2.62746e-06
-9.47353e-07
-2.51581e-06
-1.09854e-06
-2.38877e-06
-1.23641e-06
-2.24761e-06
-1.3587e-06
-2.09387e-06
-1.4632e-06
-1.92932e-06
-1.54777e-06
-1.75598e-06
-1.61041e-06
-1.57612e-06
-1.64931e-06
-1.39226e-06
-1.66288e-06
-1.20716e-06
-1.64987e-06
-1.02378e-06
-1.60939e-06
-8.45262e-07
-1.54097e-06
-6.74914e-07
-1.44467e-06
-5.16143e-07
-1.3211e-06
-3.72427e-07
-1.17147e-06
-2.47263e-07
-9.97667e-07
-1.44116e-07
-8.02219e-07
-6.63762e-08
-5.88333e-07
-1.73076e-08
-3.59842e-07
-1.21397e-07
-1.87904e-08
1.45976e-07
-7.13248e-08
4.24157e-07
-1.53699e-07
6.83799e-07
-2.62001e-07
9.21224e-07
-3.92361e-07
1.13365e-06
-5.40993e-07
1.31897e-06
-7.04227e-07
1.47572e-06
-8.78541e-07
1.60302e-06
-1.06059e-06
1.70056e-06
-1.2472e-06
1.76848e-06
-1.43544e-06
1.80734e-06
-1.62256e-06
1.81806e-06
-1.80604e-06
1.80181e-06
-1.98359e-06
1.76e-06
-2.1531e-06
1.69423e-06
-2.3127e-06
1.60621e-06
-2.46072e-06
1.49777e-06
-2.59566e-06
1.37077e-06
-2.71621e-06
1.22717e-06
-2.82123e-06
1.06893e-06
-2.90974e-06
8.98038e-07
-2.98091e-06
7.16523e-07
-3.03405e-06
5.26425e-07
-3.06864e-06
3.29818e-07
-3.08427e-06
1.2881e-07
-3.08069e-06
-7.4446e-08
-3.05778e-06
-2.77749e-07
-3.01561e-06
-4.7884e-07
-2.95437e-06
-6.754e-07
-2.87445e-06
-8.65053e-07
-2.77644e-06
-1.04537e-06
-2.66111e-06
-1.21386e-06
-2.52948e-06
-1.36804e-06
-2.3828e-06
-1.50539e-06
-2.22257e-06
-1.62343e-06
-2.05057e-06
-1.71978e-06
-1.86885e-06
-1.79213e-06
-1.67975e-06
-1.83841e-06
-1.48589e-06
-1.85675e-06
-1.29015e-06
-1.84561e-06
-1.09569e-06
-1.80385e-06
-9.05869e-07
-1.73079e-06
-7.24259e-07
-1.62628e-06
-5.54573e-07
-1.49078e-06
-4.00623e-07
-1.32542e-06
-2.66265e-07
-1.13202e-06
-1.55338e-07
-9.13146e-07
-7.16031e-08
-6.72068e-07
-1.86843e-08
-4.1276e-07
-1.40082e-07
-2.0036e-08
1.66012e-07
-7.59973e-08
4.80118e-07
-1.63647e-07
7.71449e-07
-2.7873e-07
1.03631e-06
-4.17041e-07
1.27196e-06
-5.7447e-07
1.4764e-06
-7.47048e-07
1.64829e-06
-9.30986e-07
1.78696e-06
-1.1227e-06
1.89227e-06
-1.31883e-06
1.96461e-06
-1.51628e-06
2.00479e-06
-1.71217e-06
2.01395e-06
-1.9039e-06
1.99354e-06
-2.08911e-06
1.94521e-06
-2.26568e-06
1.8708e-06
-2.43171e-06
1.77225e-06
-2.58553e-06
1.65159e-06
-2.72567e-06
1.51091e-06
-2.85083e-06
1.35233e-06
-2.95991e-06
1.178e-06
-3.05194e-06
9.9007e-07
-3.12612e-06
7.90702e-07
-3.18178e-06
5.82083e-07
-3.21838e-06
3.66419e-07
-3.23552e-06
1.45949e-07
-3.23292e-06
-7.70444e-08
-3.21044e-06
-3.00223e-07
-3.1681e-06
-5.21186e-07
-3.10603e-06
-7.37462e-07
-3.02458e-06
-9.46503e-07
-2.92426e-06
-1.14569e-06
-2.80578e-06
-1.33234e-06
-2.67009e-06
-1.50373e-06
-2.51839e-06
-1.65709e-06
-2.35214e-06
-1.78968e-06
-2.17311e-06
-1.8988e-06
-1.98337e-06
-1.98188e-06
-1.7853e-06
-2.03648e-06
-1.5816e-06
-2.06044e-06
-1.3753e-06
-2.05191e-06
-1.16973e-06
-2.00943e-06
-9.68479e-07
-1.93204e-06
-7.75398e-07
-1.81936e-06
-5.94521e-07
-1.67166e-06
-4.30018e-07
-1.48993e-06
-2.86132e-07
-1.27591e-06
-1.67104e-07
-1.03217e-06
-7.70995e-08
-7.62072e-07
-2.01374e-08
-4.69722e-07
-1.60219e-07
-2.1318e-08
1.8733e-07
-8.07922e-08
5.39592e-07
-1.73828e-07
8.64485e-07
-2.95808e-07
1.15829e-06
-4.42167e-07
1.41832e-06
-6.08453e-07
1.64269e-06
-7.90385e-07
1.83023e-06
-9.83892e-07
1.98046e-06
-1.18515e-06
2.09353e-06
-1.39061e-06
2.17007e-06
-1.59699e-06
2.21117e-06
-1.80132e-06
2.21828e-06
-2.00092e-06
2.19313e-06
-2.19337e-06
2.13766e-06
-2.37653e-06
2.05396e-06
-2.54852e-06
1.94423e-06
-2.70767e-06
1.81075e-06
-2.85256e-06
1.6558e-06
-2.98193e-06
1.4817e-06
-3.09471e-06
1.29078e-06
-3.18998e-06
1.08534e-06
-3.26696e-06
8.67684e-07
-3.32501e-06
6.40132e-07
-3.3636e-06
4.05011e-07
-3.38233e-06
1.64674e-07
-3.38089e-06
-7.84781e-08
-3.35913e-06
-3.21989e-07
-3.31698e-06
-5.63331e-07
-3.25455e-06
-7.99889e-07
-3.1721e-06
-1.02896e-06
-3.07004e-06
-1.24775e-06
-2.94903e-06
-1.45336e-06
-2.80991e-06
-1.64284e-06
-2.65382e-06
-1.81318e-06
-2.48216e-06
-1.96134e-06
-2.29665e-06
-2.08431e-06
-2.09936e-06
-2.17917e-06
-1.89269e-06
-2.24315e-06
-1.67942e-06
-2.27371e-06
-1.46271e-06
-2.26862e-06
-1.24606e-06
-2.22608e-06
-1.03329e-06
-2.14481e-06
-8.28539e-07
-2.02411e-06
-6.36187e-07
-1.86401e-06
-4.60787e-07
-1.66533e-06
-3.06998e-07
-1.4297e-06
-1.79502e-07
-1.15967e-06
-8.29117e-08
-8.58662e-07
-2.16807e-08
-5.30953e-07
-1.819e-07
-2.26446e-08
2.09974e-07
-8.57364e-08
6.02684e-07
-1.84295e-07
9.63044e-07
-3.1331e-07
1.2873e-06
-4.67829e-07
1.57284e-06
-6.43039e-07
1.8179e-06
-8.34324e-07
2.02151e-06
-1.03732e-06
2.18346e-06
-1.24795e-06
2.30416e-06
-1.46247e-06
2.38458e-06
-1.67744e-06
2.42615e-06
-1.88979e-06
2.43063e-06
-2.09675e-06
2.40009e-06
-2.29589e-06
2.33679e-06
-2.48506e-06
2.24313e-06
-2.6624e-06
2.12157e-06
-2.8263e-06
1.97464e-06
-2.97537e-06
1.80487e-06
-3.10842e-06
1.61476e-06
-3.22443e-06
1.4068e-06
-3.32256e-06
1.18346e-06
-3.40205e-06
9.47181e-07
-3.46231e-06
7.00392e-07
-3.50283e-06
4.45528e-07
-3.5232e-06
1.85042e-07
-3.52311e-06
-7.85696e-08
-3.50235e-06
-3.42749e-07
-3.46082e-06
-6.04858e-07
-3.39855e-06
-8.62161e-07
-3.3157e-06
-1.11181e-06
-3.2126e-06
-1.35084e-06
-3.08979e-06
-1.57617e-06
-2.94801e-06
-1.78462e-06
-2.7883e-06
-1.97289e-06
-2.61198e-06
-2.13767e-06
-2.42068e-06
-2.2756e-06
-2.21645e-06
-2.3834e-06
-2.0017e-06
-2.4579e-06
-1.77926e-06
-2.49615e-06
-1.55239e-06
-2.49549e-06
-1.32476e-06
-2.45372e-06
-1.10044e-06
-2.36913e-06
-8.83856e-07
-2.24069e-06
-6.7975e-07
-2.06812e-06
-4.9309e-07
-1.85199e-06
-3.28992e-07
-1.5938e-06
-1.92621e-07
-1.29604e-06
-8.90855e-08
-9.62198e-07
-2.33276e-08
-5.96711e-07
-2.05227e-07
-2.40239e-08
2.33998e-07
-9.08581e-08
6.69518e-07
-1.951e-07
1.06729e-06
-3.31311e-07
1.42351e-06
-4.9412e-07
1.73565e-06
-6.7832e-07
2.0021e-06
-8.78939e-07
2.22213e-06
-1.0913e-06
2.39582e-06
-1.31108e-06
2.52394e-06
-1.53431e-06
2.60781e-06
-1.75743e-06
2.64926e-06
-1.97724e-06
2.65044e-06
-2.19093e-06
2.61379e-06
-2.39605e-06
2.54192e-06
-2.5905e-06
2.43757e-06
-2.77244e-06
2.30351e-06
-2.94033e-06
2.14254e-06
-3.09286e-06
1.9574e-06
-3.22892e-06
1.75082e-06
-3.34759e-06
1.52547e-06
-3.44807e-06
1.28394e-06
-3.5297e-06
1.02881e-06
-3.59191e-06
7.62606e-07
-3.63424e-06
4.8785e-07
-3.65627e-06
2.07075e-07
-3.65769e-06
-7.71496e-08
-3.63825e-06
-3.62188e-07
-3.59779e-06
-6.45315e-07
-3.53626e-06
-9.23694e-07
-3.45372e-06
-1.19435e-06
-3.35038e-06
-1.45418e-06
-3.22664e-06
-1.69991e-06
-3.08314e-06
-1.92812e-06
-2.92075e-06
-2.13528e-06
-2.74068e-06
-2.31774e-06
-2.54448e-06
-2.4718e-06
-2.33411e-06
-2.59377e-06
-2.11196e-06
-2.68005e-06
-1.88089e-06
-2.72722e-06
-1.64424e-06
-2.73214e-06
-1.40585e-06
-2.69211e-06
-1.17002e-06
-2.60496e-06
-9.41485e-07
-2.46922e-06
-7.25366e-07
-2.28424e-06
-5.27078e-07
-2.05027e-06
-3.52238e-07
-1.76864e-06
-2.06547e-07
-1.44173e-06
-9.56668e-08
-1.07308e-06
-2.50919e-08
-6.67286e-07
-2.30319e-07
-2.54652e-08
2.59464e-07
-9.61883e-08
7.40241e-07
-2.06302e-07
1.1774e-06
-3.49893e-07
1.5671e-06
-5.21133e-07
1.90689e-06
-7.14386e-07
2.19535e-06
-9.24294e-07
2.43204e-06
-1.14586e-06
2.61738e-06
-1.37447e-06
2.75255e-06
-1.60597e-06
2.83932e-06
-1.83664e-06
2.87993e-06
-2.06321e-06
2.87701e-06
-2.28284e-06
2.83341e-06
-2.49309e-06
2.75217e-06
-2.69188e-06
2.63636e-06
-2.87748e-06
2.48911e-06
-3.04843e-06
2.31349e-06
-3.20353e-06
2.1125e-06
-3.34179e-06
1.88907e-06
-3.46236e-06
1.64604e-06
-3.56458e-06
1.38615e-06
-3.64784e-06
1.11208e-06
-3.71166e-06
8.26425e-07
-3.7556e-06
5.31789e-07
-3.77928e-06
2.30752e-07
-3.78236e-06
-7.40644e-08
-3.76457e-06
-3.79977e-07
-3.72569e-06
-6.84203e-07
-3.66555e-06
-9.8383e-07
-3.58411e-06
-1.27579e-06
-3.48146e-06
-1.55684e-06
-3.35783e-06
-1.82354e-06
-3.21368e-06
-2.07227e-06
-3.04975e-06
-2.29921e-06
-2.86706e-06
-2.50042e-06
-2.66705e-06
-2.67182e-06
-2.45154e-06
-2.80928e-06
-2.22288e-06
-2.90871e-06
-1.98391e-06
-2.96618e-06
-1.73805e-06
-2.97801e-06
-1.48925e-06
-2.9409e-06
-1.24206e-06
-2.85215e-06
-1.00152e-06
-2.70976e-06
-7.73167e-07
-2.51259e-06
-5.6289e-07
-2.26055e-06
-3.76856e-07
-1.95467e-06
-2.21365e-07
-1.59722e-06
-1.02703e-07
-1.19174e-06
-2.69881e-08
-7.43e-07
-2.57307e-07
-2.69791e-08
2.86443e-07
-1.01763e-07
8.15025e-07
-2.17966e-07
1.2936e-06
-3.69149e-07
1.71829e-06
-5.48975e-07
2.08671e-06
-7.51333e-07
2.39771e-06
-9.7045e-07
2.65116e-06
-1.20097e-06
2.8479e-06
-1.43801e-06
2.98959e-06
-1.67721e-06
3.07851e-06
-1.9147e-06
3.11743e-06
-2.14717e-06
3.10947e-06
-2.37174e-06
3.05799e-06
-2.58603e-06
2.96646e-06
-2.78804e-06
2.83838e-06
-2.97615e-06
2.67722e-06
-3.14902e-06
2.48636e-06
-3.3056e-06
2.26908e-06
-3.44503e-06
2.0285e-06
-3.5666e-06
1.76762e-06
-3.66977e-06
1.48932e-06
-3.75405e-06
1.19635e-06
-3.81901e-06
8.91393e-07
-3.8643e-06
5.77074e-07
-3.88955e-06
2.56002e-07
-3.89443e-06
-6.91839e-08
-3.87862e-06
-3.95784e-07
-3.84184e-06
-7.20988e-07
-3.78382e-06
-1.04184e-06
-3.7044e-06
-1.35521e-06
-3.60349e-06
-1.65775e-06
-3.48116e-06
-1.94587e-06
-3.33766e-06
-2.21576e-06
-3.17353e-06
-2.46335e-06
-2.98959e-06
-2.68436e-06
-2.78709e-06
-2.87432e-06
-2.56771e-06
-3.02866e-06
-2.33367e-06
-3.14276e-06
-2.08777e-06
-3.21209e-06
-1.83344e-06
-3.23234e-06
-1.57477e-06
-3.19957e-06
-1.31651e-06
-3.11042e-06
-1.06402e-06
-2.96224e-06
-8.23265e-07
-2.75335e-06
-6.00656e-07
-2.48316e-06
-4.02967e-07
-2.15236e-06
-2.37166e-07
-1.76302e-06
-1.10243e-07
-1.31866e-06
-2.90315e-08
-8.24211e-07
-2.86339e-07
-2.85787e-08
3.15021e-07
-1.07625e-07
8.94071e-07
-2.30173e-07
1.41615e-06
-3.89189e-07
1.8773e-06
-5.77765e-07
2.27529e-06
-7.89268e-07
2.60921e-06
-1.01747e-06
2.87935e-06
-1.25662e-06
3.08706e-06
-1.50157e-06
3.23454e-06
-1.74773e-06
3.32467e-06
-1.99113e-06
3.36083e-06
-2.2284e-06
3.34674e-06
-2.4567e-06
3.28629e-06
-2.67372e-06
3.18347e-06
-2.87758e-06
3.04223e-06
-3.06679e-06
2.86643e-06
-3.24021e-06
2.65978e-06
-3.39695e-06
2.42581e-06
-3.53631e-06
2.16786e-06
-3.65778e-06
1.8891e-06
-3.76095e-06
1.59248e-06
-3.84546e-06
1.28086e-06
-3.91099e-06
9.56931e-07
-3.95726e-06
6.2334e-07
-3.98394e-06
2.82687e-07
-3.99072e-06
-6.24111e-08
-3.97723e-06
-4.09272e-07
-3.94312e-06
-7.55099e-07
-3.88803e-06
-1.09693e-06
-3.81163e-06
-1.43161e-06
-3.71367e-06
-1.75571e-06
-3.594e-06
-2.06554e-06
-3.45266e-06
-2.3571e-06
-3.28992e-06
-2.62609e-06
-3.10636e-06
-2.86791e-06
-2.90299e-06
-3.07769e-06
-2.68128e-06
-3.25037e-06
-2.44327e-06
-3.38076e-06
-2.19168e-06
-3.46368e-06
-1.9299e-06
-3.49411e-06
-1.66211e-06
-3.46737e-06
-1.39324e-06
-3.37929e-06
-1.12899e-06
-3.22649e-06
-8.75746e-07
-3.00659e-06
-6.40501e-07
-2.71841e-06
-4.30693e-07
-2.36217e-06
-2.54042e-07
-1.93968e-06
-1.1834e-07
-1.45437e-06
-3.1239e-08
-9.11313e-07
-3.17578e-07
-3.02802e-08
3.45302e-07
-1.13829e-07
9.7762e-07
-2.43019e-07
1.54534e-06
-4.10145e-07
2.04443e-06
-6.07653e-07
2.4728e-06
-8.2832e-07
2.82988e-06
-1.06541e-06
3.11644e-06
-1.31278e-06
3.33443e-06
-1.56496e-06
3.48672e-06
-1.81717e-06
3.57688e-06
-2.06534e-06
3.60901e-06
-2.30608e-06
3.58748e-06
-2.53663e-06
3.51684e-06
-2.75477e-06
3.40162e-06
-2.95882e-06
3.24628e-06
-3.14747e-06
3.05508e-06
-3.31978e-06
2.8321e-06
-3.47509e-06
2.58112e-06
-3.61293e-06
2.3057e-06
-3.73298e-06
2.00914e-06
-3.83499e-06
1.6945e-06
-3.91879e-06
1.36465e-06
-3.98418e-06
1.02232e-06
-4.03095e-06
6.70114e-07
-4.05885e-06
3.1059e-07
-4.06757e-06
-5.3693e-08
-4.05673e-06
-4.20115e-07
-4.02589e-06
-7.85935e-07
-3.97459e-06
-1.14823e-06
-3.90234e-06
-1.50386e-06
-3.80869e-06
-1.84936e-06
-3.69325e-06
-2.18098e-06
-3.55578e-06
-2.49456e-06
-3.39628e-06
-2.78559e-06
-3.21503e-06
-3.04916e-06
-3.01272e-06
-3.28e-06
-2.79056e-06
-3.47253e-06
-2.55035e-06
-3.62097e-06
-2.29463e-06
-3.71941e-06
-2.02671e-06
-3.76202e-06
-1.75082e-06
-3.74326e-06
-1.47203e-06
-3.65807e-06
-1.19637e-06
-3.50216e-06
-9.30673e-07
-3.27229e-06
-6.82543e-07
-2.96654e-06
-4.60164e-07
-2.58455e-06
-2.72099e-07
-2.12774e-06
-1.27057e-07
-1.59941e-06
-3.36301e-08
-1.00474e-06
-3.51208e-07
-3.21042e-08
3.77406e-07
-1.20442e-07
1.06596e-06
-2.56628e-07
1.68153e-06
-4.32185e-07
2.21999e-06
-6.38818e-07
2.67943e-06
-8.68643e-07
3.0597e-06
-1.11436e-06
3.36216e-06
-1.36939e-06
3.58946e-06
-1.62795e-06
3.74527e-06
-1.88506e-06
3.834e-06
-2.1366e-06
3.86054e-06
-2.3792e-06
3.83007e-06
-2.61019e-06
3.74783e-06
-2.82755e-06
3.61898e-06
-3.0298e-06
3.44852e-06
-3.21589e-06
3.24118e-06
-3.38516e-06
3.00136e-06
-3.53719e-06
2.73315e-06
-3.67177e-06
2.44029e-06
-3.78882e-06
2.12619e-06
-3.88833e-06
1.794e-06
-3.97028e-06
1.44661e-06
-4.03465e-06
1.08669e-06
-4.08133e-06
7.16798e-07
-4.11014e-06
3.39406e-07
-4.12081e-06
-4.30317e-08
-4.11292e-06
-4.28004e-07
-4.08598e-06
-8.12875e-07
-4.03939e-06
-1.19482e-06
-3.97252e-06
-1.57073e-06
-3.88467e-06
-1.93721e-06
-3.77522e-06
-2.29043e-06
-3.64361e-06
-2.62617e-06
-3.4895e-06
-2.93971e-06
-3.3128e-06
-3.22586e-06
-3.11384e-06
-3.47895e-06
-2.89348e-06
-3.69289e-06
-2.65321e-06
-3.86124e-06
-2.39531e-06
-3.97731e-06
-2.12295e-06
-4.03439e-06
-1.8403e-06
-4.02592e-06
-1.55257e-06
-3.9458e-06
-1.26605e-06
-3.78867e-06
-9.88082e-07
-3.55026e-06
-7.26901e-07
-3.22772e-06
-4.91517e-07
-2.81993e-06
-2.9145e-07
-2.32781e-06
-1.3646e-07
-1.7544e-06
-3.62272e-08
-1.10497e-06
-3.87435e-07
-3.40774e-08
4.11483e-07
-1.2755e-07
1.15943e-06
-2.71156e-07
1.82513e-06
-4.55517e-07
2.40435e-06
-6.71488e-07
2.8954e-06
-9.10429e-07
3.29864e-06
-1.16441e-06
3.61615e-06
-1.42639e-06
3.85144e-06
-1.69025e-06
4.00913e-06
-1.95086e-06
4.09461e-06
-2.20405e-06
4.11374e-06
-2.44653e-06
4.07255e-06
-2.67581e-06
3.97711e-06
-2.89011e-06
3.83328e-06
-3.08822e-06
3.64664e-06
-3.26942e-06
3.42238e-06
-3.43335e-06
3.16529e-06
-3.57992e-06
2.87972e-06
-3.70923e-06
2.56959e-06
-3.82147e-06
2.23844e-06
-3.91688e-06
1.88941e-06
-3.99567e-06
1.52539e-06
-4.05797e-06
1.14899e-06
-4.10384e-06
7.62659e-07
-4.13316e-06
3.68728e-07
-4.14569e-06
-3.04963e-08
-4.14104e-06
-4.32662e-07
-4.11862e-06
-8.35291e-07
-4.07774e-06
-1.2357e-06
-4.01756e-06
-1.63091e-06
-3.93718e-06
-2.01759e-06
-3.83567e-06
-2.39195e-06
-3.71214e-06
-2.7497e-06
-3.56585e-06
-3.086e-06
-3.3963e-06
-3.3954e-06
-3.20339e-06
-3.67187e-06
-2.98752e-06
-3.90876e-06
-2.74979e-06
-4.09897e-06
-2.49211e-06
-4.23499e-06
-2.21741e-06
-4.30908e-06
-1.92974e-06
-4.31359e-06
-1.63438e-06
-4.24117e-06
-1.33786e-06
-4.08519e-06
-1.04798e-06
-3.84014e-06
-7.73693e-07
-3.502e-06
-5.24908e-07
-3.06872e-06
-3.12232e-07
-2.54048e-06
-1.46633e-07
-1.92e-06
-3.90573e-08
-1.21255e-06
-4.26492e-07
-3.62341e-08
4.47717e-07
-1.35267e-07
1.25846e-06
-2.86803e-07
1.97667e-06
-4.80408e-07
2.59795e-06
-7.05946e-07
3.12094e-06
-9.5391e-07
3.54661e-06
-1.21568e-06
3.87791e-06
-1.48368e-06
4.11944e-06
-1.7515e-06
4.27695e-06
-2.01386e-06
4.35698e-06
-2.26662e-06
4.36649e-06
-2.50661e-06
4.31255e-06
-2.73162e-06
4.20211e-06
-2.94015e-06
4.04182e-06
-3.13138e-06
3.83786e-06
-3.30495e-06
3.59595e-06
-3.46091e-06
3.32124e-06
-3.59952e-06
3.01833e-06
-3.72124e-06
2.69131e-06
-3.82658e-06
2.34378e-06
-3.91607e-06
1.9789e-06
-3.99016e-06
1.59948e-06
-4.04919e-06
1.20802e-06
-4.09336e-06
8.06825e-07
-4.12267e-06
3.98038e-07
-4.13693e-06
-1.62342e-08
-4.13574e-06
-4.33853e-07
-4.11847e-06
-8.52555e-07
-4.08431e-06
-1.26986e-06
-4.03224e-06
-1.68298e-06
-3.96112e-06
-2.08871e-06
-3.8697e-06
-2.48337e-06
-3.75672e-06
-2.86268e-06
-3.62101e-06
-3.22171e-06
-3.4616e-06
-3.55482e-06
-3.27784e-06
-3.85562e-06
-3.06962e-06
-4.11698e-06
-2.83751e-06
-4.33108e-06
-2.58298e-06
-4.48952e-06
-2.30857e-06
-4.58349e-06
-2.01812e-06
-4.60404e-06
-1.71685e-06
-4.54244e-06
-1.4115e-06
-4.39054e-06
-1.11034e-06
-4.1413e-06
-8.23038e-07
-3.7893e-06
-5.60513e-07
-3.33124e-06
-3.34604e-07
-2.76639e-06
-1.57674e-07
-2.09693e-06
-4.21536e-08
-1.32807e-06
-4.68646e-07
-3.86194e-08
4.86337e-07
-1.43736e-07
1.36358e-06
-3.03823e-07
2.13676e-06
-5.07193e-07
2.80132e-06
-7.42544e-07
3.35629e-06
-9.99369e-07
3.80343e-06
-1.26827e-06
4.14681e-06
-1.54113e-06
4.3923e-06
-1.81123e-06
4.54704e-06
-2.0732e-06
4.61895e-06
-2.32298e-06
4.61626e-06
-2.55765e-06
4.54723e-06
-2.77533e-06
4.41979e-06
-2.97494e-06
4.24143e-06
-3.15609e-06
4.01901e-06
-3.3189e-06
3.75876e-06
-3.46384e-06
3.46619e-06
-3.59165e-06
3.14614e-06
-3.70315e-06
2.80282e-06
-3.79924e-06
2.43987e-06
-3.88075e-06
2.06041e-06
-3.9484e-06
1.66713e-06
-4.00277e-06
1.26239e-06
-4.04421e-06
8.4827e-07
-4.07287e-06
4.26698e-07
-4.08863e-06
-4.81616e-10
-4.09108e-06
-4.31398e-07
-4.07957e-06
-8.64063e-07
-4.05317e-06
-1.29626e-06
-4.01069e-06
-1.72546e-06
-3.95072e-06
-2.14867e-06
-3.87172e-06
-2.56237e-06
-3.77202e-06
-2.96238e-06
-3.64996e-06
-3.34377e-06
-3.50403e-06
-3.70075e-06
-3.333e-06
-4.02666e-06
-3.13611e-06
-4.31387e-06
-2.91329e-06
-4.5539e-06
-2.66542e-06
-4.73739e-06
-2.39454e-06
-4.85437e-06
-2.10409e-06
-4.89449e-06
-1.79917e-06
-4.84736e-06
-1.48661e-06
-4.7031e-06
-1.17509e-06
-4.45282e-06
-8.75064e-07
-4.08933e-06
-5.9854e-07
-3.60777e-06
-3.58758e-07
-3.00617e-06
-1.69706e-07
-2.28598e-06
-4.55573e-08
-1.45222e-06
-5.14203e-07
-4.12919e-08
5.27629e-07
-1.53143e-07
1.47543e-06
-3.22542e-07
2.30616e-06
-5.36294e-07
3.01507e-06
-7.81713e-07
3.60171e-06
-1.04714e-06
4.06886e-06
-1.3223e-06
4.42197e-06
-1.59852e-06
4.66852e-06
-1.86879e-06
4.81732e-06
-2.12774e-06
4.8779e-06
-2.37148e-06
4.86001e-06
-2.59745e-06
4.7732e-06
-2.80421e-06
4.62655e-06
-2.99121e-06
4.42843e-06
-3.15861e-06
4.18641e-06
-3.30706e-06
3.90721e-06
-3.43758e-06
3.5967e-06
-3.55137e-06
3.25993e-06
-3.64973e-06
2.90118e-06
-3.73393e-06
2.52407e-06
-3.80516e-06
2.13164e-06
-3.86444e-06
1.72641e-06
-3.91258e-06
1.31053e-06
-3.95014e-06
8.8583e-07
-3.97739e-06
4.5395e-07
-3.9943e-06
1.64285e-08
-4.00051e-06
-4.2519e-07
-3.99532e-06
-8.69251e-07
-3.97771e-06
-1.31388e-06
-3.94632e-06
-1.75684e-06
-3.89953e-06
-2.19547e-06
-3.83542e-06
-2.62648e-06
-3.75193e-06
-3.04587e-06
-3.64689e-06
-3.4488e-06
-3.5182e-06
-3.82945e-06
-3.36393e-06
-4.18092e-06
-3.1826e-06
-4.49521e-06
-2.97337e-06
-4.76312e-06
-2.73636e-06
-4.9744e-06
-2.47292e-06
-5.11781e-06
-2.18597e-06
-5.18144e-06
-1.88026e-06
-5.15307e-06
-1.56263e-06
-5.02072e-06
-1.24211e-06
-4.77334e-06
-9.29904e-07
-4.40154e-06
-6.39237e-07
-3.89843e-06
-3.84935e-07
-3.26048e-06
-1.82883e-07
-2.48803e-06
-4.9321e-08
-1.58578e-06
-5.63524e-07
-4.43287e-08
5.71957e-07
-1.6373e-07
1.59483e-06
-3.43377e-07
2.4858e-06
-5.68237e-07
3.23993e-06
-8.23979e-07
3.85745e-06
-1.0976e-06
4.34248e-06
-1.37786e-06
4.70224e-06
-1.65552e-06
4.94617e-06
-1.92333e-06
5.08514e-06
-2.17603e-06
5.13059e-06
-2.41003e-06
5.09401e-06
-2.62328e-06
4.98645e-06
-2.81492e-06
4.81819e-06
-2.98506e-06
4.59856e-06
-3.1345e-06
4.33585e-06
-3.26455e-06
4.03726e-06
-3.37682e-06
3.70897e-06
-3.47305e-06
3.35616e-06
-3.55504e-06
2.98316e-06
-3.62448e-06
2.59352e-06
-3.68293e-06
2.19009e-06
-3.73173e-06
1.77521e-06
-3.77193e-06
1.35073e-06
-3.8043e-06
9.18202e-07
-3.82927e-06
4.78919e-07
-3.8469e-06
3.40618e-08
-3.85689e-06
-4.15206e-07
-3.85852e-06
-8.67621e-07
-3.85069e-06
-1.3217e-06
-3.83192e-06
-1.77562e-06
-3.80033e-06
-2.22707e-06
-3.7537e-06
-2.67311e-06
-3.68954e-06
-3.11003e-06
-3.60517e-06
-3.53317e-06
-3.49782e-06
-3.9368e-06
-3.36484e-06
-4.31391e-06
-3.20388e-06
-4.65616e-06
-3.01321e-06
-4.9538e-06
-2.792e-06
-5.1956e-06
-2.54074e-06
-5.36907e-06
-2.26157e-06
-5.4606e-06
-1.95873e-06
-5.45591e-06
-1.63884e-06
-5.34061e-06
-1.31118e-06
-5.10101e-06
-9.87694e-07
-4.72502e-06
-6.82901e-07
-4.20323e-06
-4.13435e-07
-3.52994e-06
-1.97403e-07
-2.70406e-06
-5.35127e-08
-1.72967e-06
-6.17037e-07
-4.78312e-08
6.19789e-07
-1.75813e-07
1.72281e-06
-3.66857e-07
2.67685e-06
-6.0368e-07
3.47676e-06
-8.69964e-07
4.12374e-06
-1.15115e-06
4.62367e-06
-1.43496e-06
4.98604e-06
-1.71156e-06
5.22278e-06
-1.97363e-06
5.3472e-06
-2.21611e-06
5.37306e-06
-2.43593e-06
5.31384e-06
-2.63171e-06
5.18223e-06
-2.80335e-06
4.98983e-06
-2.95175e-06
4.74697e-06
-3.07851e-06
4.46261e-06
-3.18565e-06
4.14441e-06
-3.27546e-06
3.79877e-06
-3.35028e-06
3.43098e-06
-3.41242e-06
3.0453e-06
-3.46402e-06
2.64512e-06
-3.50703e-06
2.23309e-06
-3.54308e-06
1.81126e-06
-3.5735e-06
1.38116e-06
-3.59928e-06
9.43976e-07
-3.62099e-06
5.00627e-07
-3.63881e-06
5.18836e-08
-3.6525e-06
-4.01518e-07
-3.66136e-06
-8.58758e-07
-3.66425e-06
-1.31881e-06
-3.65955e-06
-1.78032e-06
-3.6452e-06
-2.24142e-06
-3.61868e-06
-2.69962e-06
-3.57711e-06
-3.1516e-06
-3.51725e-06
-3.59303e-06
-3.43569e-06
-4.01836e-06
-3.32895e-06
-4.42065e-06
-3.19376e-06
-4.79135e-06
-3.02732e-06
-5.12023e-06
-2.82771e-06
-5.39522e-06
-2.59427e-06
-5.60252e-06
-2.32813e-06
-5.72674e-06
-2.03273e-06
-5.75132e-06
-1.71423e-06
-5.65911e-06
-1.38197e-06
-5.43327e-06
-1.04857e-06
-5.05842e-06
-7.29895e-07
-4.5219e-06
-4.44639e-07
-3.8152e-06
-2.1352e-07
-2.93518e-06
-5.82217e-08
-1.88497e-06
-6.75259e-07
-5.19346e-08
6.71723e-07
-1.898e-07
1.86068e-06
-3.9366e-07
2.88071e-06
-6.43428e-07
3.72653e-06
-9.2039e-07
4.4007e-06
-1.2082e-06
4.91148e-06
-1.49343e-06
5.27127e-06
-1.76578e-06
5.49513e-06
-2.01795e-06
5.59938e-06
-2.24536e-06
5.60047e-06
-2.44567e-06
5.51415e-06
-2.61839e-06
5.35495e-06
-2.7644e-06
5.13584e-06
-2.88556e-06
4.86812e-06
-2.98435e-06
4.5614e-06
-3.06365e-06
4.2237e-06
-3.12646e-06
3.86158e-06
-3.17575e-06
3.48028e-06
-3.21438e-06
3.08393e-06
-3.24493e-06
2.67568e-06
-3.26971e-06
2.25788e-06
-3.29069e-06
1.83223e-06
-3.30943e-06
1.3999e-06
-3.32712e-06
9.61667e-07
-3.34451e-06
5.18013e-07
-3.36189e-06
6.92664e-08
-3.37911e-06
-3.84303e-07
-3.3955e-06
-8.42365e-07
-3.40991e-06
-1.3044e-06
-3.42065e-06
-1.76958e-06
-3.42549e-06
-2.23657e-06
-3.42169e-06
-2.70343e-06
-3.40597e-06
-3.16732e-06
-3.3746e-06
-3.6244e-06
-3.32351e-06
-4.06946e-06
-3.24837e-06
-4.49578e-06
-3.1449e-06
-4.89482e-06
-3.00912e-06
-5.25601e-06
-2.83778e-06
-5.56656e-06
-2.62884e-06
-5.81146e-06
-2.3821e-06
-5.97348e-06
-2.09982e-06
-6.03359e-06
-1.78742e-06
-5.97151e-06
-1.45397e-06
-5.76672e-06
-1.11263e-06
-5.39976e-06
-7.80656e-07
-4.85387e-06
-4.79032e-07
-4.11682e-06
-2.31569e-07
-3.18265e-06
-6.35669e-08
-2.05297e-06
-7.38826e-07
-5.68194e-08
7.28543e-07
-2.06229e-07
2.01009e-06
-4.24646e-07
3.09912e-06
-6.88463e-07
3.99034e-06
-9.76061e-07
4.6883e-06
-1.26904e-06
5.20445e-06
-1.55281e-06
5.55504e-06
-1.81673e-06
5.75905e-06
-2.0538e-06
5.83646e-06
-2.2602e-06
5.80686e-06
-2.43463e-06
5.68859e-06
-2.57779e-06
5.49811e-06
-2.69174e-06
5.24979e-06
-2.77948e-06
4.95586e-06
-2.84454e-06
4.62646e-06
-2.89068e-06
4.26985e-06
-2.92169e-06
3.89259e-06
-2.94119e-06
3.49978e-06
-2.95254e-06
3.09528e-06
-2.95879e-06
2.68192e-06
-2.96257e-06
2.26167e-06
-2.96614e-06
1.8358e-06
-2.97129e-06
1.40506e-06
-2.9794e-06
9.69772e-07
-2.99136e-06
5.29972e-07
-3.0076e-06
8.55069e-08
-3.02805e-06
-3.63849e-07
-3.05213e-06
-8.18284e-07
-3.0787e-06
-1.27783e-06
-3.10606e-06
-1.74222e-06
-3.13189e-06
-2.21075e-06
-3.15324e-06
-2.68207e-06
-3.16656e-06
-3.154e-06
-3.16767e-06
-3.62328e-06
-3.15186e-06
-4.08527e-06
-3.11398e-06
-4.53366e-06
-3.04867e-06
-4.96013e-06
-2.95066e-06
-5.35402e-06
-2.81518e-06
-5.70204e-06
-2.63855e-06
-5.98809e-06
-2.41885e-06
-6.19318e-06
-2.15677e-06
-6.29567e-06
-1.85646e-06
-6.27182e-06
-1.52638e-06
-6.0968e-06
-1.17992e-06
-5.74621e-06
-8.35704e-07
-5.19809e-06
-5.17239e-07
-4.43529e-06
-2.51994e-07
-3.44789e-06
-6.97092e-08
-2.23525e-06
-8.08535e-07
-6.27308e-08
7.91273e-07
-2.25809e-07
2.17317e-06
-4.60908e-07
3.33422e-06
-7.39956e-07
4.26939e-06
-1.03781e-06
4.98615e-06
-1.33376e-06
5.5004e-06
-1.61213e-06
5.8334e-06
-1.86217e-06
6.00909e-06
-2.07758e-06
6.05187e-06
-2.25571e-06
5.98499e-06
-2.39671e-06
5.82959e-06
-2.50277e-06
5.60417e-06
-2.57742e-06
5.32444e-06
-2.62497e-06
5.0034e-06
-2.65009e-06
4.65158e-06
-2.65751e-06
4.27727e-06
-2.6518e-06
3.88688e-06
-2.63721e-06
3.48519e-06
-2.6176e-06
3.07567e-06
-2.59637e-06
2.6607e-06
-2.57649e-06
2.24178e-06
-2.56043e-06
1.81973e-06
-2.55017e-06
1.3948e-06
-2.54723e-06
9.6684e-07
-2.55267e-06
5.35405e-07
-2.56701e-06
9.98527e-08
-2.59031e-06
-3.40549e-07
-2.62208e-06
-7.86522e-07
-2.66124e-06
-1.23866e-06
-2.70614e-06
-1.69732e-06
-2.75445e-06
-2.16244e-06
-2.80314e-06
-2.63338e-06
-2.84844e-06
-3.1087e-06
-2.88584e-06
-3.58589e-06
-2.91008e-06
-4.06104e-06
-2.91522e-06
-4.52852e-06
-2.89487e-06
-4.98048e-06
-2.84237e-06
-5.40652e-06
-2.75128e-06
-5.79313e-06
-2.61597e-06
-6.1234e-06
-2.4324e-06
-6.37674e-06
-2.19917e-06
-6.5289e-06
-1.9186e-06
-6.55239e-06
-1.59793e-06
-6.41748e-06
-1.25036e-06
-6.09379e-06
-8.95642e-07
-5.5528e-06
-5.60061e-07
-4.77087e-06
-2.7539e-07
-3.73256e-06
-7.68695e-08
-2.43377e-06
-8.85404e-07
-7.00066e-08
8.6128e-07
-2.49485e-07
2.35265e-06
-5.03835e-07
3.58857e-06
-7.99275e-07
4.56483e-06
-1.10642e-06
5.2933e-06
-1.40203e-06
5.79602e-06
-1.66953e-06
6.1009e-06
-1.89856e-06
6.23812e-06
-2.08406e-06
6.23737e-06
-2.22511e-06
6.12604e-06
-2.32379e-06
5.92827e-06
-2.38417e-06
5.66454e-06
-2.41149e-06
5.35176e-06
-2.41155e-06
5.00347e-06
-2.39026e-06
4.63029e-06
-2.35332e-06
4.24033e-06
-2.30604e-06
3.8396e-06
-2.25324e-06
3.43239e-06
-2.1992e-06
3.02163e-06
-2.14763e-06
2.60913e-06
-2.1017e-06
2.19585e-06
-2.06403e-06
1.78206e-06
-2.03675e-06
1.36752e-06
-2.02147e-06
9.51568e-07
-2.01936e-06
5.33286e-07
-2.03105e-06
1.11542e-07
-2.0567e-06
-3.14895e-07
-2.09595e-06
-7.47271e-07
-2.14786e-06
-1.18675e-06
-2.21088e-06
-1.6343e-06
-2.28277e-06
-2.09055e-06
-2.36053e-06
-2.55562e-06
-2.44033e-06
-3.0289e-06
-2.51743e-06
-3.50878e-06
-2.5862e-06
-3.99228e-06
-2.64004e-06
-4.47467e-06
-2.67156e-06
-4.94896e-06
-2.67276e-06
-5.40533e-06
-2.63539e-06
-5.8305e-06
-2.55163e-06
-6.20716e-06
-2.41491e-06
-6.51346e-06
-2.22109e-06
-6.72272e-06
-1.96993e-06
-6.80356e-06
-1.66665e-06
-6.72075e-06
-1.32354e-06
-6.43689e-06
-9.61129e-07
-5.91522e-06
-6.08522e-07
-5.12347e-06
-3.02562e-07
-4.03852e-06
-8.53569e-08
-2.65098e-06
-9.70761e-07
-7.91211e-08
9.40401e-07
-2.78526e-07
2.55205e-06
-5.55175e-07
3.86522e-06
-8.67941e-07
4.8776e-06
-1.18237e-06
5.60772e-06
-1.47265e-06
6.0863e-06
-1.72176e-06
6.35001e-06
-1.92044e-06
6.43681e-06
-2.06569e-06
6.38262e-06
-2.15904e-06
6.21939e-06
-2.20507e-06
5.97429e-06
-2.21014e-06
5.66961e-06
-2.18147e-06
5.32309e-06
-2.12645e-06
4.94846e-06
-2.05225e-06
4.55609e-06
-1.96548e-06
4.15356e-06
-1.87213e-06
3.74624e-06
-1.77745e-06
3.33771e-06
-1.68602e-06
2.93019e-06
-1.60172e-06
2.52483e-06
-1.52782e-06
2.12195e-06
-1.46701e-06
1.72125e-06
-1.42144e-06
1.32195e-06
-1.39279e-06
9.22916e-07
-1.38225e-06
5.22746e-07
-1.39056e-06
1.19854e-07
-1.418e-06
-2.87458e-07
-1.46434e-06
-7.0093e-07
-1.52883e-06
-1.12226e-06
-1.6101e-06
-1.55303e-06
-1.70612e-06
-1.99453e-06
-1.81405e-06
-2.44769e-06
-1.93017e-06
-2.91278e-06
-2.04975e-06
-3.3892e-06
-2.16694e-06
-3.87509e-06
-2.2747e-06
-4.36691e-06
-2.36483e-06
-4.85883e-06
-2.42807e-06
-5.34209e-06
-2.45437e-06
-5.80419e-06
-2.43353e-06
-6.228e-06
-2.35602e-06
-6.59097e-06
-2.21435e-06
-6.8644e-06
-2.00475e-06
-7.01315e-06
-1.72939e-06
-6.99611e-06
-1.39858e-06
-6.76771e-06
-1.03281e-06
-6.28098e-06
-6.63924e-07
-5.49236e-06
-3.3461e-07
-4.36784e-06
-9.56134e-08
-2.88998e-06
-1.06637e-06
-9.07575e-08
1.03116e-06
-3.14657e-07
2.77595e-06
-6.17111e-07
4.16768e-06
-9.47509e-07
5.20799e-06
-1.26551e-06
5.92572e-06
-1.54296e-06
6.36375e-06
-1.76327e-06
6.57032e-06
-1.91944e-06
6.59298e-06
-2.0116e-06
6.47477e-06
-2.04462e-06
6.25242e-06
-2.02624e-06
5.95591e-06
-1.9655e-06
5.60887e-06
-1.87178e-06
5.22937e-06
-1.75413e-06
4.83081e-06
-1.62085e-06
4.42281e-06
-1.47938e-06
4.01208e-06
-1.33615e-06
3.60302e-06
-1.19671e-06
3.19828e-06
-1.06573e-06
2.79921e-06
-9.47101e-07
2.4062e-06
-8.4404e-07
2.01889e-06
-7.59166e-07
1.63638e-06
-6.94574e-07
1.25736e-06
-6.51891e-07
8.80232e-07
-6.32314e-07
5.03169e-07
-6.36633e-07
1.24174e-07
-6.65228e-07
-2.58863e-07
-7.18046e-07
-6.48112e-07
-7.94555e-07
-1.04575e-06
-8.93673e-07
-1.45391e-06
-1.01367e-06
-1.87454e-06
-1.15205e-06
-2.30931e-06
-1.30539e-06
-2.75944e-06
-1.4692e-06
-3.22539e-06
-1.63771e-06
-3.70658e-06
-1.80373e-06
-4.20088e-06
-1.95855e-06
-4.70401e-06
-2.09188e-06
-5.20876e-06
-2.19204e-06
-5.70403e-06
-2.24637e-06
-6.17367e-06
-2.2421e-06
-6.59525e-06
-2.16767e-06
-6.93882e-06
-2.0148e-06
-7.16602e-06
-1.78116e-06
-7.22975e-06
-1.47355e-06
-7.07533e-06
-1.11113e-06
-6.6434e-06
-7.27887e-07
-5.8756e-06
-3.73056e-07
-4.72267e-06
-1.08286e-07
-3.15475e-06
-1.17466e-06
-1.05928e-07
1.13709e-06
-3.6025e-07
3.03027e-06
-6.92298e-07
4.49972e-06
-1.03927e-06
5.55497e-06
-1.3543e-06
6.24075e-06
-1.60773e-06
6.61717e-06
-1.78495e-06
6.74755e-06
-1.88288e-06
6.69091e-06
-1.9062e-06
6.49809e-06
-1.8642e-06
6.21042e-06
-1.76839e-06
5.8601e-06
-1.63084e-06
5.47132e-06
-1.46314e-06
5.06167e-06
-1.27585e-06
4.64351e-06
-1.07823e-06
4.2252e-06
-8.78244e-07
3.81209e-06
-6.82546e-07
3.40732e-06
-4.96671e-07
3.0124e-06
-3.25153e-07
2.62769e-06
-1.71685e-07
2.25273e-06
-3.92514e-08
1.88646e-06
6.975e-08
1.52737e-06
1.53412e-07
1.1737e-06
2.10244e-07
8.23401e-07
2.39115e-07
4.74298e-07
2.39229e-07
1.2406e-07
2.10116e-07
-2.2975e-07
1.51651e-07
-5.89647e-07
6.40986e-08
-9.58202e-07
-5.18146e-08
-1.338e-06
-1.94795e-07
-1.73156e-06
-3.62839e-07
-2.14127e-06
-5.53062e-07
-2.56921e-06
-7.61476e-07
-3.01698e-06
-9.82751e-07
-3.48531e-06
-1.20994e-06
-3.97369e-06
-1.43425e-06
-4.47971e-06
-1.64479e-06
-4.99822e-06
-1.82858e-06
-5.52024e-06
-1.97073e-06
-6.03152e-06
-2.05506e-06
-6.51091e-06
-2.06544e-06
-6.92844e-06
-1.98793e-06
-7.24353e-06
-1.81399e-06
-7.40369e-06
-1.54477e-06
-7.34455e-06
-1.19597e-06
-6.9922e-06
-8.02341e-07
-6.26923e-06
-4.2002e-07
-5.10499e-06
-1.2435e-07
-3.45042e-06
-1.29901e-06
-1.26182e-07
1.26327e-06
-4.18584e-07
3.32267e-06
-7.83798e-07
4.86494e-06
-1.14359e-06
5.91476e-06
-1.44455e-06
6.54171e-06
-1.65741e-06
6.83003e-06
-1.77209e-06
6.86223e-06
-1.79174e-06
6.71056e-06
-1.72738e-06
6.43373e-06
-1.59381e-06
6.07685e-06
-1.40686e-06
5.67315e-06
-1.18169e-06
5.24615e-06
-9.31935e-07
4.81192e-06
-6.69344e-07
4.38092e-06
-4.03749e-07
3.95961e-06
-1.43203e-07
3.55155e-06
1.05799e-07
3.15832e-06
3.38071e-07
2.78013e-06
5.4951e-07
2.41626e-06
7.36878e-07
2.06537e-06
8.97624e-07
1.72571e-06
1.02974e-06
1.39526e-06
1.13163e-06
1.0718e-06
1.20205e-06
7.52985e-07
1.24e-06
4.36345e-07
1.24474e-06
1.19323e-07
1.21572e-06
-2.00735e-07
1.15265e-06
-5.26578e-07
1.0555e-06
-8.61044e-07
9.24556e-07
-1.20705e-06
7.60585e-07
-1.56759e-06
5.64927e-07
-1.94561e-06
3.39712e-07
-2.344e-06
8.8107e-08
-2.76537e-06
-1.8538e-07
-3.21182e-06
-4.74535e-07
-3.68453e-06
-7.71039e-07
-4.18321e-06
-1.06406e-06
-4.7052e-06
-1.33994e-06
-5.24436e-06
-1.58205e-06
-5.78942e-06
-1.77108e-06
-6.32189e-06
-1.88602e-06
-6.8135e-06
-1.90627e-06
-7.22328e-06
-1.81517e-06
-7.49479e-06
-1.60538e-06
-7.55434e-06
-1.28585e-06
-7.31173e-06
-8.89384e-07
-6.6657e-06
-4.7846e-07
-5.51591e-06
-1.4532e-07
-3.78356e-06
-1.44433e-06
-1.53971e-07
1.41724e-06
-4.94184e-07
3.66289e-06
-8.94705e-07
5.26546e-06
-1.25847e-06
6.27852e-06
-1.52703e-06
6.81027e-06
-1.67521e-06
6.97821e-06
-1.70133e-06
6.88835e-06
-1.61787e-06
6.6271e-06
-1.44412e-06
6.25998e-06
-1.20133e-06
5.83406e-06
-9.09824e-07
5.38164e-06
-5.87586e-07
4.92391e-06
-2.49757e-07
4.47409e-06
9.13568e-08
4.03981e-06
4.25995e-07
3.62497e-06
7.46563e-07
3.23098e-06
1.04724e-06
2.85765e-06
1.32359e-06
2.50377e-06
1.57228e-06
2.16756e-06
1.7908e-06
1.84684e-06
1.97725e-06
1.53926e-06
2.13016e-06
1.24235e-06
2.24839e-06
9.53573e-07
2.33101e-06
6.70357e-07
2.37727e-06
3.90088e-07
2.3865e-06
1.10095e-07
2.35813e-06
-1.72367e-07
2.29169e-06
-4.60142e-07
2.18685e-06
-7.56197e-07
2.04343e-06
-1.06364e-06
1.86157e-06
-1.38573e-06
1.64182e-06
-1.72585e-06
1.38534e-06
-2.08752e-06
1.09418e-06
-2.47421e-06
7.71611e-07
-2.88926e-06
4.2258e-07
-3.3355e-06
5.42156e-08
-3.81484e-06
-3.2354e-07
-4.32744e-06
-6.97293e-07
-4.87061e-06
-1.04964e-06
-5.43707e-06
-1.3589e-06
-6.01263e-06
-1.5995e-06
-6.57289e-06
-1.74358e-06
-7.0792e-06
-1.76448e-06
-7.4739e-06
-1.64293e-06
-7.67589e-06
-1.37636e-06
-7.57829e-06
-9.9077e-07
-7.05129e-06
-5.52456e-07
-5.95422e-06
-1.73618e-07
-4.16239e-06
-1.61795e-06
-1.93276e-07
1.61052e-06
-5.93115e-07
4.06273e-06
-1.02697e-06
5.69932e-06
-1.37667e-06
6.62822e-06
-1.58336e-06
7.01696e-06
-1.63246e-06
7.0273e-06
-1.53627e-06
6.79216e-06
-1.3202e-06
6.41103e-06
-1.01356e-06
5.95335e-06
-6.44408e-07
5.46491e-06
-2.37086e-07
4.97432e-06
1.88502e-07
4.49833e-06
6.16745e-07
4.04584e-06
1.03576e-06
3.62079e-06
1.43674e-06
3.22399e-06
1.81327e-06
2.85445e-06
2.16077e-06
2.51015e-06
2.47603e-06
2.18852e-06
2.75682e-06
1.88677e-06
3.00161e-06
1.60206e-06
3.20933e-06
1.33154e-06
3.37922e-06
1.07246e-06
3.5107e-06
8.22097e-07
3.60325e-06
5.77804e-07
3.65639e-06
3.36949e-07
3.6696e-06
9.68841e-08
3.64232e-06
-1.45086e-07
3.57394e-06
-3.91756e-07
3.4638e-06
-6.46059e-07
3.31128e-06
-9.11116e-07
3.11582e-06
-1.19027e-06
2.8771e-06
-1.48714e-06
2.59517e-06
-1.80558e-06
2.27069e-06
-2.14973e-06
1.90533e-06
-2.5239e-06
1.50221e-06
-2.93238e-06
1.0665e-06
-3.37913e-06
6.06233e-07
-3.86718e-06
1.33274e-07
-4.39765e-06
-3.35669e-07
-4.96813e-06
-7.78047e-07
-5.57025e-06
-1.16492e-06
-6.18602e-06
-1.46153e-06
-6.7826e-06
-1.62991e-06
-7.30551e-06
-1.63522e-06
-7.67059e-06
-1.45702e-06
-7.75649e-06
-1.1065e-06
-7.40182e-06
-6.47404e-07
-6.41332e-06
-2.13206e-07
-4.59659e-06
-1.83115e-06
-2.50656e-07
1.86117e-06
-7.2283e-07
4.5349e-06
-1.17829e-06
6.15478e-06
-1.47982e-06
6.92975e-06
-1.57867e-06
7.11582e-06
-1.48132e-06
6.92995e-06
-1.22115e-06
6.53199e-06
-8.39935e-07
6.02982e-06
-3.77761e-07
5.49117e-06
1.31397e-07
4.95575e-06
6.6076e-07
4.44496e-06
1.19026e-06
3.96883e-06
1.70542e-06
3.53068e-06
2.19616e-06
3.13005e-06
2.65568e-06
2.76447e-06
3.07957e-06
2.43056e-06
3.4651e-06
2.12461e-06
3.8107e-06
1.84291e-06
4.11556e-06
1.58191e-06
4.37933e-06
1.33828e-06
4.60194e-06
1.10894e-06
4.78341e-06
8.90986e-07
4.92378e-06
6.81725e-07
5.02302e-06
4.78572e-07
5.08094e-06
2.79023e-07
5.09723e-06
8.05999e-08
5.07135e-06
-1.19206e-07
5.00258e-06
-3.2299e-07
4.89001e-06
-5.33493e-07
4.73256e-06
-7.53667e-07
4.52903e-06
-9.86737e-07
4.27816e-06
-1.23627e-06
3.97883e-06
-1.50624e-06
3.63017e-06
-1.80108e-06
3.23196e-06
-2.12569e-06
2.785e-06
-2.48542e-06
2.29178e-06
-2.88591e-06
1.75736e-06
-3.33276e-06
1.19054e-06
-3.83083e-06
6.05366e-07
-4.38295e-06
2.28896e-08
-4.98778e-06
-5.27062e-07
-5.63606e-06
-1.00475e-06
-6.30491e-06
-1.36128e-06
-6.94899e-06
-1.54335e-06
-7.48851e-06
-1.50527e-06
-7.79456e-06
-1.23131e-06
-7.67578e-06
-7.69604e-07
-6.87503e-06
-2.70607e-07
-5.09559e-06
-2.10176e-06
-3.36751e-07
2.19792e-06
-8.90167e-07
5.08832e-06
-1.33437e-06
6.59898e-06
-1.52676e-06
7.12214e-06
-1.44913e-06
7.03818e-06
-1.1438e-06
6.62463e-06
-6.72555e-07
6.06074e-06
-9.51359e-08
5.4524e-06
5.39277e-07
4.85676e-06
1.19373e-06
4.3013e-06
1.84215e-06
3.79655e-06
2.46702e-06
3.34395e-06
3.0572e-06
2.9405e-06
3.60601e-06
2.58124e-06
4.10982e-06
2.26066e-06
4.56701e-06
1.97338e-06
4.97721e-06
1.71441e-06
5.34082e-06
1.4793e-06
5.65863e-06
1.2641e-06
5.9316e-06
1.06531e-06
6.16069e-06
8.79853e-07
6.34673e-06
7.0494e-07
6.49041e-06
5.38048e-07
6.59215e-06
3.7683e-07
6.65212e-06
2.19052e-07
6.67019e-06
6.25347e-08
6.6459e-06
-9.49137e-08
6.57846e-06
-2.55556e-07
6.46676e-06
-4.21794e-07
6.30934e-06
-5.9624e-07
6.1044e-06
-7.81796e-07
5.84987e-06
-9.81741e-07
5.54346e-06
-1.19983e-06
5.18279e-06
-1.44041e-06
4.76561e-06
-1.70851e-06
4.29016e-06
-2.00996e-06
3.75568e-06
-2.35143e-06
3.16327e-06
-2.74036e-06
2.51715e-06
-3.1847e-06
1.82639e-06
-3.69219e-06
1.10738e-06
-4.26876e-06
3.86841e-07
-4.91553e-06
-2.94824e-07
-5.62324e-06
-8.81101e-07
-6.36271e-06
-1.30032e-06
-7.06929e-06
-1.47495e-06
-7.61994e-06
-1.34647e-06
-7.80425e-06
-9.23732e-07
-7.29777e-06
-3.56273e-07
-5.66305e-06
-2.45803e-06
-4.67157e-07
2.66508e-06
-1.09303e-06
5.71418e-06
-1.45057e-06
6.95652e-06
-1.43127e-06
7.10285e-06
-1.08151e-06
6.68842e-06
-4.96368e-07
6.03948e-06
2.30333e-07
5.33404e-06
1.02426e-06
4.65847e-06
1.83302e-06
4.048e-06
2.62258e-06
3.51174e-06
3.37237e-06
3.04676e-06
4.07103e-06
2.64529e-06
4.71319e-06
2.29834e-06
5.29716e-06
1.99726e-06
5.82346e-06
1.73436e-06
6.2938e-06
1.50304e-06
6.71045e-06
1.29776e-06
7.07588e-06
1.11388e-06
7.39248e-06
9.47496e-07
7.66247e-06
7.95329e-07
7.88776e-06
6.54562e-07
8.06995e-06
5.22752e-07
8.21026e-06
3.97731e-07
8.30956e-06
2.77529e-07
8.36831e-06
1.60305e-07
8.38656e-06
4.42818e-08
8.36396e-06
-7.23132e-08
8.29972e-06
-1.91308e-07
8.19257e-06
-3.14648e-07
8.0408e-06
-4.4447e-07
7.84218e-06
-5.83177e-07
7.59398e-06
-7.33538e-07
7.29294e-06
-8.988e-07
6.93536e-06
-1.08282e-06
6.5171e-06
-1.29026e-06
6.03385e-06
-1.52672e-06
5.48144e-06
-1.79901e-06
4.85645e-06
-2.11537e-06
4.1573e-06
-2.48555e-06
3.38591e-06
-2.92081e-06
2.55043e-06
-3.43328e-06
1.66917e-06
-4.03427e-06
7.76089e-07
-4.73016e-06
-7.26792e-08
-5.51394e-06
-7.93246e-07
-6.34872e-06
-1.27514e-06
-7.13804e-06
-1.40099e-06
-7.6784e-06
-1.10342e-06
-7.59534e-06
-4.84948e-07
-6.28152e-06
-2.94298e-06
-6.56502e-07
3.32158e-06
-1.2924e-06
6.35008e-06
-1.41006e-06
7.07418e-06
-1.02128e-06
6.71407e-06
-2.82532e-07
5.94968e-06
6.48724e-07
5.10823e-06
1.65427e-06
4.32849e-06
2.65788e-06
3.65486e-06
3.61573e-06
3.09015e-06
4.50554e-06
2.62193e-06
5.3182e-06
2.23409e-06
6.05217e-06
1.91132e-06
6.7099e-06
1.64062e-06
7.29573e-06
1.41143e-06
7.81471e-06
1.21537e-06
8.27193e-06
1.04582e-06
8.67216e-06
8.97532e-07
9.01969e-06
7.66346e-07
9.31828e-06
6.48907e-07
9.57113e-06
5.42478e-07
9.7809e-06
4.44789e-07
9.94974e-06
3.53917e-07
1.00793e-05
2.68194e-07
1.01707e-05
1.86134e-07
1.02246e-05
1.06364e-07
1.02413e-05
2.75777e-08
1.02205e-05
-5.15219e-08
1.01615e-05
-1.32269e-07
1.00629e-05
-2.16087e-07
9.923e-06
-3.04551e-07
9.73928e-06
-3.99454e-07
9.50863e-06
-5.02891e-07
9.2272e-06
-6.1737e-07
8.89032e-06
-7.45943e-07
8.49246e-06
-8.92393e-07
8.0272e-06
-1.06146e-06
7.48734e-06
-1.25915e-06
6.86511e-06
-1.49313e-06
6.15276e-06
-1.7732e-06
5.34376e-06
-2.11181e-06
4.43501e-06
-2.52454e-06
3.4308e-06
-3.03006e-06
2.34935e-06
-3.6487e-06
1.23297e-06
-4.39756e-06
1.61721e-07
-5.27747e-06
-7.33374e-07
-6.24295e-06
-1.27074e-06
-7.14104e-06
-1.26163e-06
-7.60444e-06
-6.68221e-07
-6.87493e-06
-3.6112e-06
-8.8803e-07
4.20961e-06
-1.33348e-06
6.79554e-06
-9.35244e-07
6.67594e-06
2.9236e-08
5.74959e-06
1.26091e-06
4.718e-06
2.55958e-06
3.80955e-06
3.81285e-06
3.07523e-06
4.9678e-06
2.4999e-06
6.00606e-06
2.05189e-06
6.92697e-06
1.70102e-06
7.73798e-06
1.42308e-06
8.44946e-06
1.19983e-06
9.07225e-06
1.01783e-06
9.61644e-06
8.67241e-07
1.0091e-05
7.40817e-07
1.05036e-05
6.3318e-07
1.08609e-05
5.4027e-07
1.11683e-05
4.58982e-07
1.14303e-05
3.86898e-07
1.16506e-05
3.22098e-07
1.18324e-05
2.63029e-07
1.19779e-05
2.084e-07
1.2089e-05
1.57113e-07
1.21669e-05
1.08205e-07
1.22125e-05
6.07968e-08
1.2226e-05
1.40585e-08
1.22073e-05
-3.28276e-08
1.21558e-05
-8.07016e-08
1.20701e-05
-1.30463e-07
1.19487e-05
-1.8311e-07
1.1789e-05
-2.39791e-07
1.1588e-05
-3.01867e-07
1.13416e-05
-3.7099e-07
1.10449e-05
-4.49212e-07
1.06916e-05
-5.39133e-07
1.02743e-05
-6.44111e-07
9.78368e-06
-7.68548e-07
9.20886e-06
-9.18311e-07
8.53698e-06
-1.10132e-06
7.75359e-06
-1.32842e-06
6.84354e-06
-1.61449e-06
5.79347e-06
-1.97998e-06
4.59715e-06
-2.45239e-06
3.26621e-06
-3.06662e-06
1.84944e-06
-3.86071e-06
4.62703e-07
-4.85621e-06
-6.76084e-07
-6.00225e-06
-1.23212e-06
-7.0484e-06
-8.81357e-07
-7.2257e-06
-4.49256e-06
-1.01533e-06
5.22494e-06
-7.47874e-07
6.52808e-06
5.83976e-07
5.34409e-06
2.29991e-06
4.03366e-06
4.01952e-06
2.99839e-06
5.58467e-06
2.2444e-06
6.9488e-06
1.71109e-06
8.11552e-06
1.33319e-06
9.107e-06
1.06042e-06
9.94931e-06
8.58708e-07
1.06667e-05
7.05743e-07
1.12796e-05
5.86905e-07
1.18049e-05
4.92494e-07
1.22562e-05
4.1595e-07
1.26443e-05
3.52731e-07
1.29779e-05
2.9962e-07
1.32638e-05
2.54282e-07
1.35078e-05
2.14985e-07
1.37143e-05
1.80412e-07
1.38869e-05
1.49544e-07
1.40283e-05
1.21567e-07
1.41409e-05
9.58181e-08
1.42263e-05
7.17415e-08
1.42856e-05
4.88535e-08
1.43197e-05
2.67188e-08
1.43289e-05
4.92869e-09
1.43129e-05
-1.69177e-08
1.42715e-05
-3.92316e-08
1.42035e-05
-6.24535e-08
1.41074e-05
-8.70756e-08
1.39813e-05
-1.13668e-07
1.38224e-05
-1.42911e-07
1.3627e-05
-1.75643e-07
1.33907e-05
-2.1292e-07
1.31077e-05
-2.56107e-07
1.27706e-05
-3.07e-07
1.23701e-05
-3.68025e-07
1.18943e-05
-4.42523e-07
1.13281e-05
-5.35209e-07
1.06526e-05
-6.52902e-07
9.84385e-06
-8.0571e-07
8.87283e-06
-1.00896e-06
7.70674e-06
-1.28629e-06
6.31442e-06
-1.67431e-06
4.68184e-06
-2.22813e-06
2.84725e-06
-3.02162e-06
9.7101e-07
-4.12601e-06
-5.42738e-07
-5.53466e-06
-9.63004e-07
-6.80543e-06
-5.45556e-06
-2.34977e-07
5.45992e-06
1.80398e-06
4.48912e-06
4.40145e-06
2.74662e-06
6.72175e-06
1.71336e-06
8.60683e-06
1.11332e-06
1.00972e-05
7.53982e-07
1.12737e-05
5.34626e-07
1.22108e-05
3.96117e-07
1.29668e-05
3.04437e-07
1.35847e-05
2.40744e-07
1.40959e-05
1.94535e-07
1.45231e-05
1.59753e-07
1.48828e-05
1.32748e-07
1.51876e-05
1.11229e-07
1.54466e-05
9.36931e-08
1.56671e-05
7.91193e-08
1.58546e-05
6.67892e-08
1.60134e-05
5.61821e-08
1.61469e-05
4.69102e-08
1.62578e-05
3.86771e-08
1.63481e-05
3.12501e-08
1.64195e-05
2.44415e-08
1.64731e-05
1.80954e-08
1.65099e-05
1.20774e-08
1.65303e-05
6.2676e-09
1.65347e-05
5.53944e-10
1.6523e-05
-5.17363e-09
1.64947e-05
-1.10271e-08
1.64494e-05
-1.71272e-08
1.6386e-05
-2.3609e-08
1.63029e-05
-3.063e-08
1.61984e-05
-3.838e-08
1.60698e-05
-4.70944e-08
1.5914e-05
-5.70736e-08
1.57266e-05
-6.87101e-08
1.55021e-05
-8.25303e-08
1.52334e-05
-9.92581e-08
1.49108e-05
-1.19918e-07
1.45216e-05
-1.46008e-07
1.40485e-05
-1.79799e-07
1.34676e-05
-2.24889e-07
1.27459e-05
-2.87251e-07
1.18369e-05
-3.77294e-07
1.06766e-05
-5.13948e-07
9.18066e-06
-7.32227e-07
7.25446e-06
-1.09542e-06
4.84335e-06
-1.7149e-06
2.10375e-06
-2.79506e-06
-1.0574e-07
-4.59594e-06
-5.5613e-06
5.45992e-06
9.94904e-06
1.26957e-05
1.4409e-05
1.55223e-05
1.62763e-05
1.68109e-05
1.72071e-05
1.75115e-05
1.77522e-05
1.79468e-05
1.81065e-05
1.82393e-05
1.83505e-05
1.84442e-05
1.85233e-05
1.85901e-05
1.86463e-05
1.86932e-05
1.87319e-05
1.87631e-05
1.87876e-05
1.88057e-05
1.88177e-05
1.8824e-05
1.88246e-05
1.88194e-05
1.88084e-05
1.87912e-05
1.87676e-05
1.8737e-05
1.86986e-05
1.86515e-05
1.85944e-05
1.85257e-05
1.84432e-05
1.8344e-05
1.8224e-05
1.8078e-05
1.78982e-05
1.76733e-05
1.73861e-05
1.70088e-05
1.64948e-05
1.57626e-05
1.46672e-05
1.29523e-05
1.01572e-05
5.5613e-06
)
;

boundaryField
{
    movingWall
    {
        type            calculated;
        value           uniform 0;
    }
    fixedWalls
    {
        type            calculated;
        value           uniform 0;
    }
    frontAndBack
    {
        type            empty;
        value           nonuniform List<scalar> 0();
    }
}


// ************************************************************************* //
