/*--------------------------------*- C++ -*----------------------------------*\
| =========                 |                                                 |
| \\      /  F ield         | OpenFOAM: The Open Source CFD Toolbox           |
|  \\    /   O peration     | Version:  v2012                                 |
|   \\  /    A nd           | Website:  www.openfoam.com                      |
|    \\/     M anipulation  |                                                 |
\*---------------------------------------------------------------------------*/
FoamFile
{
    version     2.0;
    format      ascii;
    class       volVectorField;
    location    "0.3";
    object      U;
}
// * * * * * * * * * * * * * * * * * * * * * * * * * * * * * * * * * * * * * //

dimensions      [0 1 -1 0 0 0 0];


internalField   nonuniform List<vector> 
2500
(
(3.26665e-05 -3.28091e-05 0)
(9.87575e-05 -4.0715e-05 0)
(0.000137297 -2.09771e-05 0)
(0.000106223 7.85554e-06 0)
(-8.74232e-06 3.77326e-05 0)
(-0.000206044 6.53486e-05 0)
(-0.000478343 8.93918e-05 0)
(-0.000815818 0.000109449 0)
(-0.00120753 0.000125496 0)
(-0.0016422 0.000137671 0)
(-0.00210868 0.00014618 0)
(-0.00259616 0.000151255 0)
(-0.00309437 0.000153135 0)
(-0.00359358 0.000152063 0)
(-0.00408474 0.000148276 0)
(-0.00455945 0.00014201 0)
(-0.00501 0.000133493 0)
(-0.00542939 0.000122948 0)
(-0.00581131 0.000110596 0)
(-0.00615015 9.66544e-05 0)
(-0.00644103 8.13399e-05 0)
(-0.00667978 6.48697e-05 0)
(-0.00686296 4.74634e-05 0)
(-0.00698788 2.93454e-05 0)
(-0.00705261 1.07456e-05 0)
(-0.00705599 -8.09824e-06 0)
(-0.0069977 -2.69407e-05 0)
(-0.00687822 -4.55275e-05 0)
(-0.0066989 -6.3595e-05 0)
(-0.00646197 -8.08713e-05 0)
(-0.00617055 -9.70772e-05 0)
(-0.00582866 -0.000111928 0)
(-0.00544127 -0.000125135 0)
(-0.00501424 -0.000136411 0)
(-0.00455432 -0.000145469 0)
(-0.00406916 -0.00015203 0)
(-0.0035672 -0.000155825 0)
(-0.00305767 -0.000156601 0)
(-0.0025505 -0.00015412 0)
(-0.00205619 -0.000148172 0)
(-0.0015857 -0.000138571 0)
(-0.0011503 -0.00012517 0)
(-0.000761357 -0.000107876 0)
(-0.00042999 -8.66852e-05 0)
(-0.000166604 -6.17802e-05 0)
(1.9941e-05 -3.37499e-05 0)
(0.000123708 -4.07633e-06 0)
(0.000144882 2.37872e-05 0)
(9.98077e-05 4.17695e-05 0)
(3.21221e-05 3.20546e-05 0)
(4.10724e-05 -9.92153e-05 0)
(9.38947e-05 -9.30083e-05 0)
(4.54592e-05 1.44825e-05 0)
(-0.000168768 0.000161836 0)
(-0.00057575 0.000318329 0)
(-0.00117683 0.000467952 0)
(-0.00195964 0.000602378 0)
(-0.00290394 0.000717545 0)
(-0.00398505 0.000811712 0)
(-0.00517607 0.000884418 0)
(-0.00644931 0.000935937 0)
(-0.00777725 0.000966981 0)
(-0.00913307 0.000978526 0)
(-0.0104911 0.000971716 0)
(-0.0118272 0.000947791 0)
(-0.0131187 0.000908057 0)
(-0.0143445 0.000853853 0)
(-0.0154857 0.000786544 0)
(-0.0165249 0.000707511 0)
(-0.0174467 0.000618148 0)
(-0.0182378 0.000519867 0)
(-0.0188867 0.000414099 0)
(-0.0193841 0.000302301 0)
(-0.0197224 0.000185964 0)
(-0.0198967 6.66143e-05 0)
(-0.0199038 -5.41762e-05 0)
(-0.019743 -0.000174792 0)
(-0.0194158 -0.00029357 0)
(-0.0189261 -0.000408805 0)
(-0.01828 -0.000518751 0)
(-0.0174863 -0.000621635 0)
(-0.0165561 -0.000715666 0)
(-0.0155031 -0.000799054 0)
(-0.0143432 -0.000870033 0)
(-0.0130948 -0.000926881 0)
(-0.0117785 -0.000967952 0)
(-0.010417 -0.000991707 0)
(-0.00903483 -0.00099675 0)
(-0.00765823 -0.000981873 0)
(-0.00631468 -0.000946107 0)
(-0.00503248 -0.000888788 0)
(-0.00384019 -0.000809661 0)
(-0.00276589 -0.000709037 0)
(-0.00183607 -0.000588066 0)
(-0.00107414 -0.000449252 0)
(-0.000498199 -0.000297438 0)
(-0.000117609 -0.000141641 0)
(7.24547e-05 1.64327e-06 0)
(0.000102936 0.000101845 0)
(4.21532e-05 9.98192e-05 0)
(2.2488e-05 -0.000139293 0)
(-1.00557e-05 -4.57815e-05 0)
(-0.000234105 0.00023959 0)
(-0.00070598 0.00060925 0)
(-0.0014515 0.00100278 0)
(-0.0024722 0.00138383 0)
(-0.00375228 0.00173087 0)
(-0.00526465 0.00203178 0)
(-0.00697522 0.00228022 0)
(-0.00884588 0.00247345 0)
(-0.0108366 0.00261099 0)
(-0.0129068 0.00269383 0)
(-0.0150167 0.00272397 0)
(-0.0171275 0.002704 0)
(-0.0192026 0.00263698 0)
(-0.0212073 0.00252626 0)
(-0.0231095 0.00237537 0)
(-0.0248798 0.00218799 0)
(-0.0264914 0.00196789 0)
(-0.0279205 0.00171895 0)
(-0.0291465 0.00144511 0)
(-0.0301517 0.00115038 0)
(-0.0309214 0.000838872 0)
(-0.0314444 0.000514792 0)
(-0.0317128 0.000182448 0)
(-0.0317219 -0.000153736 0)
(-0.0314707 -0.00048922 0)
(-0.0309616 -0.000819348 0)
(-0.0302009 -0.00113936 0)
(-0.0291982 -0.00144442 0)
(-0.0279673 -0.00172961 0)
(-0.0265253 -0.00199003 0)
(-0.0248934 -0.00222077 0)
(-0.0230962 -0.00241706 0)
(-0.0211619 -0.00257427 0)
(-0.019122 -0.00268802 0)
(-0.0170111 -0.0027543 0)
(-0.0148665 -0.00276956 0)
(-0.0127277 -0.00273086 0)
(-0.0106357 -0.00263603 0)
(-0.00863265 -0.0024839 0)
(-0.00676042 -0.00227462 0)
(-0.00505957 -0.0020101 0)
(-0.00356769 -0.00169478 0)
(-0.00231716 -0.0013368 0)
(-0.00133222 -0.000950051 0)
(-0.000624775 -0.000557568 0)
(-0.000188766 -0.000196609 0)
(7.09239e-06 7.28015e-05 0)
(2.53584e-05 0.000146485 0)
(-4.90765e-06 -0.000112295 0)
(-0.000153886 0.000164515 0)
(-0.000600134 0.000710304 0)
(-0.00137342 0.00138002 0)
(-0.00248842 0.00208556 0)
(-0.00394252 0.00276954 0)
(-0.00571508 0.00339536 0)
(-0.00777273 0.00394072 0)
(-0.0100738 0.00439289 0)
(-0.0125716 0.00474546 0)
(-0.0152162 0.00499634 0)
(-0.017957 0.00514636 0)
(-0.0207436 0.0051984 0)
(-0.0235266 0.00515672 0)
(-0.0262591 0.0050266 0)
(-0.0288966 0.004814 0)
(-0.0313974 0.00452536 0)
(-0.0337234 0.00416749 0)
(-0.03584 0.00374748 0)
(-0.0377162 0.00327263 0)
(-0.039325 0.0027504 0)
(-0.0406433 0.00218848 0)
(-0.0416522 0.00159472 0)
(-0.0423372 0.000977165 0)
(-0.0426878 0.000344058 0)
(-0.0426982 -0.000296141 0)
(-0.0423671 -0.000934763 0)
(-0.0416978 -0.00156294 0)
(-0.0406986 -0.00217163 0)
(-0.0393823 -0.00275165 0)
(-0.0377666 -0.00329374 0)
(-0.0358741 -0.00378866 0)
(-0.0337322 -0.00422725 0)
(-0.031373 -0.00460058 0)
(-0.0288328 -0.00490008 0)
(-0.0261524 -0.00511774 0)
(-0.0233761 -0.00524627 0)
(-0.0205518 -0.00527936 0)
(-0.0177299 -0.00521195 0)
(-0.0149624 -0.00504055 0)
(-0.0123024 -0.00476373 0)
(-0.00980238 -0.00438266 0)
(-0.00751275 -0.00390196 0)
(-0.00547982 -0.00333093 0)
(-0.00374333 -0.00268542 0)
(-0.00233336 -0.0019907 0)
(-0.00126607 -0.00128591 0)
(-0.000538738 -0.00062997 0)
(-0.00012978 -0.000110772 0)
(-5.92797e-07 0.00013026 0)
(-3.36936e-05 -3.33101e-06 0)
(-0.000310065 0.000567854 0)
(-0.00100036 0.00145835 0)
(-0.00209816 0.0024977 0)
(-0.00360044 0.00357559 0)
(-0.00549653 0.0046161 0)
(-0.00775876 0.00556813 0)
(-0.0103468 0.00639888 0)
(-0.013212 0.00708841 0)
(-0.0162999 0.00762592 0)
(-0.0195527 0.00800703 0)
(-0.0229113 0.00823201 0)
(-0.0263165 0.00830447 0)
(-0.0297106 0.00823036 0)
(-0.0330378 0.00801739 0)
(-0.0362454 0.00767452 0)
(-0.039284 0.00721162 0)
(-0.0421081 0.00663923 0)
(-0.0446764 0.00596844 0)
(-0.0469518 0.00521072 0)
(-0.048902 0.00437793 0)
(-0.0504994 0.00348223 0)
(-0.0517215 0.00253611 0)
(-0.0525507 0.0015524 0)
(-0.0529747 0.000544219 0)
(-0.0529866 -0.00047497 0)
(-0.0525849 -0.00149139 0)
(-0.0517736 -0.00249096 0)
(-0.0505627 -0.00345936 0)
(-0.0489677 -0.00438208 0)
(-0.0470097 -0.00524453 0)
(-0.0447159 -0.00603217 0)
(-0.0421189 -0.00673066 0)
(-0.0392568 -0.00732607 0)
(-0.0361732 -0.00780511 0)
(-0.0329162 -0.00815541 0)
(-0.0295386 -0.00836587 0)
(-0.0260967 -0.00842699 0)
(-0.02265 -0.00833137 0)
(-0.0192597 -0.00807421 0)
(-0.015988 -0.00765404 0)
(-0.012896 -0.00707356 0)
(-0.0100426 -0.00634085 0)
(-0.00748169 -0.00547103 0)
(-0.00526013 -0.00448855 0)
(-0.00341471 -0.00343068 0)
(-0.00196816 -0.00235229 0)
(-0.000925035 -0.00133185 0)
(-0.00028001 -0.000480156 0)
(-2.81819e-05 3.54669e-05 0)
(-6.11614e-05 0.000188467 0)
(-0.000465806 0.0011729 0)
(-0.00140669 0.00249748 0)
(-0.00283789 0.00397674 0)
(-0.00473501 0.0054841 0)
(-0.00707638 0.00692854 0)
(-0.0098252 0.00824629 0)
(-0.0129331 0.00939469 0)
(-0.0163438 0.0103467 0)
(-0.0199957 0.0110869 0)
(-0.0238239 0.0116085 0)
(-0.0277617 0.0119109 0)
(-0.0317428 0.0119983 0)
(-0.0357019 0.0118786 0)
(-0.0395763 0.011562 0)
(-0.0433062 0.0110607 0)
(-0.0468357 0.0103886 0)
(-0.0501132 0.00956029 0)
(-0.0530917 0.00859151 0)
(-0.055729 0.00749857 0)
(-0.0579884 0.00629836 0)
(-0.0598386 0.00500827 0)
(-0.0612537 0.0036462 0)
(-0.0622139 0.00223051 0)
(-0.0627051 0.000780026 0)
(-0.0627195 -0.00068596 0)
(-0.0622554 -0.00214772 0)
(-0.0613175 -0.00358514 0)
(-0.0599171 -0.00497776 0)
(-0.0580717 -0.0063049 0)
(-0.0558056 -0.00754581 0)
(-0.0531495 -0.00867985 0)
(-0.0501405 -0.00968671 0)
(-0.0468218 -0.0105467 0)
(-0.0432427 -0.0112412 0)
(-0.0394578 -0.011753 0)
(-0.0355266 -0.0120664 0)
(-0.0315129 -0.0121687 0)
(-0.0274837 -0.0120497 0)
(-0.0235081 -0.0117034 0)
(-0.0196559 -0.0111282 0)
(-0.0159963 -0.0103288 0)
(-0.0125955 -0.00931697 0)
(-0.00951515 -0.00811396 0)
(-0.00680952 -0.00675296 0)
(-0.00452345 -0.00528274 0)
(-0.0026884 -0.00377246 0)
(-0.00131922 -0.00231707 0)
(-0.000430533 -0.00104483 0)
(-5.45989e-05 -0.000139216 0)
(-8.65265e-05 0.000459829 0)
(-0.000615702 0.00197854 0)
(-0.00180514 0.00382982 0)
(-0.00356968 0.00582077 0)
(-0.00586213 0.00781381 0)
(-0.00864784 0.0097065 0)
(-0.0118792 0.0114247 0)
(-0.0154984 0.0129174 0)
(-0.0194412 0.014151 0)
(-0.0236386 0.0151059 0)
(-0.0280186 0.0157729 0)
(-0.0325079 0.0161507 0)
(-0.0370334 0.0162444 0)
(-0.0415237 0.0160636 0)
(-0.0459097 0.0156214 0)
(-0.0501259 0.0149337 0)
(-0.0541107 0.0140183 0)
(-0.0578075 0.0128949 0)
(-0.0611644 0.011584 0)
(-0.0641351 0.0101073 0)
(-0.0666792 0.00848733 0)
(-0.068762 0.00674737 0)
(-0.0703552 0.00491133 0)
(-0.0714367 0.00300375 0)
(-0.0719912 0.00104984 0)
(-0.0720099 -0.000924594 0)
(-0.0714909 -0.0028932 0)
(-0.0704395 -0.00482908 0)
(-0.0688678 -0.00670497 0)
(-0.0667953 -0.0084933 0)
(-0.0642484 -0.0101665 0)
(-0.061261 -0.011697 0)
(-0.0578736 -0.0130581 0)
(-0.0541338 -0.0142236 0)
(-0.0500957 -0.0151688 0)
(-0.0458192 -0.0158712 0)
(-0.0413698 -0.0163105 0)
(-0.0368174 -0.0164697 0)
(-0.0322356 -0.016336 0)
(-0.0277005 -0.0159019 0)
(-0.0232891 -0.0151657 0)
(-0.0190778 -0.0141339 0)
(-0.0151404 -0.0128219 0)
(-0.0115462 -0.0112569 0)
(-0.008358 -0.0094804 0)
(-0.0056299 -0.00755148 0)
(-0.00340392 -0.00555158 0)
(-0.0017072 -0.00358896 0)
(-0.000575799 -0.00180454 0)
(-7.89996e-05 -0.000390856 0)
(-0.000109802 0.000806401 0)
(-0.000758142 0.00297925 0)
(-0.00219 0.00545124 0)
(-0.00428298 0.00802696 0)
(-0.00696694 0.0105621 0)
(-0.0101932 0.0129461 0)
(-0.0139021 0.0150971 0)
(-0.0180255 0.016957 0)
(-0.0224903 0.0184873 0)
(-0.0272196 0.0196647 0)
(-0.0321346 0.0204782 0)
(-0.0371552 0.0209261 0)
(-0.0422025 0.0210145 0)
(-0.047199 0.0207552 0)
(-0.0520704 0.0201645 0)
(-0.056746 0.0192621 0)
(-0.0611595 0.0180705 0)
(-0.0652499 0.0166142 0)
(-0.0689613 0.0149194 0)
(-0.072244 0.0130136 0)
(-0.0750543 0.0109254 0)
(-0.0773549 0.00868439 0)
(-0.0791153 0.00632103 0)
(-0.0803117 0.00386662 0)
(-0.0809274 0.00135328 0)
(-0.0809529 -0.00118614 0)
(-0.0803862 -0.00371806 0)
(-0.0792326 -0.00620826 0)
(-0.0775051 -0.00862206 0)
(-0.0752243 -0.0109244 0)
(-0.0724188 -0.0130803 0)
(-0.0691245 -0.0150549 0)
(-0.0653851 -0.0168141 0)
(-0.0612516 -0.0183249 0)
(-0.056782 -0.0195562 0)
(-0.0520409 -0.0204793 0)
(-0.0470987 -0.0210687 0)
(-0.042031 -0.0213033 0)
(-0.0369173 -0.021167 0)
(-0.0318401 -0.0206503 0)
(-0.0268832 -0.0197514 0)
(-0.0221302 -0.0184779 0)
(-0.0176628 -0.0168488 0)
(-0.0135586 -0.0148965 0)
(-0.00988949 -0.0126697 0)
(-0.00672024 -0.0102366 0)
(-0.00410471 -0.00768876 0)
(-0.00208346 -0.0051448 0)
(-0.000714198 -0.00275462 0)
(-0.000101373 -0.000715369 0)
(-0.00013129 0.00122385 0)
(-0.000893335 0.00416798 0)
(-0.00256016 0.00735484 0)
(-0.00497455 0.0105894 0)
(-0.00804411 0.0137238 0)
(-0.0117056 0.0166422 0)
(-0.0158867 0.0192572 0)
(-0.0205079 0.0215058 0)
(-0.0254868 0.0233455 0)
(-0.0307383 0.0247506 0)
(-0.036176 0.0257089 0)
(-0.0417136 0.026219 0)
(-0.0472661 0.0262886 0)
(-0.0527507 0.0259318 0)
(-0.0580882 0.0251687 0)
(-0.0632033 0.0240232 0)
(-0.0680258 0.0225226 0)
(-0.0724907 0.020697 0)
(-0.0765389 0.0185784 0)
(-0.0801176 0.0162005 0)
(-0.0831806 0.0135984 0)
(-0.0856884 0.0108085 0)
(-0.0876085 0.00786823 0)
(-0.0889157 0.00481596 0)
(-0.0895923 0.00169119 0)
(-0.0896279 -0.00146572 0)
(-0.0890202 -0.00461353 0)
(-0.0877745 -0.00771026 0)
(-0.0859044 -0.0107133 0)
(-0.0834314 -0.0135797 0)
(-0.0803852 -0.0162665 0)
(-0.0768038 -0.018731 0)
(-0.0727331 -0.0209312 0)
(-0.068227 -0.0228269 0)
(-0.0633468 -0.0243799 0)
(-0.058161 -0.0255549 0)
(-0.0527444 -0.0263208 0)
(-0.0471776 -0.0266515 0)
(-0.0415458 -0.0265274 0)
(-0.0359375 -0.0259365 0)
(-0.0304434 -0.0248761 0)
(-0.0251545 -0.0233547 0)
(-0.0201605 -0.0213938 0)
(-0.0155481 -0.0190304 0)
(-0.0113995 -0.0163193 0)
(-0.00779074 -0.013336 0)
(-0.00478848 -0.0101805 0)
(-0.00244731 -0.00697944 0)
(-0.000846078 -0.00388905 0)
(-0.000122033 -0.00110872 0)
(-0.000151365 0.00170838 0)
(-0.00102229 0.00553772 0)
(-0.00291682 0.00953304 0)
(-0.00564534 0.0135013 0)
(-0.00909403 0.0172929 0)
(-0.0131852 0.0207893 0)
(-0.0178331 0.0238995 0)
(-0.0229468 0.0265573 0)
(-0.0284335 0.0287179 0)
(-0.0341997 0.0303542 0)
(-0.0401513 0.0314538 0)
(-0.0461954 0.0320165 0)
(-0.0522412 0.032052 0)
(-0.0582008 0.0315777 0)
(-0.0639902 0.0306174 0)
(-0.0695302 0.0292 0)
(-0.0747468 0.0273581 0)
(-0.079572 0.0251275 0)
(-0.0839438 0.0225466 0)
(-0.0878069 0.0196556 0)
(-0.0911128 0.0164964 0)
(-0.0938203 0.0131124 0)
(-0.0958954 0.00954851 0)
(-0.0973115 0.00585051 0)
(-0.0980498 0.00206554 0)
(-0.0980994 -0.00175818 0)
(-0.0974574 -0.00557142 0)
(-0.0961291 -0.00932407 0)
(-0.0941282 -0.0129653 0)
(-0.0914766 -0.0164437 0)
(-0.0882052 -0.019708 0)
(-0.084353 -0.0227072 0)
(-0.0799679 -0.0253911 0)
(-0.0751058 -0.0277115 0)
(-0.0698309 -0.0296225 0)
(-0.0642152 -0.031082 0)
(-0.0583373 -0.0320524 0)
(-0.0522825 -0.0325023 0)
(-0.0461414 -0.0324075 0)
(-0.0400085 -0.0317531 0)
(-0.0339814 -0.0305348 0)
(-0.0281589 -0.0287611 0)
(-0.0226393 -0.0264553 0)
(-0.017519 -0.0236576 0)
(-0.0128911 -0.0204277 0)
(-0.00884388 -0.0168474 0)
(-0.0054575 -0.013023 0)
(-0.00280069 -0.00908756 0)
(-0.000972691 -0.00520215 0)
(-0.000141393 -0.00156752 0)
(-0.00017039 0.00225695 0)
(-0.00114631 0.00708238 0)
(-0.00326235 0.0119788 0)
(-0.00629848 0.0167557 0)
(-0.0101204 0.0212634 0)
(-0.0146359 0.025382 0)
(-0.019746 0.0290189 0)
(-0.0253476 0.0321063 0)
(-0.0313374 0.0345986 0)
(-0.0376126 0.0364686 0)
(-0.0440715 0.0377048 0)
(-0.0506145 0.0383092 0)
(-0.0571447 0.0382941 0)
(-0.0635693 0.0376811 0)
(-0.0698 0.0364984 0)
(-0.0757538 0.0347801 0)
(-0.0813535 0.0325646 0)
(-0.0865283 0.0298941 0)
(-0.0912137 0.0268135 0)
(-0.0953524 0.0233697 0)
(-0.0988943 0.0196121 0)
(-0.101796 0.0155912 0)
(-0.104024 0.0113595 0)
(-0.105548 0.00697049 0)
(-0.10635 0.00247923 0)
(-0.106418 -0.00205801 0)
(-0.105749 -0.00658377 0)
(-0.104347 -0.0110395 0)
(-0.102226 -0.0153658 0)
(-0.0994089 -0.0195028 0)
(-0.0959257 -0.0233902 0)
(-0.0918169 -0.0269684 0)
(-0.0871315 -0.0301786 0)
(-0.0819272 -0.0329641 0)
(-0.0762706 -0.0352708 0)
(-0.0702362 -0.0370488 0)
(-0.0639067 -0.0382537 0)
(-0.0573715 -0.0388477 0)
(-0.0507264 -0.0388017 0)
(-0.0440721 -0.0380967 0)
(-0.0375133 -0.036726 0)
(-0.0311568 -0.0346971 0)
(-0.0251102 -0.0320338 0)
(-0.0194803 -0.0287787 0)
(-0.0143718 -0.0249951 0)
(-0.00988589 -0.0207694 0)
(-0.00611656 -0.0162133 0)
(-0.00314683 -0.011465 0)
(-0.00109567 -0.00668954 0)
(-0.000159872 -0.00208927 0)
(-0.000188695 0.00286729 0)
(-0.00126677 0.00879716 0)
(-0.0035996 0.0146865 0)
(-0.0069382 0.0203471 0)
(-0.0111285 0.0256302 0)
(-0.0160642 0.0304158 0)
(-0.0216327 0.0346112 0)
(-0.0277185 0.0381487 0)
(-0.0342075 0.0409831 0)
(-0.0409876 0.0430885 0)
(-0.0479488 0.0444559 0)
(-0.0549846 0.0450899 0)
(-0.0619923 0.045007 0)
(-0.0688742 0.0442332 0)
(-0.0755377 0.0428021 0)
(-0.0818965 0.0407537 0)
(-0.0878704 0.0381327 0)
(-0.0933861 0.0349879 0)
(-0.0983773 0.031371 0)
(-0.102785 0.0273364 0)
(-0.106558 0.0229406 0)
(-0.109651 0.0182419 0)
(-0.112029 0.0133003 0)
(-0.113662 0.00817729 0)
(-0.114531 0.00293594 0)
(-0.114623 -0.00235928 0)
(-0.113934 -0.00764253 0)
(-0.112467 -0.0128467 0)
(-0.110237 -0.0179037 0)
(-0.107266 -0.0227445 0)
(-0.103584 -0.0273001 0)
(-0.0992313 -0.0315015 0)
(-0.0942585 -0.0352809 0)
(-0.0887242 -0.0385726 0)
(-0.0826968 -0.0413138 0)
(-0.0762533 -0.0434462 0)
(-0.0694796 -0.0449174 0)
(-0.0624694 -0.0456829 0)
(-0.0553235 -0.0457072 0)
(-0.0481488 -0.0449665 0)
(-0.0410574 -0.0434504 0)
(-0.0341645 -0.0411645 0)
(-0.0275876 -0.0381319 0)
(-0.0214444 -0.0343962 0)
(-0.0158519 -0.030023 0)
(-0.010925 -0.0251024 0)
(-0.00677174 -0.0197504 0)
(-0.0034896 -0.0141095 0)
(-0.00121678 -0.00834862 0)
(-0.000177863 -0.00267243 0)
(-0.000206563 0.00353787 0)
(-0.00138498 0.0106787 0)
(-0.00393148 0.0176519 0)
(-0.0075691 0.0242712 0)
(-0.0121246 0.0303893 0)
(-0.0174775 0.0358872 0)
(-0.0235017 0.0406732 0)
(-0.0300691 0.0446811 0)
(-0.0370544 0.0478678 0)
(-0.0443358 0.05021 0)
(-0.0517951 0.051702 0)
(-0.0593187 0.0523529 0)
(-0.066798 0.0521839 0)
(-0.0741303 0.0512267 0)
(-0.0812193 0.0495209 0)
(-0.0879752 0.0471129 0)
(-0.0943154 0.0440544 0)
(-0.100165 0.0404013 0)
(-0.105455 0.0362125 0)
(-0.110126 0.0315501 0)
(-0.114124 0.0264781 0)
(-0.117406 0.0210624 0)
(-0.119934 0.0153709 0)
(-0.121678 0.00947311 0)
(-0.122617 0.00344004 0)
(-0.122738 -0.00265555 0)
(-0.122036 -0.00873936 0)
(-0.120515 -0.0147356 0)
(-0.118187 -0.0205674 0)
(-0.115074 -0.0261566 0)
(-0.111206 -0.0314248 0)
(-0.106623 -0.0362936 0)
(-0.101375 -0.0406858 0)
(-0.0955229 -0.044526 0)
(-0.0891352 -0.0477419 0)
(-0.0822915 -0.0502662 0)
(-0.0750803 -0.0520379 0)
(-0.0675994 -0.0530042 0)
(-0.0599547 -0.0531226 0)
(-0.0522594 -0.0523631 0)
(-0.0446329 -0.0507106 0)
(-0.0371996 -0.0481671 0)
(-0.0300872 -0.044754 0)
(-0.0234251 -0.0405145 0)
(-0.0173432 -0.0355155 0)
(-0.0119705 -0.0298494 0)
(-0.00742974 -0.0236359 0)
(-0.00383305 -0.0170213 0)
(-0.00133775 -0.0101788 0)
(-0.000195725 -0.00331643 0)
(-0.000224242 0.00426785 0)
(-0.00150215 0.0127251 0)
(-0.0042608 0.0208725 0)
(-0.00819575 0.0285256 0)
(-0.0131148 0.0355385 0)
(-0.0188834 0.0417941 0)
(-0.0253618 0.0472028 0)
(-0.0324089 0.0517014 0)
(-0.0398883 0.0552499 0)
(-0.047668 0.0578294 0)
(-0.0556216 0.0594389 0)
(-0.063628 0.0600929 0)
(-0.071573 0.0598188 0)
(-0.079349 0.0586546 0)
(-0.0868559 0.0566472 0)
(-0.0940011 0.05385 0)
(-0.1007 0.0503222 0)
(-0.106875 0.0461273 0)
(-0.112457 0.0413321 0)
(-0.117385 0.0360062 0)
(-0.121606 0.0302213 0)
(-0.125074 0.0240514 0)
(-0.127751 0.0175721 0)
(-0.129607 0.0108607 0)
(-0.13062 0.00399638 0)
(-0.130777 -0.00293986 0)
(-0.130071 -0.00986538 0)
(-0.128505 -0.0166958 0)
(-0.126091 -0.0233451 0)
(-0.122849 -0.0297262 0)
(-0.118808 -0.0357512 0)
(-0.114008 -0.0413318 0)
(-0.1085 -0.0463809 0)
(-0.102342 -0.0508128 0)
(-0.0956054 -0.0545454 0)
(-0.0883706 -0.0575013 0)
(-0.0807291 -0.0596097 0)
(-0.0727821 -0.0608087 0)
(-0.0646404 -0.0610475 0)
(-0.0564236 -0.0602885 0)
(-0.048259 -0.0585105 0)
(-0.0402801 -0.0557104 0)
(-0.0326255 -0.0519066 0)
(-0.0254369 -0.0471404 0)
(-0.0188577 -0.0414788 0)
(-0.0130318 -0.0350158 0)
(-0.00809734 -0.0278738 0)
(-0.00418125 -0.0202031 0)
(-0.00146027 -0.0121814 0)
(-0.000213786 -0.0040216 0)
(-0.000241942 0.00505698 0)
(-0.00161937 0.0149356 0)
(-0.00459019 0.0243477 0)
(-0.00882253 0.0331095 0)
(-0.0141051 0.0410769 0)
(-0.0202894 0.0481355 0)
(-0.0272214 0.0541988 0)
(-0.0347472 0.0592077 0)
(-0.0427187 0.063127 0)
(-0.0509939 0.0659434 0)
(-0.0594374 0.0676621 0)
(-0.0679213 0.0683044 0)
(-0.0763253 0.0679051 0)
(-0.0845374 0.0665098 0)
(-0.0924538 0.0641731 0)
(-0.0999794 0.0609568 0)
(-0.107027 0.0569282 0)
(-0.11352 0.0521586 0)
(-0.119386 0.0467232 0)
(-0.124565 0.0406993 0)
(-0.129003 0.0341668 0)
(-0.132653 0.0272073 0)
(-0.135479 0.0199042 0)
(-0.137449 0.0123428 0)
(-0.13854 0.00461021 0)
(-0.138739 -0.00320472 0)
(-0.138038 -0.011011 0)
(-0.136439 -0.0187157 0)
(-0.133951 -0.0262241 0)
(-0.130594 -0.0334396 0)
(-0.126396 -0.0402649 0)
(-0.121396 -0.0466016 0)
(-0.115641 -0.0523523 0)
(-0.109193 -0.0574206 0)
(-0.10212 -0.0617135 0)
(-0.0945051 -0.0651427 0)
(-0.0864416 -0.0676267 0)
(-0.0780342 -0.0690931 0)
(-0.0693982 -0.0694813 0)
(-0.0606596 -0.0687448 0)
(-0.0519535 -0.0668545 0)
(-0.0434232 -0.0638009 0)
(-0.0352185 -0.0595975 0)
(-0.0274939 -0.0542826 0)
(-0.0204075 -0.0479218 0)
(-0.0141186 -0.0406098 0)
(-0.00878125 -0.0324712 0)
(-0.00453811 -0.0236603 0)
(-0.00158594 -0.0143597 0)
(-0.000232341 -0.00478913 0)
(-0.000259848 0.00590556 0)
(-0.00173762 0.017311 0)
(-0.00492208 0.0280782 0)
(-0.00945346 0.0380236 0)
(-0.0151012 0.0470053 0)
(-0.0217022 0.0549117 0)
(-0.0290884 0.0616608 0)
(-0.0370924 0.0671987 0)
(-0.0455541 0.0714966 0)
(-0.0543213 0.0745482 0)
(-0.0632498 0.0763664 0)
(-0.0722045 0.0769809 0)
(-0.0810594 0.076435 0)
(-0.089698 0.0747832 0)
(-0.0980135 0.0720892 0)
(-0.105908 0.0684237 0)
(-0.113295 0.0638625 0)
(-0.120093 0.0584861 0)
(-0.126234 0.0523776 0)
(-0.131655 0.045623 0)
(-0.136303 0.0383098 0)
(-0.140133 0.0305276 0)
(-0.143105 0.0223675 0)
(-0.145189 0.0139223 0)
(-0.146363 0.0052869 0)
(-0.146611 -0.00344212 0)
(-0.145924 -0.0121658 0)
(-0.144303 -0.0207828 0)
(-0.141757 -0.0291897 0)
(-0.138301 -0.037281 0)
(-0.133964 -0.0449494 0)
(-0.128781 -0.0520865 0)
(-0.122799 -0.058584 0)
(-0.116076 -0.0643344 0)
(-0.108683 -0.069233 0)
(-0.100702 -0.0731796 0)
(-0.0922282 -0.0760808 0)
(-0.0833682 -0.0778524 0)
(-0.0742423 -0.0784223 0)
(-0.0649827 -0.0777335 0)
(-0.0557325 -0.0757472 0)
(-0.0466448 -0.0724458 0)
(-0.0378812 -0.0678361 0)
(-0.0296101 -0.0619517 0)
(-0.0220044 -0.0548556 0)
(-0.01524 -0.0466422 0)
(-0.00948792 -0.0374378 0)
(-0.0049074 -0.0274007 0)
(-0.00171624 -0.0167192 0)
(-0.000251666 -0.00562103 0)
(-0.000278119 0.0068144 0)
(-0.00185779 0.0198531 0)
(-0.00525865 0.0320663 0)
(-0.0100923 0.0432705 0)
(-0.0161083 0.0533257 0)
(-0.0231284 0.0621241 0)
(-0.03097 0.0695891 0)
(-0.0394518 0.0756734 0)
(-0.0484015 0.080356 0)
(-0.0576563 0.0836392 0)
(-0.0670633 0.0855454 0)
(-0.0764801 0.0861141 0)
(-0.0857753 0.0853987 0)
(-0.0948283 0.0834639 0)
(-0.103529 0.0803836 0)
(-0.11178 0.0762381 0)
(-0.11949 0.0711132 0)
(-0.126581 0.0650982 0)
(-0.132984 0.0582853 0)
(-0.138636 0.0507687 0)
(-0.143486 0.042644 0)
(-0.147487 0.0340086 0)
(-0.150602 0.024961 0)
(-0.152802 0.0156014 0)
(-0.154061 0.00603178 0)
(-0.154364 -0.00364361 0)
(-0.153703 -0.0133183 0)
(-0.152074 -0.022883 0)
(-0.149485 -0.0322258 0)
(-0.14595 -0.0412323 0)
(-0.141493 -0.0497856 0)
(-0.136149 -0.0577669 0)
(-0.129961 -0.0650567 0)
(-0.122986 -0.071536 0)
(-0.115293 -0.0770875 0)
(-0.106963 -0.0815981 0)
(-0.0980926 -0.0849612 0)
(-0.0887912 -0.0870792 0)
(-0.0791827 -0.087867 0)
(-0.069405 -0.087255 0)
(-0.0596093 -0.0851928 0)
(-0.0499589 -0.0816525 0)
(-0.0406277 -0.0766325 0)
(-0.0317981 -0.0701598 0)
(-0.0236593 -0.0622936 0)
(-0.0164047 -0.0531264 0)
(-0.0102235 -0.042786 0)
(-0.0052927 -0.0314345 0)
(-0.0018526 -0.0192668 0)
(-0.000272016 -0.00652004 0)
(-0.000296903 0.00778471 0)
(-0.0019807 0.0225646 0)
(-0.00560196 0.0363157 0)
(-0.0107425 0.0488539 0)
(-0.017131 0.0600415 0)
(-0.0245737 0.069775 0)
(-0.0328723 0.0779844 0)
(-0.0418314 0.0846303 0)
(-0.0512661 0.0897013 0)
(-0.0610027 0.0932101 0)
(-0.0708795 0.0951903 0)
(-0.0807471 0.095693 0)
(-0.0904688 0.0947832 0)
(-0.0999203 0.0925374 0)
(-0.10899 0.0890406 0)
(-0.117577 0.0843842 0)
(-0.125593 0.0786643 0)
(-0.132959 0.07198 0)
(-0.139607 0.0644326 0)
(-0.145476 0.0561249 0)
(-0.150514 0.0471606 0)
(-0.154679 0.0376444 0)
(-0.157932 0.0276822 0)
(-0.160244 0.0173811 0)
(-0.161592 0.00684989 0)
(-0.161958 -0.00380038 0)
(-0.161332 -0.014456 0)
(-0.159711 -0.0250005 0)
(-0.157097 -0.0353137 0)
(-0.153504 -0.0452726 0)
(-0.148952 -0.0547507 0)
(-0.143472 -0.0636191 0)
(-0.137104 -0.0717469 0)
(-0.129903 -0.0790026 0)
(-0.121934 -0.085256 0)
(-0.113278 -0.0903798 0)
(-0.104031 -0.0942528 0)
(-0.0943042 -0.0967625 0)
(-0.0842242 -0.0978087 0)
(-0.0739346 -0.0973072 0)
(-0.0635946 -0.0951937 0)
(-0.0533775 -0.0914279 0)
(-0.04347 -0.0859972 0)
(-0.0340696 -0.0789205 0)
(-0.0253825 -0.0702508 0)
(-0.0176211 -0.0600782 0)
(-0.010994 -0.0485307 0)
(-0.00569745 -0.0357744 0)
(-0.00199639 -0.0220113 0)
(-0.000293635 -0.00748964 0)
(-0.000316337 0.00881811 0)
(-0.00210713 0.0254494 0)
(-0.00595396 0.0408314 0)
(-0.0114074 0.054779 0)
(-0.0181739 0.0671569 0)
(-0.0260433 0.0778671 0)
(-0.0348009 0.0868471 0)
(-0.0442364 0.0940672 0)
(-0.0541517 0.0995274 0)
(-0.0643622 0.103253 0)
(-0.0746972 0.10529 0)
(-0.0850006 0.105703 0)
(-0.0951307 0.104572 0)
(-0.10496 0.101985 0)
(-0.114375 0.0980403 0)
(-0.123276 0.0928414 0)
(-0.131574 0.0864954 0)
(-0.139192 0.0791119 0)
(-0.146063 0.0708017 0)
(-0.152129 0.0616763 0)
(-0.157341 0.0518472 0)
(-0.161656 0.0414265 0)
(-0.165039 0.0305267 0)
(-0.167461 0.0192614 0)
(-0.168898 0.00774562 0)
(-0.169333 -0.00390344 0)
(-0.168754 -0.0155657 0)
(-0.167156 -0.0271176 0)
(-0.16454 -0.038432 0)
(-0.160914 -0.0493773 0)
(-0.156294 -0.0598181 0)
(-0.150708 -0.069615 0)
(-0.144193 -0.0786258 0)
(-0.136797 -0.0867062 0)
(-0.128583 -0.093712 0)
(-0.119631 -0.0995009 0)
(-0.110033 -0.103935 0)
(-0.0999012 -0.106887 0)
(-0.0893659 -0.108237 0)
(-0.078575 -0.107885 0)
(-0.067695 -0.10575 0)
(-0.0569096 -0.101778 0)
(-0.0464185 -0.0959407 0)
(-0.036435 -0.0882478 0)
(-0.0271837 -0.0787441 0)
(-0.0188969 -0.0675153 0)
(-0.0118049 -0.0546891 0)
(-0.00612497 -0.0404352 0)
(-0.00214894 -0.0249632 0)
(-0.000316761 -0.008534 0)
(-0.000336557 0.00991665 0)
(-0.00223784 0.0285122 0)
(-0.00631657 0.0456195 0)
(-0.0120901 0.0610521 0)
(-0.0192414 0.0746775 0)
(-0.0275421 0.0864038 0)
(-0.0367605 0.0961777 0)
(-0.0466704 0.103981 0)
(-0.0570602 0.109827 0)
(-0.0677338 0.113756 0)
(-0.0785118 0.115829 0)
(-0.0892314 0.116126 0)
(-0.0997465 0.114743 0)
(-0.109927 0.111782 0)
(-0.11966 0.107357 0)
(-0.128845 0.101583 0)
(-0.137394 0.0945801 0)
(-0.145234 0.0864688 0)
(-0.152301 0.0773696 0)
(-0.15854 0.0674026 0)
(-0.163903 0.0566873 0)
(-0.168352 0.0453426 0)
(-0.171852 0.0334872 0)
(-0.174378 0.0212403 0)
(-0.175904 0.00872243 0)
(-0.176414 -0.00394377 0)
(-0.175895 -0.0166327 0)
(-0.174338 -0.0292149 0)
(-0.171742 -0.0415564 0)
(-0.168111 -0.0535182 0)
(-0.163457 -0.0649561 0)
(-0.157801 -0.0757208 0)
(-0.151175 -0.0856585 0)
(-0.143624 -0.0946119 0)
(-0.135204 -0.102422 0)
(-0.125991 -0.108931 0)
(-0.116075 -0.113982 0)
(-0.105568 -0.117429 0)
(-0.0946003 -0.119135 0)
(-0.0833243 -0.118978 0)
(-0.0719134 -0.11686 0)
(-0.0605614 -0.112705 0)
(-0.0494815 -0.106472 0)
(-0.0389035 -0.0981559 0)
(-0.0290714 -0.0877911 0)
(-0.0202396 -0.0754573 0)
(-0.0126617 -0.0612806 0)
(-0.00657851 -0.0454338 0)
(-0.00231154 -0.0281347 0)
(-0.000341633 -0.00965797 0)
(-0.000357707 0.0110827 0)
(-0.00237364 0.0317587 0)
(-0.0066918 0.0506875 0)
(-0.0127939 0.0676807 0)
(-0.0203376 0.0826091 0)
(-0.0290749 0.0953883 0)
(-0.0387556 0.105976 0)
(-0.0491367 0.114367 0)
(-0.0599921 0.120591 0)
(-0.0711145 0.124704 0)
(-0.0823154 0.126787 0)
(-0.0934259 0.126938 0)
(-0.104296 0.125268 0)
(-0.114795 0.121899 0)
(-0.124809 0.116957 0)
(-0.134239 0.110575 0)
(-0.143003 0.102885 0)
(-0.151029 0.0940188 0)
(-0.158256 0.0841067 0)
(-0.164635 0.0732779 0)
(-0.170123 0.0616593 0)
(-0.174683 0.0493761 0)
(-0.178286 0.0365527 0)
(-0.180904 0.0233131 0)
(-0.182518 0.00978236 0)
(-0.183108 -0.00391262 0)
(-0.18266 -0.0176417 0)
(-0.181164 -0.0312705 0)
(-0.178614 -0.0446593 0)
(-0.17501 -0.0576624 0)
(-0.170359 -0.0701277 0)
(-0.164676 -0.0818963 0)
(-0.157986 -0.092803 0)
(-0.150325 -0.102677 0)
(-0.141747 -0.111345 0)
(-0.132318 -0.11863 0)
(-0.122127 -0.124359 0)
(-0.111281 -0.128362 0)
(-0.0999123 -0.130481 0)
(-0.0881746 -0.130572 0)
(-0.0762479 -0.128514 0)
(-0.0643358 -0.12421 0)
(-0.052665 -0.117599 0)
(-0.0414827 -0.108659 0)
(-0.0310536 -0.0974104 0)
(-0.0216563 -0.0839254 0)
(-0.0135698 -0.0683266 0)
(-0.00706132 -0.0507891 0)
(-0.00248555 -0.0315394 0)
(-0.000368497 -0.0108671 0)
(-0.000379947 0.0123192 0)
(-0.00251544 0.0351958 0)
(-0.00708184 0.056044 0)
(-0.0135225 0.0746734 0)
(-0.0214672 0.0909586 0)
(-0.0306466 0.104824 0)
(-0.0407903 0.11624 0)
(-0.0516373 0.125218 0)
(-0.0629465 0.131805 0)
(-0.0744987 0.136079 0)
(-0.0860967 0.13814 0)
(-0.0975659 0.138107 0)
(-0.108754 0.136112 0)
(-0.119529 0.132295 0)
(-0.129779 0.126801 0)
(-0.139408 0.119777 0)
(-0.148339 0.111369 0)
(-0.156504 0.101722 0)
(-0.163849 0.0909761 0)
(-0.170329 0.0792692 0)
(-0.175906 0.0667353 0)
(-0.18055 0.0535054 0)
(-0.184233 0.0397084 0)
(-0.186932 0.0254724 0)
(-0.188627 0.0109256 0)
(-0.1893 -0.00380184 0)
(-0.188935 -0.0185766 0)
(-0.18752 -0.0332606 0)
(-0.185046 -0.0477097 0)
(-0.181507 -0.0617726 0)
(-0.176902 -0.07529 0)
(-0.171241 -0.0880942 0)
(-0.164539 -0.100009 0)
(-0.156826 -0.110851 0)
(-0.148146 -0.120429 0)
(-0.138558 -0.12855 0)
(-0.128144 -0.135019 0)
(-0.117008 -0.139645 0)
(-0.105278 -0.142242 0)
(-0.093111 -0.142643 0)
(-0.0806914 -0.140699 0)
(-0.0682318 -0.136288 0)
(-0.0559725 -0.129326 0)
(-0.0441787 -0.119768 0)
(-0.0331375 -0.10762 0)
(-0.0231535 -0.0929417 0)
(-0.0145344 -0.0758502 0)
(-0.0075767 -0.0565222 0)
(-0.00267233 -0.0351927 0)
(-0.000397614 -0.0121675 0)
(-0.000403466 0.0136295 0)
(-0.00266426 0.0388313 0)
(-0.00748925 0.0616991 0)
(-0.01428 0.0820401 0)
(-0.0226353 0.0997334 0)
(-0.0322624 0.114714 0)
(-0.0428689 0.126967 0)
(-0.054174 0.136523 0)
(-0.0659209 0.143452 0)
(-0.0778783 0.147855 0)
(-0.0898405 0.149855 0)
(-0.101628 0.149595 0)
(-0.113087 0.147231 0)
(-0.124086 0.142923 0)
(-0.134516 0.136837 0)
(-0.144287 0.129135 0)
(-0.153326 0.11998 0)
(-0.161575 0.109529 0)
(-0.168984 0.0979319 0)
(-0.175517 0.0853356 0)
(-0.181142 0.0718805 0)
(-0.185834 0.0577026 0)
(-0.18957 0.0429345 0)
(-0.19233 0.0277068 0)
(-0.194098 0.01215 0)
(-0.194855 -0.00360421 0)
(-0.194586 -0.0194207 0)
(-0.193274 -0.0351594 0)
(-0.190907 -0.050673 0)
(-0.187473 -0.065806 0)
(-0.182965 -0.0803934 0)
(-0.177382 -0.0942593 0)
(-0.170731 -0.107217 0)
(-0.163032 -0.119071 0)
(-0.154318 -0.129613 0)
(-0.144639 -0.138632 0)
(-0.134067 -0.145909 0)
(-0.122701 -0.151228 0)
(-0.110663 -0.154378 0)
(-0.0981106 -0.155159 0)
(-0.0852306 -0.153394 0)
(-0.0722441 -0.14893 0)
(-0.0594047 -0.141653 0)
(-0.0469962 -0.131495 0)
(-0.0353296 -0.118439 0)
(-0.0247381 -0.102529 0)
(-0.015561 -0.0838762 0)
(-0.00812814 -0.0626559 0)
(-0.00287336 -0.0391114 0)
(-0.000429269 -0.0135663 0)
(-0.000428494 0.0150174 0)
(-0.00282138 0.0426746 0)
(-0.00791708 0.0676647 0)
(-0.0150711 0.089792 0)
(-0.023848 0.108941 0)
(-0.0339287 0.12506 0)
(-0.044996 0.138152 0)
(-0.0567482 0.14827 0)
(-0.0689118 0.15551 0)
(-0.0812428 0.159999 0)
(-0.0935278 0.16189 0)
(-0.105583 0.161353 0)
(-0.117255 0.158569 0)
(-0.128414 0.153724 0)
(-0.138956 0.147002 0)
(-0.1488 0.138587 0)
(-0.157878 0.128656 0)
(-0.166142 0.117379 0)
(-0.173552 0.104918 0)
(-0.180078 0.0914269 0)
(-0.185699 0.0770517 0)
(-0.190395 0.0619327 0)
(-0.19415 0.0462051 0)
(-0.196949 0.0300007 0)
(-0.198776 0.0134505 0)
(-0.199617 -0.00331393 0)
(-0.199453 -0.0201573 0)
(-0.198268 -0.0369392 0)
(-0.196042 -0.053511 0)
(-0.192759 -0.0697149 0)
(-0.188402 -0.0853812 0)
(-0.182962 -0.100328 0)
(-0.176435 -0.114358 0)
(-0.168828 -0.127264 0)
(-0.160161 -0.138823 0)
(-0.150472 -0.148801 0)
(-0.139823 -0.156958 0)
(-0.128301 -0.163049 0)
(-0.116023 -0.166832 0)
(-0.103141 -0.168076 0)
(-0.0898454 -0.166566 0)
(-0.0763625 -0.162115 0)
(-0.062959 -0.154575 0)
(-0.0499379 -0.143844 0)
(-0.0376356 -0.129882 0)
(-0.0264165 -0.112711 0)
(-0.0166553 -0.0924309 0)
(-0.00871938 -0.0692151 0)
(-0.00309027 -0.0433144 0)
(-0.000463782 -0.0150711 0)
(-0.000455323 0.0164876 0)
(-0.00298837 0.0467364 0)
(-0.0083691 0.0739543 0)
(-0.0159019 0.0979421 0)
(-0.0251127 0.118591 0)
(-0.0356525 0.135864 0)
(-0.0471769 0.149787 0)
(-0.0593613 0.160439 0)
(-0.0719141 0.167947 0)
(-0.0845789 0.172471 0)
(-0.0971351 0.174195 0)
(-0.109396 0.173322 0)
(-0.12121 0.170061 0)
(-0.132451 0.164624 0)
(-0.143024 0.157222 0)
(-0.152856 0.148057 0)
(-0.16189 0.137322 0)
(-0.170087 0.125202 0)
(-0.177421 0.111868 0)
(-0.183871 0.0974827 0)
(-0.189425 0.0821966 0)
(-0.194073 0.066153 0)
(-0.197805 0.049488 0)
(-0.200612 0.0323333 0)
(-0.202482 0.0148182 0)
(-0.203402 -0.00292712 0)
(-0.203354 -0.0207697 0)
(-0.202317 -0.0385706 0)
(-0.20027 -0.0561821 0)
(-0.197187 -0.0734458 0)
(-0.193045 -0.0901895 0)
(-0.187821 -0.106226 0)
(-0.1815 -0.121352 0)
(-0.174075 -0.135345 0)
(-0.16555 -0.147969 0)
(-0.155949 -0.158969 0)
(-0.145319 -0.16808 0)
(-0.133733 -0.175028 0)
(-0.121298 -0.179537 0)
(-0.10816 -0.181337 0)
(-0.0945073 -0.180173 0)
(-0.080571 -0.175817 0)
(-0.0666295 -0.168078 0)
(-0.053005 -0.156819 0)
(-0.0400608 -0.141964 0)
(-0.0281955 -0.123511 0)
(-0.0178233 -0.101542 0)
(-0.00935459 -0.0762268 0)
(-0.00332492 -0.0478223 0)
(-0.000501525 -0.0166907 0)
(-0.000484325 0.0180458 0)
(-0.00316723 0.0510299 0)
(-0.0088501 0.0805842 0)
(-0.0167798 0.106505 0)
(-0.0264386 0.128693 0)
(-0.037443 0.147127 0)
(-0.0494184 0.161861 0)
(-0.0620146 0.173007 0)
(-0.0749214 0.180727 0)
(-0.0878701 0.18522 0)
(-0.100633 0.186707 0)
(-0.113024 0.185427 0)
(-0.124893 0.181624 0)
(-0.136124 0.175538 0)
(-0.14663 0.167406 0)
(-0.156349 0.157452 0)
(-0.165239 0.145888 0)
(-0.173275 0.13291 0)
(-0.180442 0.118702 0)
(-0.186734 0.103431 0)
(-0.192147 0.0872528 0)
(-0.196684 0.0703118 0)
(-0.200343 0.0527437 0)
(-0.203121 0.0346778 0)
(-0.205011 0.0162405 0)
(-0.206002 -0.00244236 0)
(-0.206077 -0.0212418 0)
(-0.205213 -0.0400229 0)
(-0.203383 -0.0586412 0)
(-0.200554 -0.0769399 0)
(-0.196695 -0.0947468 0)
(-0.19177 -0.111872 0)
(-0.185749 -0.128105 0)
(-0.178609 -0.143214 0)
(-0.170337 -0.156948 0)
(-0.160938 -0.169032 0)
(-0.150441 -0.179174 0)
(-0.138902 -0.18707 0)
(-0.126414 -0.192405 0)
(-0.113112 -0.194868 0)
(-0.0991785 -0.194156 0)
(-0.0848471 -0.189994 0)
(-0.070406 -0.182142 0)
(-0.0561964 -0.170414 0)
(-0.0426098 -0.154695 0)
(-0.0300821 -0.13495 0)
(-0.019072 -0.111238 0)
(-0.0100385 -0.0837202 0)
(-0.00357944 -0.0526579 0)
(-0.000542938 -0.0184348 0)
(-0.000515985 0.0196985 0)
(-0.00336054 0.0555708 0)
(-0.00936617 0.0875736 0)
(-0.0177144 0.115498 0)
(-0.027837 0.139255 0)
(-0.0393113 0.158848 0)
(-0.0517281 0.174359 0)
(-0.0647096 0.185942 0)
(-0.0779257 0.193803 0)
(-0.0910956 0.198182 0)
(-0.103987 0.199349 0)
(-0.116415 0.197581 0)
(-0.128235 0.19316 0)
(-0.139343 0.18636 0)
(-0.149666 0.177446 0)
(-0.159155 0.166666 0)
(-0.167786 0.154248 0)
(-0.175548 0.140404 0)
(-0.182443 0.125326 0)
(-0.188479 0.109187 0)
(-0.193667 0.0921467 0)
(-0.19802 0.0743479 0)
(-0.201546 0.0559243 0)
(-0.20425 0.0370013 0)
(-0.206132 0.0176995 0)
(-0.207183 -0.00186128 0)
(-0.207385 -0.0215589 0)
(-0.206716 -0.0412649 0)
(-0.205144 -0.0608405 0)
(-0.202628 -0.0801335 0)
(-0.199126 -0.098974 0)
(-0.19459 -0.117172 0)
(-0.188974 -0.134512 0)
(-0.182236 -0.150757 0)
(-0.174344 -0.165639 0)
(-0.165281 -0.178864 0)
(-0.155053 -0.190116 0)
(-0.143694 -0.199055 0)
(-0.131279 -0.205328 0)
(-0.117926 -0.208573 0)
(-0.103809 -0.208439 0)
(-0.08916 -0.20459 0)
(-0.0742734 -0.19673 0)
(-0.0595087 -0.184617 0)
(-0.0452867 -0.168082 0)
(-0.032084 -0.14705 0)
(-0.020409 -0.12155 0)
(-0.0107768 -0.0917269 0)
(-0.00385641 -0.0578466 0)
(-0.000588553 -0.0203142 0)
(-0.000550938 0.0214541 0)
(-0.00357162 0.0603781 0)
(-0.00992513 0.0949456 0)
(-0.0187177 0.124942 0)
(-0.0293225 0.150291 0)
(-0.0412712 0.171022 0)
(-0.0541156 0.18726 0)
(-0.0674476 0.199205 0)
(-0.0809162 0.207113 0)
(-0.0942296 0.211281 0)
(-0.107153 0.212026 0)
(-0.119505 0.209675 0)
(-0.131153 0.204552 0)
(-0.142006 0.196968 0)
(-0.152007 0.187217 0)
(-0.161129 0.175571 0)
(-0.169365 0.16228 0)
(-0.176724 0.147567 0)
(-0.183226 0.131632 0)
(-0.188896 0.114655 0)
(-0.193761 0.0967932 0)
(-0.197845 0.07819 0)
(-0.20117 0.0589738 0)
(-0.203749 0.0392636 0)
(-0.205586 0.0191723 0)
(-0.206679 -0.00118916 0)
(-0.207012 -0.0217079 0)
(-0.20656 -0.0422647 0)
(-0.205286 -0.0627296 0)
(-0.203143 -0.0829578 0)
(-0.200078 -0.102785 0)
(-0.19603 -0.122023 0)
(-0.190936 -0.140458 0)
(-0.184732 -0.157843 0)
(-0.177364 -0.173902 0)
(-0.16879 -0.188323 0)
(-0.158988 -0.200761 0)
(-0.147968 -0.210843 0)
(-0.135777 -0.218173 0)
(-0.122514 -0.222337 0)
(-0.108337 -0.222923 0)
(-0.0934692 -0.219531 0)
(-0.0782104 -0.211794 0)
(-0.0629354 -0.199403 0)
(-0.0480951 -0.182125 0)
(-0.0342098 -0.159829 0)
(-0.0218436 -0.132507 0)
(-0.0115761 -0.100281 0)
(-0.00415898 -0.0634167 0)
(-0.000639033 -0.0223415 0)
(-0.000590018 0.0233227 0)
(-0.00380481 0.0654751 0)
(-0.010537 0.102728 0)
(-0.0198051 0.13486 0)
(-0.0309132 0.16181 0)
(-0.0433397 0.183645 0)
(-0.0565922 0.200536 0)
(-0.0702291 0.212743 0)
(-0.0838786 0.220585 0)
(-0.0972391 0.224419 0)
(-0.110076 0.224624 0)
(-0.122217 0.22158 0)
(-0.133544 0.21566 0)
(-0.143985 0.207214 0)
(-0.153506 0.196569 0)
(-0.162101 0.184023 0)
(-0.169787 0.169842 0)
(-0.176596 0.154265 0)
(-0.182568 0.137497 0)
(-0.187747 0.119721 0)
(-0.192177 0.101095 0)
(-0.195898 0.0817562 0)
(-0.198942 0.0618269 0)
(-0.201334 0.0414173 0)
(-0.203087 0.02063 0)
(-0.2042 -0.000435469 0)
(-0.204662 -0.0216784 0)
(-0.204445 -0.0429916 0)
(-0.20351 -0.064257 0)
(-0.201804 -0.0853404 0)
(-0.199262 -0.106087 0)
(-0.195808 -0.126314 0)
(-0.191361 -0.14581 0)
(-0.185837 -0.164328 0)
(-0.179154 -0.18158 0)
(-0.171243 -0.19724 0)
(-0.16205 -0.210938 0)
(-0.151553 -0.222266 0)
(-0.139769 -0.230781 0)
(-0.126766 -0.236014 0)
(-0.11268 -0.237485 0)
(-0.097722 -0.234717 0)
(-0.0821882 -0.227265 0)
(-0.0664667 -0.214734 0)
(-0.0510379 -0.196814 0)
(-0.036469 -0.173304 0)
(-0.0233867 -0.144142 0)
(-0.0124448 -0.109421 0)
(-0.00449106 -0.0694001 0)
(-0.000695211 -0.0245307 0)
(-0.00063433 0.025317 0)
(-0.00406576 0.070891 0)
(-0.0112148 0.110956 0)
(-0.0209961 0.14528 0)
(-0.0326316 0.173827 0)
(-0.0455374 0.196705 0)
(-0.0591705 0.21415 0)
(-0.0730531 0.226491 0)
(-0.0867927 0.234123 0)
(-0.100081 0.237478 0)
(-0.112688 0.237004 0)
(-0.124455 0.233142 0)
(-0.135286 0.226319 0)
(-0.145132 0.216928 0)
(-0.153987 0.205331 0)
(-0.161872 0.191851 0)
(-0.168832 0.176774 0)
(-0.174924 0.160346 0)
(-0.180212 0.142782 0)
(-0.18476 0.124263 0)
(-0.188632 0.104943 0)
(-0.191883 0.0849546 0)
(-0.19456 0.0644098 0)
(-0.196698 0.0434076 0)
(-0.198316 0.0220378 0)
(-0.199423 0.000385657 0)
(-0.200007 -0.0214629 0)
(-0.200043 -0.0434159 0)
(-0.199488 -0.0653703 0)
(-0.198281 -0.0872062 0)
(-0.196349 -0.108781 0)
(-0.193601 -0.129924 0)
(-0.189937 -0.150428 0)
(-0.185251 -0.170049 0)
(-0.179433 -0.188495 0)
(-0.17238 -0.205426 0)
(-0.164005 -0.22045 0)
(-0.154247 -0.233125 0)
(-0.143082 -0.24296 0)
(-0.130545 -0.249426 0)
(-0.116738 -0.251968 0)
(-0.10185 -0.250024 0)
(-0.0861679 -0.243051 0)
(-0.0700876 -0.230555 0)
(-0.054117 -0.212129 0)
(-0.0388729 -0.187483 0)
(-0.0250517 -0.156487 0)
(-0.0133932 -0.119188 0)
(-0.00485764 -0.0758334 0)
(-0.000758163 -0.0268986 0)
(-0.000685344 0.0274531 0)
(-0.00436185 0.076662 0)
(-0.0119753 0.11967 0)
(-0.0223155 0.156237 0)
(-0.0345058 0.186353 0)
(-0.0478887 0.210188 0)
(-0.0618637 0.228053 0)
(-0.0759146 0.240365 0)
(-0.0896293 0.247612 0)
(-0.102697 0.250313 0)
(-0.114899 0.248997 0)
(-0.126098 0.244177 0)
(-0.136225 0.236335 0)
(-0.145263 0.225913 0)
(-0.153239 0.213307 0)
(-0.160208 0.198867 0)
(-0.166245 0.182893 0)
(-0.171435 0.165643 0)
(-0.175869 0.147332 0)
(-0.179634 0.128141 0)
(-0.182814 0.108217 0)
(-0.18548 0.0876835 0)
(-0.187693 0.0666403 0)
(-0.1895 0.0451727 0)
(-0.19093 0.0233547 0)
(-0.191997 0.00125507 0)
(-0.192693 -0.021058 0)
(-0.192995 -0.0435108 0)
(-0.192856 -0.0660185 0)
(-0.192212 -0.0884791 0)
(-0.190978 -0.110767 0)
(-0.189052 -0.132725 0)
(-0.186314 -0.154159 0)
(-0.182635 -0.174831 0)
(-0.177876 -0.19445 0)
(-0.171899 -0.212666 0)
(-0.164577 -0.229071 0)
(-0.155803 -0.243188 0)
(-0.145509 -0.254482 0)
(-0.133681 -0.262358 0)
(-0.120382 -0.26618 0)
(-0.105765 -0.265288 0)
(-0.0900979 -0.259029 0)
(-0.0737766 -0.246788 0)
(-0.0573329 -0.228035 0)
(-0.0414346 -0.202372 0)
(-0.0268555 -0.169574 0)
(-0.0144346 -0.129629 0)
(-0.00526517 -0.0827586 0)
(-0.000829292 -0.0294645 0)
(-0.000745032 0.0297515 0)
(-0.00470282 0.0828336 0)
(-0.01284 0.128923 0)
(-0.0237944 0.167769 0)
(-0.0365698 0.199403 0)
(-0.0504216 0.224069 0)
(-0.0646842 0.242177 0)
(-0.0788016 0.254257 0)
(-0.0923454 0.260905 0)
(-0.105009 0.262747 0)
(-0.116594 0.260403 0)
(-0.126993 0.254467 0)
(-0.136173 0.245482 0)
(-0.144158 0.233941 0)
(-0.151014 0.220274 0)
(-0.156834 0.204855 0)
(-0.161729 0.187999 0)
(-0.165816 0.169969 0)
(-0.169212 0.15098 0)
(-0.17203 0.131206 0)
(-0.174373 0.110788 0)
(-0.17633 0.0898332 0)
(-0.177978 0.0684293 0)
(-0.179373 0.0466443 0)
(-0.180555 0.0245343 0)
(-0.181544 0.00214852 0)
(-0.182337 -0.0204648 0)
(-0.182912 -0.0432531 0)
(-0.183223 -0.066153 0)
(-0.1832 -0.0890838 0)
(-0.182753 -0.111941 0)
(-0.181765 -0.134586 0)
(-0.1801 -0.156844 0)
(-0.177606 -0.178486 0)
(-0.174113 -0.19923 0)
(-0.169448 -0.218724 0)
(-0.163438 -0.236545 0)
(-0.155928 -0.252191 0)
(-0.146794 -0.26508 0)
(-0.135965 -0.274552 0)
(-0.123449 -0.279884 0)
(-0.109352 -0.280308 0)
(-0.0939084 -0.27504 0)
(-0.0775027 -0.263323 0)
(-0.0606835 -0.244479 0)
(-0.0441693 -0.217965 0)
(-0.0288187 -0.183436 0)
(-0.015586 -0.140794 0)
(-0.00572207 -0.0902253 0)
(-0.000910466 -0.032252 0)
(-0.000816064 0.0322385 0)
(-0.00510153 0.0894633 0)
(-0.0138369 0.138778 0)
(-0.0254722 0.179922 0)
(-0.038865 0.212984 0)
(-0.0531669 0.238309 0)
(-0.0676405 0.256434 0)
(-0.0816897 0.268026 0)
(-0.0948764 0.273818 0)
(-0.106908 0.27456 0)
(-0.117618 0.270979 0)
(-0.126941 0.263754 0)
(-0.134892 0.253498 0)
(-0.141544 0.240752 0)
(-0.147009 0.225982 0)
(-0.151424 0.20958 0)
(-0.154939 0.191873 0)
(-0.157705 0.173124 0)
(-0.159869 0.153545 0)
(-0.161568 0.133301 0)
(-0.162925 0.112517 0)
(-0.164047 0.091288 0)
(-0.165023 0.0696824 0)
(-0.165922 0.0477495 0)
(-0.166792 0.025525 0)
(-0.16766 0.00303682 0)
(-0.16853 -0.0196895 0)
(-0.169381 -0.0426248 0)
(-0.170169 -0.0657299 0)
(-0.170821 -0.0889489 0)
(-0.171242 -0.112202 0)
(-0.171305 -0.135376 0)
(-0.17086 -0.158317 0)
(-0.169732 -0.180817 0)
(-0.167723 -0.202606 0)
(-0.164621 -0.22334 0)
(-0.160208 -0.242589 0)
(-0.154272 -0.259831 0)
(-0.146628 -0.274443 0)
(-0.137136 -0.285701 0)
(-0.125733 -0.292793 0)
(-0.112461 -0.294829 0)
(-0.0975053 -0.290879 0)
(-0.0812209 -0.280015 0)
(-0.064162 -0.261377 0)
(-0.0470942 -0.234242 0)
(-0.0309676 -0.198103 0)
(-0.0168694 -0.152744 0)
(-0.00623955 -0.0982922 0)
(-0.00100421 -0.0352895 0)
(-0.0009021 0.034948 0)
(-0.00557516 0.0966244 0)
(-0.0150024 0.149313 0)
(-0.0273982 0.192749 0)
(-0.0414396 0.227101 0)
(-0.0561562 0.252851 0)
(-0.0707317 0.270701 0)
(-0.0845336 0.281492 0)
(-0.0971251 0.286122 0)
(-0.108243 0.285486 0)
(-0.117766 0.280433 0)
(-0.125688 0.271737 0)
(-0.132084 0.260081 0)
(-0.137085 0.246054 0)
(-0.140859 0.230152 0)
(-0.143592 0.212784 0)
(-0.145475 0.194279 0)
(-0.146694 0.174897 0)
(-0.147425 0.154841 0)
(-0.14783 0.134261 0)
(-0.14805 0.113265 0)
(-0.148209 0.0919301 0)
(-0.148407 0.0703032 0)
(-0.148724 0.0484129 0)
(-0.149217 0.0262724 0)
(-0.14992 0.00388644 0)
(-0.150841 -0.0187437 0)
(-0.151965 -0.0416141 0)
(-0.153249 -0.0647122 0)
(-0.154622 -0.08801 0)
(-0.155984 -0.111456 0)
(-0.157203 -0.134967 0)
(-0.158118 -0.158415 0)
(-0.158534 -0.181622 0)
(-0.158228 -0.204339 0)
(-0.156951 -0.226237 0)
(-0.154438 -0.246891 0)
(-0.150418 -0.265769 0)
(-0.144635 -0.282214 0)
(-0.136868 -0.295445 0)
(-0.126969 -0.304558 0)
(-0.114897 -0.308535 0)
(-0.10076 -0.306281 0)
(-0.0848654 -0.296669 0)
(-0.0677536 -0.278615 0)
(-0.0502283 -0.251165 0)
(-0.033335 -0.213602 0)
(-0.018314 -0.165546 0)
(-0.00683272 -0.107031 0)
(-0.001114 -0.0386124 0)
(-0.00100825 0.0379246 0)
(-0.00614686 0.10441 0)
(-0.0163838 0.160625 0)
(-0.0296337 0.206308 0)
(-0.0443493 0.241747 0)
(-0.0594173 0.267608 0)
(-0.0739387 0.284812 0)
(-0.0872541 0.294418 0)
(-0.098945 0.297525 0)
(-0.108798 0.295198 0)
(-0.116761 0.288421 0)
(-0.122901 0.278067 0)
(-0.127369 0.264891 0)
(-0.130368 0.249524 0)
(-0.132125 0.232486 0)
(-0.132881 0.214193 0)
(-0.132869 0.194972 0)
(-0.132311 0.175073 0)
(-0.131411 0.15468 0)
(-0.13035 0.133924 0)
(-0.129289 0.112895 0)
(-0.128362 0.0916439 0)
(-0.127682 0.0701972 0)
(-0.127337 0.0485596 0)
(-0.127389 0.0267206 0)
(-0.12788 0.00466062 0)
(-0.128823 -0.0176443 0)
(-0.130209 -0.0402168 0)
(-0.131999 -0.0630725 0)
(-0.134125 -0.0862132 0)
(-0.136489 -0.109619 0)
(-0.138955 -0.13324 0)
(-0.141357 -0.156984 0)
(-0.143485 -0.180705 0)
(-0.145095 -0.204187 0)
(-0.145906 -0.227127 0)
(-0.145607 -0.249119 0)
(-0.143868 -0.269631 0)
(-0.140355 -0.287989 0)
(-0.134756 -0.303363 0)
(-0.12682 -0.314762 0)
(-0.116398 -0.321037 0)
(-0.103496 -0.32091 0)
(-0.0883391 -0.313024 0)
(-0.0714294 -0.296025 0)
(-0.0535903 -0.268667 0)
(-0.0359618 -0.229954 0)
(-0.0199581 -0.179275 0)
(-0.0075222 -0.116527 0)
(-0.00124472 -0.0422654 0)
(-0.00114177 0.0412271 0)
(-0.00684831 0.11294 0)
(-0.0180432 0.17283 0)
(-0.0322542 0.220659 0)
(-0.0476544 0.256891 0)
(-0.0629663 0.282448 0)
(-0.0772101 0.298537 0)
(-0.0897179 0.306495 0)
(-0.100117 0.307661 0)
(-0.108271 0.303297 0)
(-0.114225 0.294531 0)
(-0.118143 0.282341 0)
(-0.120266 0.267543 0)
(-0.120878 0.250807 0)
(-0.120275 0.232663 0)
(-0.11875 0.213525 0)
(-0.116582 0.193706 0)
(-0.114023 0.173437 0)
(-0.111303 0.152879 0)
(-0.10862 0.132138 0)
(-0.106146 0.111277 0)
(-0.104026 0.0903228 0)
(-0.102379 0.069277 0)
(-0.101298 0.0481194 0)
(-0.100852 0.0268155 0)
(-0.101086 0.00532096 0)
(-0.102021 -0.0164136 0)
(-0.103651 -0.0384377 0)
(-0.105946 -0.0607955 0)
(-0.108842 -0.0835198 0)
(-0.112247 -0.106625 0)
(-0.11603 -0.130097 0)
(-0.120022 -0.153884 0)
(-0.124008 -0.177881 0)
(-0.127731 -0.201914 0)
(-0.130883 -0.225721 0)
(-0.133113 -0.248925 0)
(-0.134032 -0.271017 0)
(-0.133229 -0.29132 0)
(-0.130292 -0.308974 0)
(-0.124849 -0.322912 0)
(-0.116616 -0.331856 0)
(-0.105464 -0.334337 0)
(-0.0914967 -0.328737 0)
(-0.0751359 -0.313374 0)
(-0.0571951 -0.28664 0)
(-0.0388984 -0.247167 0)
(-0.0218528 -0.194021 0)
(-0.00833671 -0.126892 0)
(-0.0014034 -0.0463062 0)
(-0.00131331 0.0449339 0)
(-0.00772358 0.12237 0)
(-0.0200623 0.18607 0)
(-0.0353511 0.235859 0)
(-0.0514146 0.272465 0)
(-0.0667922 0.297171 0)
(-0.0804375 0.311561 0)
(-0.0917063 0.317319 0)
(-0.100311 0.316072 0)
(-0.106237 0.3093 0)
(-0.109652 0.298285 0)
(-0.110844 0.284102 0)
(-0.110162 0.26762 0)
(-0.107979 0.249528 0)
(-0.104663 0.230355 0)
(-0.100561 0.210497 0)
(-0.095988 0.190243 0)
(-0.0912263 0.169792 0)
(-0.0865213 0.149275 0)
(-0.0820837 0.128767 0)
(-0.0780918 0.108301 0)
(-0.0746939 0.0878768 0)
(-0.0720106 0.0674689 0)
(-0.0701373 0.0470324 0)
(-0.0691454 0.0265088 0)
(-0.0690833 0.00582971 0)
(-0.0699765 -0.0150786 0)
(-0.0718267 -0.0362914 0)
(-0.0746103 -0.0578808 0)
(-0.078275 -0.0799107 0)
(-0.0827371 -0.10243 0)
(-0.087876 -0.125464 0)
(-0.0935293 -0.149004 0)
(-0.099487 -0.172993 0)
(-0.105485 -0.197309 0)
(-0.111203 -0.221741 0)
(-0.116259 -0.245965 0)
(-0.120213 -0.269509 0)
(-0.122578 -0.291723 0)
(-0.122839 -0.311736 0)
(-0.120489 -0.328431 0)
(-0.115083 -0.340416 0)
(-0.106316 -0.346024 0)
(-0.094119 -0.343352 0)
(-0.0787776 -0.330337 0)
(-0.0610458 -0.304914 0)
(-0.0422045 -0.265223 0)
(-0.0240663 -0.209882 0)
(-0.00931685 -0.138261 0)
(-0.00160047 -0.0508107 0)
(-0.00153891 0.0491521 0)
(-0.00883517 0.132898 0)
(-0.022549 0.20051 0)
(-0.0390317 0.251946 0)
(-0.0556764 0.288338 0)
(-0.0708315 0.311477 0)
(-0.0834177 0.323446 0)
(-0.0928692 0.32636 0)
(-0.0990431 0.322182 0)
(-0.102092 0.312627 0)
(-0.102352 0.299129 0)
(-0.100259 0.282844 0)
(-0.0962829 0.264673 0)
(-0.090891 0.245303 0)
(-0.0845203 0.22524 0)
(-0.0775656 0.204846 0)
(-0.0703738 0.184369 0)
(-0.0632441 0.163969 0)
(-0.0564306 0.143735 0)
(-0.0501463 0.123708 0)
(-0.044568 0.103887 0)
(-0.0398404 0.0842416 0)
(-0.0360807 0.0647206 0)
(-0.0333812 0.0452545 0)
(-0.0318123 0.0257619 0)
(-0.0314234 0.00615263 0)
(-0.0322441 -0.0136695 0)
(-0.0342828 -0.033803 0)
(-0.0375257 -0.0543461 0)
(-0.0419334 -0.0753916 0)
(-0.047437 -0.0970222 0)
(-0.0539325 -0.119303 0)
(-0.061274 -0.142271 0)
(-0.0692657 -0.165922 0)
(-0.077653 -0.190194 0)
(-0.0861143 -0.214942 0)
(-0.0942527 -0.23991 0)
(-0.101592 -0.26469 0)
(-0.107581 -0.288686 0)
(-0.111602 -0.311054 0)
(-0.113007 -0.330658 0)
(-0.111167 -0.34602 0)
(-0.105557 -0.355293 0)
(-0.0958729 -0.356271 0)
(-0.0821875 -0.346457 0)
(-0.0651181 -0.323222 0)
(-0.0459478 -0.284065 0)
(-0.0266901 -0.226968 0)
(-0.0105212 -0.15081 0)
(-0.00185185 -0.0558817 0)
(-0.00184375 0.0540296 0)
(-0.0102738 0.144785 0)
(-0.0256459 0.216335 0)
(-0.0434143 0.268911 0)
(-0.060448 0.30427 0)
(-0.0749212 0.324915 0)
(-0.0857905 0.333588 0)
(-0.0926547 0.33293 0)
(-0.0955953 0.32528 0)
(-0.0949968 0.312596 0)
(-0.0914043 0.296441 0)
(-0.0854233 0.278023 0)
(-0.0776546 0.258245 0)
(-0.068657 0.237759 0)
(-0.058928 0.217025 0)
(-0.0488977 0.196347 0)
(-0.0389302 0.175919 0)
(-0.0293288 0.155847 0)
(-0.0203432 0.136176 0)
(-0.0121773 0.116904 0)
(-0.00499651 0.0979951 0)
(0.00106599 0.0793898 0)
(0.00590365 0.0610102 0)
(0.00943228 0.0427647 0)
(0.0115868 0.0245518 0)
(0.0123194 0.0062624 0)
(0.0115983 -0.0122183 0)
(0.00940823 -0.0310087 0)
(0.00575196 -0.050229 0)
(0.00065318 -0.0699979 0)
(-0.00583908 -0.0904289 0)
(-0.0136444 -0.111624 0)
(-0.0226429 -0.133668 0)
(-0.0326656 -0.15661 0)
(-0.0434829 -0.180456 0)
(-0.054791 -0.205136 0)
(-0.0661992 -0.230479 0)
(-0.0772173 -0.256172 0)
(-0.0872481 -0.281702 0)
(-0.0955897 -0.306297 0)
(-0.101454 -0.328852 0)
(-0.104013 -0.347852 0)
(-0.102481 -0.361305 0)
(-0.0962493 -0.366712 0)
(-0.0850769 -0.361098 0)
(-0.0693304 -0.34116 0)
(-0.0501949 -0.30356 0)
(-0.0298454 -0.245386 0)
(-0.0120361 -0.164765 0)
(-0.00218283 -0.0616609 0)
(-0.00226897 0.0597768 0)
(-0.0121741 0.158369 0)
(-0.0295386 0.233742 0)
(-0.0486115 0.286657 0)
(-0.0656493 0.319845 0)
(-0.0787199 0.336816 0)
(-0.0869415 0.341161 0)
(-0.090206 0.336143 0)
(-0.0889242 0.324504 0)
(-0.0837843 0.308419 0)
(-0.0755787 0.289542 0)
(-0.0650974 0.269083 0)
(-0.0530677 0.247898 0)
(-0.0401261 0.22657 0)
(-0.0268114 0.205476 0)
(-0.0135683 0.184846 0)
(-0.000757763 0.164799 0)
(0.0113312 0.145381 0)
(0.0224692 0.126584 0)
(0.0324751 0.108361 0)
(0.0412061 0.0906439 0)
(0.0485499 0.0733423 0)
(0.0544177 0.0563553 0)
(0.0587393 0.0395723 0)
(0.0614594 0.0228759 0)
(0.0625347 0.00614232 0)
(0.0619331 -0.0107571 0)
(0.0596333 -0.0279554 0)
(0.0556262 -0.0455896 0)
(0.0499175 -0.063799 0)
(0.0425322 -0.0827228 0)
(0.0335206 -0.102497 0)
(0.0229668 -0.123247 0)
(0.0109998 -0.145078 0)
(-0.00219262 -0.168064 0)
(-0.0163471 -0.19222 0)
(-0.0311054 -0.217475 0)
(-0.0459936 -0.243631 0)
(-0.0604023 -0.270301 0)
(-0.0735739 -0.296832 0)
(-0.0846029 -0.322216 0)
(-0.0924636 -0.344972 0)
(-0.0960816 -0.363034 0)
(-0.0944698 -0.373657 0)
(-0.0869535 -0.373375 0)
(-0.0734873 -0.358106 0)
(-0.0549897 -0.323443 0)
(-0.0336901 -0.265228 0)
(-0.0139914 -0.180418 0)
(-0.00263518 -0.068351 0)
(-0.00288454 0.0667015 0)
(-0.0147398 0.174084 0)
(-0.034461 0.252894 0)
(-0.0546863 0.304905 0)
(-0.0710138 0.334365 0)
(-0.0815713 0.346191 0)
(-0.0858486 0.345042 0)
(-0.0842119 0.33488 0)
(-0.0775274 0.318831 0)
(-0.0668557 0.299228 0)
(-0.0532618 0.277737 0)
(-0.0377146 0.255499 0)
(-0.0210444 0.233264 0)
(-0.00393559 0.211497 0)
(0.0130645 0.190464 0)
(0.0295269 0.170292 0)
(0.0451208 0.151019 0)
(0.0595941 0.132621 0)
(0.0727562 0.115033 0)
(0.0844638 0.0981681 0)
(0.0946087 0.0819216 0)
(0.103109 0.0661797 0)
(0.1099 0.0508221 0)
(0.114932 0.0357244 0)
(0.118163 0.0207578 0)
(0.119557 0.00579011 0)
(0.119085 -0.00931543 0)
(0.116721 -0.0247004 0)
(0.112442 -0.0405118 0)
(0.106236 -0.0569024 0)
(0.0981001 -0.0740302 0)
(0.0880497 -0.092057 0)
(0.0761247 -0.111144 0)
(0.0624017 -0.131448 0)
(0.0470092 -0.153104 0)
(0.0301464 -0.176217 0)
(0.0121081 -0.200825 0)
(-0.00668659 -0.226864 0)
(-0.025662 -0.254106 0)
(-0.0440539 -0.282077 0)
(-0.0608851 -0.309938 0)
(-0.0749639 -0.336343 0)
(-0.0849245 -0.359264 0)
(-0.0893451 -0.375807 0)
(-0.0869851 -0.382066 0)
(-0.0771742 -0.373112 0)
(-0.0603002 -0.343223 0)
(-0.0384183 -0.286518 0)
(-0.0165854 -0.198141 0)
(-0.00328052 -0.0762503 0)
(-0.00381329 0.0752689 0)
(-0.018282 0.192482 0)
(-0.040681 0.273843 0)
(-0.0615471 0.323046 0)
(-0.0759036 0.346691 0)
(-0.0822745 0.351612 0)
(-0.0808482 0.343749 0)
(-0.0726979 0.327775 0)
(-0.0592745 0.307111 0)
(-0.0420575 0.284126 0)
(-0.0223747 0.260381 0)
(-0.00133511 0.236852 0)
(0.0201783 0.214111 0)
(0.041486 0.192456 0)
(0.0620787 0.172012 0)
(0.0815834 0.152789 0)
(0.0997317 0.134732 0)
(0.116334 0.117747 0)
(0.131258 0.101715 0)
(0.144414 0.0865109 0)
(0.155738 0.0720012 0)
(0.165187 0.0580532 0)
(0.172728 0.044534 0)
(0.178335 0.0313113 0)
(0.181983 0.0182518 0)
(0.183649 0.00522115 0)
(0.183304 -0.00791863 0)
(0.18092 -0.0213103 0)
(0.176465 -0.0351034 0)
(0.169906 -0.0494559 0)
(0.161212 -0.0645354 0)
(0.15036 -0.0805198 0)
(0.13734 -0.0975966 0)
(0.122166 -0.11596 0)
(0.104892 -0.135805 0)
(0.0856309 -0.157313 0)
(0.0645809 -0.180634 0)
(0.0420619 -0.205849 0)
(0.0185591 -0.232916 0)
(-0.00522647 -0.261585 0)
(-0.0283234 -0.291274 0)
(-0.0494463 -0.320892 0)
(-0.0669851 -0.348603 0)
(-0.0790696 -0.371541 0)
(-0.0837785 -0.385508 0)
(-0.0795655 -0.384751 0)
(-0.0659003 -0.362015 0)
(-0.0442369 -0.30911 0)
(-0.0201215 -0.218397 0)
(-0.0042451 -0.085814 0)
(-0.00527453 0.0862078 0)
(-0.0232684 0.214213 0)
(-0.048425 0.296337 0)
(-0.0687106 0.339874 0)
(-0.0789609 0.355004 0)
(-0.0787039 0.351061 0)
(-0.0692871 0.335385 0)
(-0.0527467 0.313241 0)
(-0.0312087 0.288143 0)
(-0.00655561 0.262296 0)
(0.0196915 0.236993 0)
(0.0463721 0.212934 0)
(0.0726372 0.190437 0)
(0.097887 0.169594 0)
(0.121711 0.150366 0)
(0.14384 0.13264 0)
(0.164101 0.116271 0)
(0.182394 0.101097 0)
(0.198663 0.0869562 0)
(0.212881 0.0736914 0)
(0.225041 0.0611514 0)
(0.235143 0.0491923 0)
(0.243189 0.0376765 0)
(0.249181 0.026471 0)
(0.253113 0.0154457 0)
(0.254973 0.00447073 0)
(0.254741 -0.00658573 0)
(0.252385 -0.0178602 0)
(0.247864 -0.0294965 0)
(0.241128 -0.0416486 0)
(0.232118 -0.0544835 0)
(0.220773 -0.0681836 0)
(0.207031 -0.0829489 0)
(0.190838 -0.0989979 0)
(0.172164 -0.116566 0)
(0.151016 -0.135901 0)
(0.127468 -0.157249 0)
(0.101695 -0.180831 0)
(0.0740282 -0.206801 0)
(0.0450185 -0.235168 0)
(0.0155213 -0.26568 0)
(-0.0132109 -0.297628 0)
(-0.0394442 -0.329569 0)
(-0.0609328 -0.358927 0)
(-0.0750319 -0.381493 0)
(-0.0790772 -0.390898 0)
(-0.0711136 -0.378272 0)
(-0.0512714 -0.332485 0)
(-0.0250518 -0.241711 0)
(-0.00575395 -0.0977608 0)
(-0.00765441 0.100683 0)
(-0.0303551 0.23992 0)
(-0.0576316 0.319433 0)
(-0.0747833 0.353154 0)
(-0.0774715 0.356502 0)
(-0.0672029 0.341802 0)
(-0.0470345 0.31767 0)
(-0.0201569 0.289608 0)
(0.0106582 0.260862 0)
(0.0432584 0.23319 0)
(0.0760912 0.207433 0)
(0.108095 0.183896 0)
(0.138578 0.162592 0)
(0.167114 0.143382 0)
(0.193461 0.126061 0)
(0.217498 0.110402 0)
(0.239183 0.0961816 0)
(0.258521 0.0831891 0)
(0.275546 0.0712321 0)
(0.290304 0.0601361 0)
(0.302844 0.0497428 0)
(0.313213 0.0399082 0)
(0.32145 0.0304989 0)
(0.327582 0.0213899 0)
(0.331624 0.0124611 0)
(0.333579 0.00359439 0)
(0.333431 -0.00532907 0)
(0.331149 -0.0144323 0)
(0.326687 -0.0238455 0)
(0.319979 -0.0337097 0)
(0.310943 -0.0441805 0)
(0.299483 -0.0554321 0)
(0.285488 -0.0676616 0)
(0.26884 -0.0810931 0)
(0.249419 -0.0959816 0)
(0.22712 -0.112614 0)
(0.201872 -0.131308 0)
(0.17367 -0.152401 0)
(0.14263 -0.176224 0)
(0.109059 -0.203052 0)
(0.0735609 -0.233003 0)
(0.0371731 -0.265861 0)
(0.00153667 -0.300783 0)
(-0.0309393 -0.335822 0)
(-0.0570058 -0.36722 0)
(-0.0727608 -0.388478 0)
(-0.0742791 -0.389361 0)
(-0.0592845 -0.355323 0)
(-0.0319918 -0.268524 0)
(-0.00819917 -0.113241 0)
(-0.0115741 0.120523 0)
(-0.0402532 0.269849 0)
(-0.0672415 0.340745 0)
(-0.0763676 0.358994 0)
(-0.0662435 0.347102 0)
(-0.0416708 0.320411 0)
(-0.00785888 0.288175 0)
(0.0309086 0.255444 0)
(0.0714867 0.224669 0)
(0.111767 0.196833 0)
(0.150439 0.172145 0)
(0.186748 0.150445 0)
(0.22031 0.131421 0)
(0.25097 0.114717 0)
(0.278713 0.0999888 0)
(0.303605 0.0869257 0)
(0.325752 0.0752543 0)
(0.345274 0.0647392 0)
(0.362297 0.0551783 0)
(0.376937 0.0463976 0)
(0.389297 0.0382459 0)
(0.399467 0.0305901 0)
(0.407517 0.0233109 0)
(0.4135 0.0162986 0)
(0.417448 0.00945022 0)
(0.419374 0.00266561 0)
(0.419273 -0.00415531 0)
(0.417114 -0.0111158 0)
(0.412847 -0.0183258 0)
(0.406398 -0.0259054 0)
(0.397669 -0.0339891 0)
(0.386535 -0.0427305 0)
(0.372846 -0.052308 0)
(0.356429 -0.0629314 0)
(0.337084 -0.0748489 0)
(0.314599 -0.0883553 0)
(0.288754 -0.103799 0)
(0.259352 -0.121587 0)
(0.22625 -0.142182 0)
(0.189432 -0.166081 0)
(0.14911 -0.193757 0)
(0.10589 -0.225538 0)
(0.0610048 -0.261343 0)
(0.0166323 -0.300209 0)
(-0.0237745 -0.339447 0)
(-0.0552848 -0.373289 0)
(-0.0716714 -0.390992 0)
(-0.0669128 -0.374741 0)
(-0.0415364 -0.298748 0)
(-0.0121936 -0.134045 0)
(-0.0177485 0.148551 0)
(-0.0528822 0.30281 0)
(-0.0732995 0.355066 0)
(-0.0658501 0.351045 0)
(-0.0357686 0.321364 0)
(0.00765668 0.283171 0)
(0.0572132 0.244933 0)
(0.108134 0.210187 0)
(0.15755 0.179981 0)
(0.203921 0.154243 0)
(0.246543 0.132469 0)
(0.285202 0.114047 0)
(0.319954 0.0983936 0)
(0.350987 0.0850004 0)
(0.378546 0.0734446 0)
(0.402893 0.0633804 0)
(0.424274 0.0545267 0)
(0.44292 0.0466553 0)
(0.459031 0.0395792 0)
(0.472781 0.0331436 0)
(0.484318 0.0272188 0)
(0.49376 0.0216935 0)
(0.501203 0.0164705 0)
(0.506715 0.0114623 0)
(0.510343 0.00658808 0)
(0.512109 0.00177009 0)
(0.512013 -0.00306874 0)
(0.510029 -0.00800787 0)
(0.506108 -0.013132 0)
(0.500172 -0.0185346 0)
(0.492115 -0.0243215 0)
(0.481798 -0.0306157 0)
(0.469047 -0.0375633 0)
(0.453651 -0.0453407 0)
(0.435354 -0.0541635 0)
(0.413859 -0.0642985 0)
(0.388821 -0.0760773 0)
(0.359863 -0.0899136 0)
(0.326586 -0.10632 0)
(0.288614 -0.125922 0)
(0.245672 -0.149457 0)
(0.197728 -0.177723 0)
(0.145249 -0.211438 0)
(0.0896103 -0.25087 0)
(0.0336942 -0.295038 0)
(-0.0173573 -0.340116 0)
(-0.055421 -0.376582 0)
(-0.0697306 -0.384945 0)
(-0.0532977 -0.330658 0)
(-0.0183758 -0.162888 0)
(-0.0258806 0.189372 0)
(-0.0643844 0.333672 0)
(-0.0643981 0.351754 0)
(-0.0272764 0.319467 0)
(0.0304604 0.272791 0)
(0.0955011 0.227022 0)
(0.16022 0.187481 0)
(0.220818 0.15502 0)
(0.27575 0.128864 0)
(0.324686 0.107853 0)
(0.367879 0.090887 0)
(0.405818 0.0770594 0)
(0.439052 0.0656594 0)
(0.468114 0.0561435 0)
(0.493484 0.0480988 0)
(0.51558 0.0412106 0)
(0.534755 0.0352371 0)
(0.551311 0.0299906 0)
(0.565496 0.0253229 0)
(0.577515 0.0211153 0)
(0.587536 0.0172708 0)
(0.595693 0.0137084 0)
(0.602089 0.0103586 0)
(0.606802 0.00716011 0)
(0.609883 0.00405685 0)
(0.611359 0.000995649 0)
(0.611234 -0.00207598 0)
(0.609489 -0.005212 0)
(0.606077 -0.00847011 0)
(0.600925 -0.0119143 0)
(0.593931 -0.0156179 0)
(0.584957 -0.0196674 0)
(0.573825 -0.0241672 0)
(0.560314 -0.0292462 0)
(0.544146 -0.0350665 0)
(0.524981 -0.0418349 0)
(0.502401 -0.0498192 0)
(0.475907 -0.0593705 0)
(0.444901 -0.0709529 0)
(0.408695 -0.0851825 0)
(0.36653 -0.102874 0)
(0.317651 -0.125085 0)
(0.261479 -0.15312 0)
(0.197984 -0.188411 0)
(0.128394 -0.232032 0)
(0.0564297 -0.283307 0)
(-0.00983778 -0.336564 0)
(-0.0558665 -0.374863 0)
(-0.0627813 -0.358347 0)
(-0.0261687 -0.204117 0)
(-0.0296293 0.246724 0)
(-0.0583988 0.346547 0)
(-0.0119575 0.311495 0)
(0.0703987 0.251533 0)
(0.159094 0.196214 0)
(0.242193 0.152097 0)
(0.31563 0.118864 0)
(0.37876 0.0942144 0)
(0.432447 0.0758291 0)
(0.478011 0.0619128 0)
(0.51675 0.0511834 0)
(0.549794 0.0427488 0)
(0.578077 0.0359904 0)
(0.602351 0.0304761 0)
(0.623222 0.0258996 0)
(0.641171 0.0220401 0)
(0.656586 0.0187352 0)
(0.669776 0.0158634 0)
(0.68099 0.0133315 0)
(0.690428 0.0110667 0)
(0.698248 0.009011 0)
(0.704576 0.00711666 0)
(0.709507 0.00534351 0)
(0.713114 0.00365655 0)
(0.715443 0.00202419 0)
(0.716521 0.000416693 0)
(0.716356 -0.00119512 0)
(0.71493 -0.00284119 0)
(0.712208 -0.0045536 0)
(0.708128 -0.00636813 0)
(0.702603 -0.00832612 0)
(0.695513 -0.0104769 0)
(0.686704 -0.0128808 0)
(0.675974 -0.0156139 0)
(0.663068 -0.0187734 0)
(0.647663 -0.0224872 0)
(0.629346 -0.0269259 0)
(0.607594 -0.0323221 0)
(0.581743 -0.0389996 0)
(0.550947 -0.0474165 0)
(0.51414 -0.0582331 0)
(0.469995 -0.0724109 0)
(0.416931 -0.0913505 0)
(0.353235 -0.11705 0)
(0.277534 -0.152157 0)
(0.18996 -0.199438 0)
(0.0943119 -0.259599 0)
(0.00284619 -0.32558 0)
(-0.052831 -0.364955 0)
(-0.0285072 -0.260371 0)
(0.0100401 0.28671 0)
(0.0248624 0.299723 0)
(0.150353 0.214158 0)
(0.281623 0.145882 0)
(0.387786 0.100249 0)
(0.47134 0.070551 0)
(0.537221 0.0512909 0)
(0.589414 0.0385741 0)
(0.631222 0.0298979 0)
(0.665177 0.023755 0)
(0.693115 0.0192483 0)
(0.716357 0.015834 0)
(0.735868 0.0131735 0)
(0.752356 0.0110487 0)
(0.766356 0.00931494 0)
(0.778271 0.00787262 0)
(0.788413 0.00665144 0)
(0.797025 0.00560026 0)
(0.804297 0.00468091 0)
(0.810378 0.00386418 0)
(0.815386 0.00312712 0)
(0.819412 0.00245122 0)
(0.822525 0.00182105 0)
(0.824777 0.00122337 0)
(0.826203 0.000646289 0)
(0.826822 7.87307e-05 0)
(0.82664 -0.000490152 0)
(0.825647 -0.00107147 0)
(0.823819 -0.00167715 0)
(0.821114 -0.00232056 0)
(0.817471 -0.00301725 0)
(0.812808 -0.00378596 0)
(0.807015 -0.00464993 0)
(0.799949 -0.00563876 0)
(0.791424 -0.00679113 0)
(0.781201 -0.00815881 0)
(0.768966 -0.00981284 0)
(0.754308 -0.0118533 0)
(0.73668 -0.0144257 0)
(0.715349 -0.0177479 0)
(0.689308 -0.0221586 0)
(0.657166 -0.0282037 0)
(0.616966 -0.0367922 0)
(0.565963 -0.0494768 0)
(0.500471 -0.0689027 0)
(0.415933 -0.0993374 0)
(0.306696 -0.146963 0)
(0.169408 -0.218966 0)
(0.0356164 -0.308497 0)
(0.0145891 -0.294729 0)
(0.301251 0.14701 0)
(0.400424 0.127488 0)
(0.564643 0.0751789 0)
(0.682464 0.0427889 0)
(0.752591 0.0251228 0)
(0.797597 0.0154523 0)
(0.828866 0.0100763 0)
(0.851606 0.00698489 0)
(0.868782 0.00510834 0)
(0.88219 0.00389656 0)
(0.892925 0.00306674 0)
(0.901682 0.00246895 0)
(0.908923 0.00201994 0)
(0.91497 0.00167107 0)
(0.920055 0.00139236 0)
(0.924346 0.00116441 0)
(0.927971 0.000974103 0)
(0.931028 0.000812215 0)
(0.933591 0.000672055 0)
(0.935721 0.000548615 0)
(0.93746 0.000438034 0)
(0.938846 0.000337246 0)
(0.939905 0.000243736 0)
(0.940656 0.000155365 0)
(0.941113 7.02394e-05 0)
(0.941283 -1.33972e-05 0)
(0.941168 -9.72591e-05 0)
(0.940766 -0.000183104 0)
(0.940065 -0.000272821 0)
(0.939052 -0.000368543 0)
(0.937704 -0.000472779 0)
(0.935988 -0.000588587 0)
(0.933864 -0.000719813 0)
(0.931276 -0.000871441 0)
(0.928153 -0.00105011 0)
(0.9244 -0.00126491 0)
(0.919893 -0.0015287 0)
(0.914465 -0.00186026 0)
(0.907887 -0.00228823 0)
(0.89984 -0.00285847 0)
(0.889867 -0.00364848 0)
(0.87728 -0.00479726 0)
(0.860999 -0.00656843 0)
(0.839242 -0.00948377 0)
(0.809014 -0.0145901 0)
(0.765011 -0.0239422 0)
(0.695657 -0.0414637 0)
(0.577236 -0.074311 0)
(0.408944 -0.128032 0)
(0.304996 -0.148435 0)
)
;

boundaryField
{
    movingWall
    {
        type            fixedValue;
        value           uniform (1 0 0);
    }
    fixedWalls
    {
        type            noSlip;
    }
    frontAndBack
    {
        type            empty;
    }
}


// ************************************************************************* //
