/*--------------------------------*- C++ -*----------------------------------*\
| =========                 |                                                 |
| \\      /  F ield         | OpenFOAM: The Open Source CFD Toolbox           |
|  \\    /   O peration     | Version:  v2012                                 |
|   \\  /    A nd           | Website:  www.openfoam.com                      |
|    \\/     M anipulation  |                                                 |
\*---------------------------------------------------------------------------*/
FoamFile
{
    version     2.0;
    format      ascii;
    class       surfaceScalarField;
    location    "0.2";
    object      phi;
}
// * * * * * * * * * * * * * * * * * * * * * * * * * * * * * * * * * * * * * //

dimensions      [0 3 -1 0 0 0 0];
oriented        oriented;


internalField   nonuniform List<scalar> 
4900
(
1.17856e-09
-1.18468e-09
2.41633e-09
-1.23768e-09
2.51552e-09
-9.91397e-11
1.03818e-09
1.4773e-09
-2.09601e-09
3.13412e-09
-6.79914e-09
4.70306e-09
-1.29011e-08
6.10188e-09
-2.01943e-08
7.29313e-09
-2.8457e-08
8.26266e-09
-3.74654e-08
9.00842e-09
-4.70006e-08
9.53511e-09
-5.6852e-08
9.8513e-09
-6.682e-08
9.96786e-09
-7.67171e-08
9.89703e-09
-8.6369e-08
9.65188e-09
-9.56151e-08
9.24595e-09
-1.04308e-07
8.69305e-09
-1.12315e-07
8.00714e-09
-1.19518e-07
7.2023e-09
-1.2581e-07
6.29268e-09
-1.31103e-07
5.2926e-09
-1.3532e-07
4.21653e-09
-1.38399e-07
3.07919e-09
-1.40295e-07
1.89563e-09
-1.40976e-07
6.8133e-10
-1.40428e-07
-5.47801e-10
-1.38653e-07
-1.77547e-09
-1.35668e-07
-2.98485e-09
-1.31509e-07
-4.15855e-09
-1.2623e-07
-5.27883e-09
-1.19903e-07
-6.32766e-09
-1.12616e-07
-7.28681e-09
-1.04478e-07
-8.13798e-09
-9.56146e-08
-8.86305e-09
-8.61702e-08
-9.44436e-09
-7.63051e-08
-9.86495e-09
-6.61962e-08
-1.01089e-08
-5.60345e-08
-1.01616e-08
-4.6024e-08
-1.00104e-08
-3.63793e-08
-9.64468e-09
-2.73223e-08
-9.05692e-09
-1.9079e-08
-8.24328e-09
-1.18737e-08
-7.20523e-09
-5.92152e-09
-5.95211e-09
-1.41521e-09
-4.50628e-09
1.49864e-09
-2.91384e-09
2.76358e-09
-1.26494e-09
2.49572e-09
2.67839e-10
1.17405e-09
1.32166e-09
1.17404e-09
1.24912e-09
-2.43376e-09
1.44715e-09
-1.43567e-09
-1.16036e-09
2.50831e-09
-7.37982e-09
7.69671e-09
-1.74612e-08
1.32155e-08
-3.12963e-08
1.85382e-08
-4.856e-08
2.33656e-08
-6.88028e-08
2.7536e-08
-9.15094e-08
3.09692e-08
-1.16134e-07
3.36335e-08
-1.42126e-07
3.55272e-08
-1.68943e-07
3.66677e-08
-1.9606e-07
3.70848e-08
-2.22979e-07
3.68162e-08
-2.49232e-07
3.5905e-08
-2.74384e-07
3.43977e-08
-2.98034e-07
3.23433e-08
-3.19819e-07
2.97922e-08
-3.39413e-07
2.67963e-08
-3.56528e-07
2.3408e-08
-3.70916e-07
1.9681e-08
-3.8237e-07
1.56699e-08
-3.90721e-07
1.14303e-08
-3.95845e-07
7.0194e-09
-3.97659e-07
2.49551e-09
-3.96125e-07
-2.08135e-09
-3.91251e-07
-6.64955e-09
-3.83091e-07
-1.11458e-08
-3.71744e-07
-1.55054e-08
-3.5736e-07
-1.96623e-08
-3.40138e-07
-2.35497e-08
-3.20325e-07
-2.71004e-08
-2.98215e-07
-3.02474e-08
-2.74153e-07
-3.29252e-08
-2.48528e-07
-3.507e-08
-2.21771e-07
-3.66216e-08
-1.94356e-07
-3.75243e-08
-1.66789e-07
-3.77285e-08
-1.39607e-07
-3.71925e-08
-1.13367e-07
-3.58847e-08
-8.86374e-08
-3.37866e-08
-6.59838e-08
-3.08969e-08
-4.59515e-08
-2.72376e-08
-2.90395e-08
-2.28641e-08
-1.56632e-08
-1.78826e-08
-6.09677e-09
-1.24803e-08
-3.83151e-10
-6.97859e-09
1.80323e-09
-1.91856e-09
1.33357e-09
1.7913e-09
2.50761e-09
1.54312e-10
-2.58804e-09
-2.40364e-09
1.12223e-09
-9.3464e-09
9.451e-09
-2.15107e-08
1.98609e-08
-3.91622e-08
3.0867e-08
-6.21547e-08
4.15306e-08
-9.00589e-08
5.12698e-08
-1.22264e-07
5.97407e-08
-1.58047e-07
6.67529e-08
-1.96629e-07
7.22152e-08
-2.37204e-07
7.61022e-08
-2.78969e-07
7.84325e-08
-3.21139e-07
7.92549e-08
-3.62961e-07
7.86384e-08
-4.03723e-07
7.66664e-08
-4.42757e-07
7.3432e-08
-4.79449e-07
6.90351e-08
-5.13237e-07
6.35807e-08
-5.43618e-07
5.71774e-08
-5.70147e-07
4.99369e-08
-5.9244e-07
4.19735e-08
-6.10174e-07
3.3404e-08
-6.23092e-07
2.43482e-08
-6.31001e-07
1.49284e-08
-6.33776e-07
5.27025e-09
-6.3136e-07
-4.49733e-09
-6.23767e-07
-1.42423e-08
-6.11083e-07
-2.38294e-08
-5.93468e-07
-3.31205e-08
-5.71155e-07
-4.19754e-08
-5.44453e-07
-5.02524e-08
-5.13743e-07
-5.78097e-08
-4.79484e-07
-6.45068e-08
-4.42203e-07
-7.02065e-08
-4.02496e-07
-7.47766e-08
-3.61024e-07
-7.80933e-08
-3.18505e-07
-8.00433e-08
-2.75706e-07
-8.05278e-08
-2.33432e-07
-7.94666e-08
-1.92513e-07
-7.68031e-08
-1.53789e-07
-7.25108e-08
-1.18083e-07
-6.66027e-08
-8.61771e-08
-5.91439e-08
-5.87698e-08
-5.02715e-08
-3.64275e-08
-4.02249e-08
-1.9512e-08
-2.93959e-08
-8.0836e-09
-1.8407e-08
-1.78098e-09
-8.22121e-09
3.29415e-10
-3.19117e-10
2.83702e-09
-1.37672e-09
-1.21132e-09
-7.52009e-09
7.26552e-09
-1.9697e-08
2.16279e-08
-3.8548e-08
3.87118e-08
-6.42182e-08
5.65371e-08
-9.64594e-08
7.37718e-08
-1.3473e-07
8.954e-08
-1.7828e-07
1.03291e-07
-2.26227e-07
1.147e-07
-2.77606e-07
1.23594e-07
-3.31413e-07
1.29909e-07
-3.86637e-07
1.33656e-07
-4.42282e-07
1.349e-07
-4.97388e-07
1.33744e-07
-5.51038e-07
1.30317e-07
-6.02374e-07
1.24768e-07
-6.50599e-07
1.1726e-07
-6.94986e-07
1.07967e-07
-7.34878e-07
9.70699e-08
-7.69698e-07
8.47564e-08
-7.98944e-07
7.12197e-08
-8.22198e-07
5.6658e-08
-8.39124e-07
4.12744e-08
-8.49473e-07
2.52773e-08
-8.53083e-07
8.8802e-09
-8.49882e-07
-7.69781e-09
-8.39892e-07
-2.42326e-08
-8.23227e-07
-4.0495e-08
-8.00095e-07
-5.62516e-08
-7.70805e-07
-7.12656e-08
-7.35759e-07
-8.5299e-08
-6.95455e-07
-9.81138e-08
-6.50486e-07
-1.09475e-07
-6.01537e-07
-1.19155e-07
-5.49379e-07
-1.26935e-07
-4.94861e-07
-1.32611e-07
-4.38904e-07
-1.36e-07
-3.8249e-07
-1.36942e-07
-3.26642e-07
-1.35315e-07
-2.72411e-07
-1.31034e-07
-2.20852e-07
-1.2407e-07
-1.72992e-07
-1.14462e-07
-1.29799e-07
-1.02337e-07
-9.21316e-08
-8.79386e-08
-6.0688e-08
-7.16684e-08
-3.59325e-08
-5.41514e-08
-1.80126e-08
-3.6327e-08
-6.66592e-09
-1.95679e-08
-1.12772e-09
-5.85734e-09
1.7093e-09
-3.01826e-09
1.80693e-09
-1.31018e-08
1.7349e-08
-3.09615e-08
3.94876e-08
-5.69062e-08
6.46565e-08
-9.08592e-08
9.04901e-08
-1.32408e-07
1.1532e-07
-1.80868e-07
1.38e-07
-2.35352e-07
1.57776e-07
-2.9483e-07
1.74178e-07
-3.5818e-07
1.86944e-07
-4.24234e-07
1.95963e-07
-4.91811e-07
2.01233e-07
-5.59741e-07
2.02831e-07
-6.26893e-07
2.00895e-07
-6.92181e-07
1.95605e-07
-7.54586e-07
1.87173e-07
-8.13161e-07
1.75834e-07
-8.67036e-07
1.61842e-07
-9.1543e-07
1.45463e-07
-9.57649e-07
1.26976e-07
-9.93096e-07
1.06666e-07
-1.02127e-06
8.48305e-08
-1.04177e-06
6.17719e-08
-1.05429e-06
3.78017e-08
-1.05865e-06
1.32392e-08
-1.05476e-06
-1.15883e-08
-1.04265e-06
-3.63463e-08
-1.02245e-06
-6.06931e-08
-9.94417e-07
-8.42813e-08
-9.58923e-07
-1.06759e-07
-9.16448e-07
-1.27774e-07
-8.67587e-07
-1.46975e-07
-8.13049e-07
-1.64014e-07
-7.53648e-07
-1.78557e-07
-6.903e-07
-1.90283e-07
-6.24013e-07
-1.98898e-07
-5.55878e-07
-2.04135e-07
-4.87052e-07
-2.05769e-07
-4.1874e-07
-2.03627e-07
-3.52175e-07
-1.97599e-07
-2.8859e-07
-1.87655e-07
-2.29183e-07
-1.73869e-07
-1.75083e-07
-1.56438e-07
-1.27295e-07
-1.35726e-07
-8.66541e-08
-1.12309e-07
-5.37599e-08
-8.70457e-08
-2.89116e-08
-6.11753e-08
-1.20486e-08
-3.64309e-08
-2.70623e-09
-1.51997e-08
-9.96961e-10
-4.63689e-09
6.44381e-09
-1.87378e-08
3.14498e-08
-4.24349e-08
6.31847e-08
-7.5638e-08
9.78595e-08
-1.17983e-07
1.32835e-07
-1.68842e-07
1.66179e-07
-2.27356e-07
1.96514e-07
-2.92483e-07
2.22902e-07
-3.63046e-07
2.4474e-07
-4.37779e-07
2.61677e-07
-5.15369e-07
2.73553e-07
-5.94486e-07
2.8035e-07
-6.73816e-07
2.82161e-07
-7.52079e-07
2.79159e-07
-8.28053e-07
2.71579e-07
-9.00582e-07
2.59702e-07
-9.68591e-07
2.43844e-07
-1.0311e-06
2.24346e-07
-1.0872e-06
2.01572e-07
-1.13613e-06
1.75901e-07
-1.17719e-06
1.47728e-07
-1.20982e-06
1.17457e-07
-1.23355e-06
8.55073e-08
-1.24806e-06
5.23069e-08
-1.25311e-06
1.82956e-08
-1.24863e-06
-1.6076e-08
-1.23463e-06
-5.03476e-08
-1.21127e-06
-8.40495e-08
-1.17885e-06
-1.16705e-07
-1.13777e-06
-1.47832e-07
-1.0886e-06
-1.76948e-07
-1.032e-06
-2.03571e-07
-9.68786e-07
-2.27231e-07
-8.99872e-07
-2.4747e-07
-8.26299e-07
-2.63857e-07
-7.49207e-07
-2.75989e-07
-6.69829e-07
-2.83513e-07
-5.89469e-07
-2.86128e-07
-5.09489e-07
-2.83607e-07
-4.31276e-07
-2.75811e-07
-3.5622e-07
-2.62712e-07
-2.85673e-07
-2.44416e-07
-2.20914e-07
-2.21198e-07
-1.63099e-07
-1.93541e-07
-1.13218e-07
-1.6219e-07
-7.20405e-08
-1.28224e-07
-4.00691e-08
-9.31466e-08
-1.75109e-08
-5.89891e-08
-4.26979e-09
-2.84408e-08
-5.26679e-09
-6.18094e-09
1.26248e-08
-2.42339e-08
4.95027e-08
-5.37481e-08
9.26989e-08
-9.42151e-08
1.38326e-07
-1.44949e-07
1.83569e-07
-2.05069e-07
2.26299e-07
-2.73512e-07
2.64958e-07
-3.49064e-07
2.98454e-07
-4.30393e-07
3.2607e-07
-5.1609e-07
3.47374e-07
-6.04703e-07
3.62166e-07
-6.9477e-07
3.70417e-07
-7.84847e-07
3.72238e-07
-8.7353e-07
3.67842e-07
-9.59475e-07
3.57524e-07
-1.04141e-06
3.4164e-07
-1.11816e-06
3.20592e-07
-1.18864e-06
2.94821e-07
-1.25186e-06
2.64794e-07
-1.30696e-06
2.31003e-07
-1.35319e-06
1.93958e-07
-1.38992e-06
1.54188e-07
-1.41665e-06
1.12235e-07
-1.433e-06
6.86575e-08
-1.43873e-06
2.4028e-08
-1.43374e-06
-2.10678e-08
-1.41806e-06
-6.60308e-08
-1.39186e-06
-1.10251e-07
-1.35545e-06
-1.53109e-07
-1.3093e-06
-1.9398e-07
-1.25402e-06
-2.32237e-07
-1.19033e-06
-2.67259e-07
-1.11912e-06
-2.98435e-07
-1.04142e-06
-3.25178e-07
-9.58345e-07
-3.46928e-07
-8.71163e-07
-3.63172e-07
-7.81222e-07
-3.73454e-07
-6.89958e-07
-3.77392e-07
-5.98866e-07
-3.74699e-07
-5.09475e-07
-3.65202e-07
-4.23318e-07
-3.48869e-07
-3.41896e-07
-3.25838e-07
-2.66641e-07
-2.96453e-07
-1.98871e-07
-2.61311e-07
-1.39751e-07
-2.2131e-07
-9.02503e-08
-1.77724e-07
-5.11154e-08
-1.32281e-07
-2.28559e-08
-8.72486e-08
-5.76473e-09
-4.5532e-08
-1.10316e-08
-7.63841e-09
2.02632e-08
-2.95176e-08
7.13819e-08
-6.4739e-08
1.2792e-07
-1.12384e-07
1.85972e-07
-1.71432e-07
2.42617e-07
-2.40726e-07
2.95594e-07
-3.18979e-07
3.43211e-07
-4.04784e-07
3.8426e-07
-4.96645e-07
4.1793e-07
-5.93003e-07
4.43732e-07
-6.92271e-07
4.61434e-07
-7.92861e-07
4.71007e-07
-8.93211e-07
4.72587e-07
-9.91803e-07
4.66435e-07
-1.08719e-06
4.5291e-07
-1.178e-06
4.32452e-07
-1.26297e-06
4.05558e-07
-1.34092e-06
3.72772e-07
-1.4108e-06
3.34677e-07
-1.47168e-06
2.91883e-07
-1.52275e-06
2.45026e-07
-1.56333e-06
1.94767e-07
-1.59288e-06
1.41782e-07
-1.61099e-06
8.67685e-08
-1.6174e-06
3.04414e-08
-1.612e-06
-2.6468e-08
-1.59482e-06
-8.32122e-08
-1.56604e-06
-1.3903e-07
-1.526e-06
-1.9315e-07
-1.47519e-06
-2.44792e-07
-1.41425e-06
-2.93177e-07
-1.34397e-06
-3.3753e-07
-1.26532e-06
-3.77092e-07
-1.17936e-06
-4.11131e-07
-1.08734e-06
-4.38953e-07
-9.90589e-07
-4.59921e-07
-8.90575e-07
-4.73468e-07
-7.88846e-07
-4.79121e-07
-6.87021e-07
-4.76524e-07
-5.86761e-07
-4.65462e-07
-4.8974e-07
-4.4589e-07
-3.97609e-07
-4.17969e-07
-3.1196e-07
-3.82102e-07
-2.34288e-07
-3.38983e-07
-1.65953e-07
-2.89645e-07
-1.08151e-07
-2.35526e-07
-6.18954e-08
-1.78537e-07
-2.8013e-08
-1.21131e-07
-7.1787e-09
-6.63664e-08
-1.82103e-08
-9.01516e-09
2.92784e-08
-3.45804e-08
9.69472e-08
-7.53647e-08
1.68704e-07
-1.30061e-07
2.40668e-07
-1.97311e-07
3.09867e-07
-2.75674e-07
3.73957e-07
-3.63621e-07
4.31157e-07
-4.59539e-07
4.80178e-07
-5.61754e-07
5.20145e-07
-6.68554e-07
5.50532e-07
-7.78213e-07
5.71093e-07
-8.89019e-07
5.81813e-07
-9.99296e-07
5.82864e-07
-1.10743e-06
5.74564e-07
-1.21186e-06
5.57348e-07
-1.31116e-06
5.31744e-07
-1.40395e-06
4.98354e-07
-1.48901e-06
4.57833e-07
-1.56522e-06
4.10884e-07
-1.63158e-06
3.58247e-07
-1.68725e-06
3.00691e-07
-1.73149e-06
2.39013e-07
-1.76375e-06
1.74034e-07
-1.78357e-06
1.06596e-07
-1.7907e-06
3.75642e-08
-1.78499e-06
-3.21766e-08
-1.76648e-06
-1.01723e-07
-1.73535e-06
-1.70154e-07
-1.69197e-06
-2.36537e-07
-1.63683e-06
-2.9993e-07
-1.57061e-06
-3.5939e-07
-1.49416e-06
-4.13981e-07
-1.40847e-06
-4.62784e-07
-1.31469e-06
-5.04913e-07
-1.21412e-06
-5.39528e-07
-1.10818e-06
-5.65856e-07
-9.98437e-07
-5.83211e-07
-8.86542e-07
-5.91016e-07
-7.74231e-07
-5.88836e-07
-6.63294e-07
-5.76399e-07
-5.55547e-07
-5.53637e-07
-4.52797e-07
-5.20719e-07
-3.56808e-07
-4.78092e-07
-2.69264e-07
-4.26526e-07
-1.91743e-07
-3.67166e-07
-1.25684e-07
-3.01584e-07
-7.23802e-08
-2.31841e-07
-3.29795e-08
-1.60532e-07
-8.51886e-09
-9.0827e-08
-2.67292e-08
-1.03241e-08
3.96027e-08
-3.94452e-08
1.26068e-07
-8.56473e-08
2.14907e-07
-1.47258e-07
3.02279e-07
-2.22591e-07
3.85199e-07
-3.09916e-07
4.61282e-07
-4.0745e-07
5.28691e-07
-5.13366e-07
5.86093e-07
-6.25801e-07
6.32581e-07
-7.42881e-07
6.67612e-07
-8.6274e-07
6.90951e-07
-9.83539e-07
7.02613e-07
-1.10349e-06
7.02819e-07
-1.22089e-06
6.91957e-07
-1.33409e-06
6.7055e-07
-1.44157e-06
6.39224e-07
-1.54191e-06
5.98691e-07
-1.6338e-06
5.49729e-07
-1.71609e-06
4.93169e-07
-1.78772e-06
4.29883e-07
-1.84781e-06
3.60782e-07
-1.8956e-06
2.86805e-07
-1.93049e-06
2.08923e-07
-1.95203e-06
1.2813e-07
-1.95991e-06
4.54449e-08
-1.954e-06
-3.80873e-08
-1.93432e-06
-1.21401e-07
-1.90106e-06
-2.03411e-07
-1.85458e-06
-2.83016e-07
-1.79541e-06
-3.59105e-07
-1.72424e-06
-4.30562e-07
-1.64194e-06
-4.96282e-07
-1.54954e-06
-5.55177e-07
-1.44826e-06
-6.06197e-07
-1.33944e-06
-6.48345e-07
-1.2246e-06
-6.807e-07
-1.10537e-06
-7.02442e-07
-9.83503e-07
-7.1288e-07
-8.60857e-07
-7.11481e-07
-7.39349e-07
-6.97906e-07
-6.20941e-07
-6.72045e-07
-5.07603e-07
-6.34057e-07
-4.01283e-07
-5.84412e-07
-3.03872e-07
-5.23937e-07
-2.17177e-07
-4.53861e-07
-1.42897e-07
-3.75864e-07
-8.26123e-08
-2.92127e-07
-3.77877e-08
-2.05356e-07
-9.80066e-09
-1.18814e-07
-3.65299e-08
-1.15805e-08
5.11833e-08
-4.41493e-08
1.58637e-07
-9.56427e-08
2.664e-07
-1.64046e-07
3.70682e-07
-2.47351e-07
4.68505e-07
-3.43539e-07
5.57469e-07
-4.50569e-07
6.35722e-07
-5.6639e-07
7.01913e-07
-6.88942e-07
7.55133e-07
-8.16183e-07
7.94853e-07
-9.46099e-07
8.20867e-07
-1.07673e-06
8.33241e-07
-1.20617e-06
8.32265e-07
-1.33263e-06
8.18411e-07
-1.45438e-06
7.923e-07
-1.56982e-06
7.5467e-07
-1.67749e-06
7.06353e-07
-1.77601e-06
6.48256e-07
-1.86419e-06
5.81345e-07
-1.94094e-06
5.06633e-07
-2.00534e-06
4.25177e-07
-2.05659e-06
3.38064e-07
-2.09409e-06
2.46417e-07
-2.11734e-06
1.51386e-07
-2.12605e-06
5.41493e-08
-2.12005e-06
-4.40858e-08
-2.09936e-06
-1.42088e-07
-2.06417e-06
-2.38602e-07
-2.01484e-06
-3.32353e-07
-1.95189e-06
-4.22055e-07
-1.87603e-06
-5.06416e-07
-1.78816e-06
-5.8415e-07
-1.68935e-06
-6.53993e-07
-1.58083e-06
-7.14719e-07
-1.46401e-06
-7.65163e-07
-1.34046e-06
-8.04244e-07
-1.21191e-06
-8.30992e-07
-1.08021e-06
-8.44585e-07
-9.47313e-07
-8.44378e-07
-8.15277e-07
-8.29942e-07
-6.86216e-07
-8.01107e-07
-5.62272e-07
-7.58e-07
-4.4559e-07
-7.01094e-07
-3.3828e-07
-6.31247e-07
-2.42394e-07
-5.49747e-07
-1.59901e-07
-4.58358e-07
-9.26726e-08
-3.59355e-07
-4.24869e-08
-2.55542e-07
-1.10426e-08
-1.50258e-07
-4.75726e-08
-1.27994e-08
6.39827e-08
-4.8735e-08
1.94572e-07
-1.05422e-07
3.23087e-07
-1.80519e-07
4.4578e-07
-2.71708e-07
5.59694e-07
-3.7668e-07
6.62441e-07
-4.93135e-07
7.52177e-07
-6.18787e-07
8.27566e-07
-7.51378e-07
8.87724e-07
-8.88687e-07
9.32163e-07
-1.02855e-06
9.60733e-07
-1.16888e-06
9.73572e-07
-1.30768e-06
9.71058e-07
-1.44303e-06
9.53765e-07
-1.57316e-06
9.22427e-07
-1.69639e-06
8.77906e-07
-1.81121e-06
8.21166e-07
-1.9162e-06
7.5325e-07
-2.01012e-06
6.75268e-07
-2.09187e-06
5.8838e-07
-2.16048e-06
4.9379e-07
-2.21516e-06
3.92741e-07
-2.25525e-06
2.86508e-07
-2.28026e-06
1.764e-07
-2.28987e-06
6.3758e-08
-2.28391e-06
-5.00485e-08
-2.26238e-06
-1.63619e-07
-2.22545e-06
-2.75527e-07
-2.17349e-06
-3.84321e-07
-2.10701e-06
-4.88535e-07
-2.02673e-06
-5.86694e-07
-1.93355e-06
-6.77326e-07
-1.82856e-06
-7.58981e-07
-1.71303e-06
-8.30248e-07
-1.58842e-06
-8.8978e-07
-1.45634e-06
-9.36319e-07
-1.3186e-06
-9.68733e-07
-1.17714e-06
-9.86047e-07
-1.03403e-06
-9.87484e-07
-8.91468e-07
-9.72506e-07
-7.51718e-07
-9.40856e-07
-6.1711e-07
-8.92609e-07
-4.89993e-07
-8.28211e-07
-3.72714e-07
-7.48526e-07
-2.67579e-07
-6.54881e-07
-1.76838e-07
-5.49099e-07
-1.02661e-07
-4.33532e-07
-4.71338e-08
-3.11069e-07
-1.22639e-08
-1.85128e-07
-5.98366e-08
-1.39949e-08
7.79777e-08
-5.32449e-08
2.33822e-07
-1.1506e-07
3.84902e-07
-1.96786e-07
5.27506e-07
-2.95798e-07
6.58706e-07
-4.09499e-07
7.76142e-07
-5.35325e-07
8.78003e-07
-6.70755e-07
9.62996e-07
-8.13322e-07
1.03029e-06
-9.60626e-07
1.07947e-06
-1.11035e-06
1.11046e-06
-1.26027e-06
1.1235e-06
-1.40829e-06
1.11907e-06
-1.5524e-06
1.09788e-06
-1.69075e-06
1.06078e-06
-1.82162e-06
1.00878e-06
-1.94343e-06
9.42976e-07
-2.05475e-06
8.64568e-07
-2.1543e-06
7.74812e-07
-2.24094e-06
6.75021e-07
-2.3137e-06
5.66551e-07
-2.37176e-06
4.50801e-07
-2.41445e-06
3.29202e-07
-2.44128e-06
2.03223e-07
-2.45188e-06
7.43631e-08
-2.44609e-06
-5.58416e-08
-2.42388e-06
-1.85823e-07
-2.38543e-06
-3.13982e-07
-2.33106e-06
-4.38689e-07
-2.2613e-06
-5.58296e-07
-2.17685e-06
-6.71139e-07
-2.07863e-06
-7.75554e-07
-1.96771e-06
-8.69898e-07
-1.8454e-06
-9.52561e-07
-1.71317e-06
-1.022e-06
-1.57272e-06
-1.07677e-06
-1.4259e-06
-1.11556e-06
-1.27474e-06
-1.1372e-06
-1.12144e-06
-1.14079e-06
-9.68321e-07
-1.12563e-06
-8.17818e-07
-1.09136e-06
-6.72451e-07
-1.03798e-06
-5.34791e-07
-9.65871e-07
-4.07429e-07
-8.75889e-07
-2.92942e-07
-7.69368e-07
-1.93869e-07
-6.48171e-07
-1.12685e-07
-5.14716e-07
-5.17865e-08
-3.71968e-07
-1.3483e-08
-2.23432e-07
-7.33196e-08
-1.51799e-08
9.31577e-08
-5.77194e-08
2.76362e-07
-1.24632e-07
4.51814e-07
-2.12954e-07
6.15829e-07
-3.19758e-07
7.6551e-07
-4.42159e-07
8.98542e-07
-5.77325e-07
1.01317e-06
-7.22494e-07
1.10817e-06
-8.74986e-07
1.18278e-06
-1.03222e-06
1.2367e-06
-1.19171e-06
1.26995e-06
-1.35112e-06
1.28291e-06
-1.50823e-06
1.27618e-06
-1.66096e-06
1.25061e-06
-1.80739e-06
1.20721e-06
-1.94574e-06
1.14713e-06
-2.07439e-06
1.07163e-06
-2.19189e-06
9.82067e-07
-2.29693e-06
8.79853e-07
-2.38837e-06
7.66456e-07
-2.46521e-06
6.43392e-07
-2.52662e-06
5.12215e-07
-2.57193e-06
3.74512e-07
-2.60062e-06
2.31909e-07
-2.61232e-06
8.60654e-08
-2.60684e-06
-6.13209e-08
-2.58415e-06
-2.08516e-07
-2.54438e-06
-3.53747e-07
-2.48786e-06
-4.95211e-07
-2.41509e-06
-6.31071e-07
-2.32675e-06
-7.59475e-07
-2.22374e-06
-8.78561e-07
-2.10716e-06
-9.86481e-07
-1.9783e-06
-1.08142e-06
-1.83868e-06
-1.16163e-06
-1.69001e-06
-1.22544e-06
-1.53422e-06
-1.27134e-06
-1.37343e-06
-1.29799e-06
-1.20994e-06
-1.30427e-06
-1.04623e-06
-1.28934e-06
-8.84885e-07
-1.2527e-06
-7.28639e-07
-1.19422e-06
-5.80291e-07
-1.11422e-06
-4.42691e-07
-1.01349e-06
-3.18699e-07
-8.9336e-07
-2.11157e-07
-7.55713e-07
-1.22854e-07
-6.03018e-07
-5.65028e-08
-4.38319e-07
-1.47177e-08
-2.65217e-07
-8.80374e-08
-1.63659e-08
1.09524e-07
-6.2196e-08
3.22192e-07
-1.34207e-07
5.23824e-07
-2.29127e-07
7.10749e-07
-3.43725e-07
8.80107e-07
-4.7482e-07
1.02964e-06
-6.19312e-07
1.15766e-06
-7.74192e-07
1.26304e-06
-9.36561e-07
1.34515e-06
-1.10365e-06
1.40378e-06
-1.27282e-06
1.43913e-06
-1.4416e-06
1.45168e-06
-1.60766e-06
1.44224e-06
-1.76885e-06
1.4118e-06
-1.92318e-06
1.36153e-06
-2.06883e-06
1.29278e-06
-2.20415e-06
1.20695e-06
-2.32767e-06
1.10558e-06
-2.43806e-06
9.90244e-07
-2.53417e-06
8.6257e-07
-2.61501e-06
7.24233e-07
-2.67974e-06
5.76943e-07
-2.72767e-06
4.22444e-07
-2.75828e-06
2.62515e-07
-2.77118e-06
9.89711e-08
-2.76617e-06
-6.63316e-08
-2.74319e-06
-2.31496e-07
-2.70236e-06
-3.94584e-07
-2.64395e-06
-5.53613e-07
-2.56846e-06
-7.06565e-07
-2.47654e-06
-8.51394e-07
-2.36906e-06
-9.86038e-07
-2.24711e-06
-1.10843e-06
-2.11198e-06
-1.21655e-06
-1.96519e-06
-1.30841e-06
-1.8085e-06
-1.38213e-06
-1.64389e-06
-1.43596e-06
-1.47355e-06
-1.46833e-06
-1.2999e-06
-1.47792e-06
-1.12554e-06
-1.4637e-06
-9.5327e-07
-1.42497e-06
-7.86007e-07
-1.36148e-06
-6.26797e-07
-1.27343e-06
-4.78764e-07
-1.16152e-06
-3.45066e-07
-1.02706e-06
-2.28864e-07
-8.71916e-07
-1.33274e-07
-6.98608e-07
-6.13378e-08
-5.10256e-07
-1.59846e-08
-3.1057e-07
-1.04022e-07
-1.7563e-08
1.27087e-07
-6.67085e-08
3.71337e-07
-1.4385e-07
6.00966e-07
-2.45403e-07
8.12302e-07
-3.67822e-07
1.00253e-06
-5.07631e-07
1.16945e-06
-6.61449e-07
1.31148e-06
-8.26016e-07
1.42761e-06
-9.98211e-07
1.51735e-06
-1.17507e-06
1.58064e-06
-1.35381e-06
1.61786e-06
-1.53181e-06
1.62968e-06
-1.70665e-06
1.61708e-06
-1.87609e-06
1.58125e-06
-2.03811e-06
1.52355e-06
-2.19084e-06
1.44551e-06
-2.33261e-06
1.34873e-06
-2.46194e-06
1.23491e-06
-2.5775e-06
1.10581e-06
-2.67815e-06
9.63212e-07
-2.76288e-06
8.08964e-07
-2.83086e-06
6.44925e-07
-2.8814e-06
4.72991e-07
-2.91398e-06
2.9509e-07
-2.9282e-06
1.13187e-07
-2.92382e-06
-7.07094e-08
-2.90077e-06
-2.54547e-07
-2.85913e-06
-4.36224e-07
-2.79915e-06
-6.13589e-07
-2.72127e-06
-7.84441e-07
-2.62613e-06
-9.46542e-07
-2.51454e-06
-1.09762e-06
-2.38757e-06
-1.23541e-06
-2.2465e-06
-1.35763e-06
-2.09284e-06
-1.46207e-06
-1.92838e-06
-1.5466e-06
-1.75512e-06
-1.60921e-06
-1.57536e-06
-1.6481e-06
-1.39159e-06
-1.66169e-06
-1.20658e-06
-1.64871e-06
-1.02329e-06
-1.60827e-06
-8.44864e-07
-1.53991e-06
-6.74597e-07
-1.4437e-06
-5.15901e-07
-1.32022e-06
-3.72252e-07
-1.17071e-06
-2.47146e-07
-9.97022e-07
-1.44048e-07
-8.01706e-07
-6.63444e-08
-5.8796e-07
-1.72991e-08
-3.59615e-07
-1.21321e-07
-1.87805e-08
1.45867e-07
-7.12881e-08
4.23845e-07
-1.53621e-07
6.83298e-07
-2.61869e-07
9.20551e-07
-3.92165e-07
1.13282e-06
-5.40725e-07
1.31801e-06
-7.0388e-07
1.47463e-06
-8.7811e-07
1.60184e-06
-1.06007e-06
1.6993e-06
-1.24659e-06
1.76717e-06
-1.43474e-06
1.80601e-06
-1.62177e-06
1.81671e-06
-1.80516e-06
1.80047e-06
-1.98262e-06
1.7587e-06
-2.15205e-06
1.69298e-06
-2.31158e-06
1.60503e-06
-2.45952e-06
1.49667e-06
-2.5944e-06
1.36978e-06
-2.71489e-06
1.2263e-06
-2.81986e-06
1.06818e-06
-2.90833e-06
8.97433e-07
-2.97947e-06
7.16064e-07
-3.0326e-06
5.26119e-07
-3.06717e-06
3.29667e-07
-3.0828e-06
1.28817e-07
-3.07923e-06
-7.42817e-08
-3.05635e-06
-2.7743e-07
-3.0142e-06
-4.78372e-07
-2.953e-06
-6.7479e-07
-2.87313e-06
-8.6431e-07
-2.77517e-06
-1.0445e-06
-2.65991e-06
-1.21289e-06
-2.52835e-06
-1.36696e-06
-2.38175e-06
-1.50423e-06
-2.2216e-06
-1.62222e-06
-2.04968e-06
-1.71851e-06
-1.86804e-06
-1.79085e-06
-1.67903e-06
-1.83711e-06
-1.48525e-06
-1.85546e-06
-1.28961e-06
-1.84435e-06
-1.09523e-06
-1.80265e-06
-9.05489e-07
-1.72965e-06
-7.23956e-07
-1.62523e-06
-5.54341e-07
-1.48983e-06
-4.00455e-07
-1.32459e-06
-2.66153e-07
-1.13132e-06
-1.55273e-07
-9.12587e-07
-7.15727e-08
-6.7166e-07
-1.86762e-08
-4.12512e-07
-1.39997e-07
-2.00267e-08
1.65894e-07
-7.59633e-08
4.79781e-07
-1.63574e-07
7.70909e-07
-2.78609e-07
1.03558e-06
-4.1686e-07
1.27107e-06
-5.74222e-07
1.47537e-06
-7.46727e-07
1.64714e-06
-9.30586e-07
1.7857e-06
-1.12222e-06
1.89093e-06
-1.31827e-06
1.96322e-06
-1.51563e-06
2.00337e-06
-1.71144e-06
2.01252e-06
-1.90309e-06
1.99212e-06
-2.08822e-06
1.94383e-06
-2.26471e-06
1.86947e-06
-2.43067e-06
1.771e-06
-2.58442e-06
1.65043e-06
-2.7245e-06
1.50986e-06
-2.84961e-06
1.35141e-06
-2.95864e-06
1.17722e-06
-3.05064e-06
9.89429e-07
-3.12479e-06
7.90216e-07
-3.18043e-06
5.81758e-07
-3.21702e-06
3.66259e-07
-3.23416e-06
1.45956e-07
-3.23157e-06
-7.68707e-08
-3.20912e-06
-2.99886e-07
-3.1668e-06
-5.20691e-07
-3.10477e-06
-7.36816e-07
-3.02336e-06
-9.45716e-07
-2.92309e-06
-1.14477e-06
-2.80466e-06
-1.33131e-06
-2.66904e-06
-1.50259e-06
-2.5174e-06
-1.65587e-06
-2.35123e-06
-1.78839e-06
-2.17228e-06
-1.89746e-06
-1.98262e-06
-1.98051e-06
-1.78463e-06
-2.0351e-06
-1.58101e-06
-2.05908e-06
-1.37479e-06
-2.05057e-06
-1.1693e-06
-2.00814e-06
-9.68123e-07
-1.93082e-06
-7.75114e-07
-1.81824e-06
-5.94304e-07
-1.67065e-06
-4.29861e-07
-1.48903e-06
-2.86027e-07
-1.27516e-06
-1.67042e-07
-1.03157e-06
-7.70708e-08
-7.61631e-07
-2.01298e-08
-4.69452e-07
-1.60127e-07
-2.13097e-08
1.87204e-07
-8.07615e-08
5.39233e-07
-1.73763e-07
8.63911e-07
-2.95699e-07
1.15752e-06
-4.42004e-07
1.41738e-06
-6.0823e-07
1.64159e-06
-7.90095e-07
1.829e-06
-9.83532e-07
1.97914e-06
-1.18472e-06
2.09212e-06
-1.3901e-06
2.1686e-06
-1.59641e-06
2.20967e-06
-1.80066e-06
2.21678e-06
-2.00018e-06
2.19164e-06
-2.19256e-06
2.13621e-06
-2.37565e-06
2.05257e-06
-2.54758e-06
1.94292e-06
-2.70667e-06
1.80953e-06
-2.85151e-06
1.6547e-06
-2.98083e-06
1.48073e-06
-3.09357e-06
1.28995e-06
-3.18881e-06
1.08466e-06
-3.26576e-06
8.67173e-07
-3.32379e-06
6.39791e-07
-3.36238e-06
4.04842e-07
-3.3811e-06
1.64681e-07
-3.37968e-06
-7.82965e-08
-3.35793e-06
-3.21637e-07
-3.31581e-06
-5.62812e-07
-3.25341e-06
-7.99212e-07
-3.17099e-06
-1.02813e-06
-3.06898e-06
-1.24678e-06
-2.94802e-06
-1.45228e-06
-2.80896e-06
-1.64165e-06
-2.65293e-06
-1.8119e-06
-2.48133e-06
-1.95998e-06
-2.2959e-06
-2.0829e-06
-2.09867e-06
-2.17773e-06
-1.89208e-06
-2.2417e-06
-1.67889e-06
-2.27227e-06
-1.46225e-06
-2.26721e-06
-1.24566e-06
-2.22473e-06
-1.03296e-06
-2.14352e-06
-8.28279e-07
-2.02292e-06
-6.35988e-07
-1.86294e-06
-4.60642e-07
-1.66438e-06
-3.06902e-07
-1.4289e-06
-1.79446e-07
-1.15903e-06
-8.28853e-08
-8.58191e-07
-2.16736e-08
-5.30664e-07
-1.81801e-07
-2.26373e-08
2.09841e-07
-8.57097e-08
6.02305e-07
-1.84239e-07
9.6244e-07
-3.13214e-07
1.2865e-06
-4.67687e-07
1.57185e-06
-6.42844e-07
1.81675e-06
-8.34072e-07
2.02023e-06
-1.03701e-06
2.18207e-06
-1.24758e-06
2.30269e-06
-1.46203e-06
2.38305e-06
-1.67693e-06
2.42458e-06
-1.88921e-06
2.42906e-06
-2.09611e-06
2.39854e-06
-2.29518e-06
2.33528e-06
-2.48429e-06
2.24168e-06
-2.66158e-06
2.1202e-06
-2.82542e-06
1.97338e-06
-2.97445e-06
1.80372e-06
-3.10746e-06
1.61374e-06
-3.22344e-06
1.40593e-06
-3.32153e-06
1.18276e-06
-3.401e-06
9.46647e-07
-3.46125e-06
7.00036e-07
-3.50176e-06
4.45352e-07
-3.52213e-06
1.85048e-07
-3.52204e-06
-7.83817e-08
-3.50129e-06
-3.42383e-07
-3.45979e-06
-6.04319e-07
-3.39754e-06
-8.61457e-07
-3.31472e-06
-1.11095e-06
-3.21166e-06
-1.34984e-06
-3.0889e-06
-1.57504e-06
-2.94717e-06
-1.78337e-06
-2.78752e-06
-1.97155e-06
-2.61124e-06
-2.13625e-06
-2.42001e-06
-2.27413e-06
-2.21585e-06
-2.3819e-06
-2.00116e-06
-2.45639e-06
-1.77878e-06
-2.49464e-06
-1.55198e-06
-2.49402e-06
-1.32441e-06
-2.4523e-06
-1.10015e-06
-2.36778e-06
-8.83623e-07
-2.23944e-06
-6.79571e-07
-2.06699e-06
-4.92961e-07
-1.85099e-06
-3.28906e-07
-1.59295e-06
-1.9257e-07
-1.29536e-06
-8.90617e-08
-9.617e-07
-2.33212e-08
-5.96405e-07
-2.05122e-07
-2.40179e-08
2.33859e-07
-9.08358e-08
6.69123e-07
-1.95053e-07
1.06666e-06
-3.31231e-07
1.42267e-06
-4.94001e-07
1.73462e-06
-6.78157e-07
2.00091e-06
-8.78728e-07
2.2208e-06
-1.09104e-06
2.39438e-06
-1.31077e-06
2.52241e-06
-1.53394e-06
2.60623e-06
-1.757e-06
2.64764e-06
-1.97675e-06
2.64881e-06
-2.19039e-06
2.61218e-06
-2.39546e-06
2.54035e-06
-2.58985e-06
2.43607e-06
-2.77174e-06
2.30209e-06
-2.93959e-06
2.14122e-06
-3.09208e-06
1.95621e-06
-3.22811e-06
1.74977e-06
-3.34675e-06
1.52457e-06
-3.44721e-06
1.28321e-06
-3.52882e-06
1.02826e-06
-3.59102e-06
7.62236e-07
-3.63333e-06
4.87667e-07
-3.65536e-06
2.07079e-07
-3.65679e-06
-7.69572e-08
-3.63736e-06
-3.61811e-07
-3.59692e-06
-6.4476e-07
-3.53541e-06
-9.22968e-07
-3.45289e-06
-1.19347e-06
-3.34958e-06
-1.45315e-06
-3.22589e-06
-1.69874e-06
-3.08242e-06
-1.92684e-06
-2.92008e-06
-2.1339e-06
-2.74005e-06
-2.31628e-06
-2.54391e-06
-2.47028e-06
-2.33359e-06
-2.59222e-06
-2.11149e-06
-2.67848e-06
-1.88048e-06
-2.72566e-06
-1.64388e-06
-2.73061e-06
-1.40555e-06
-2.69063e-06
-1.16977e-06
-2.60356e-06
-9.41283e-07
-2.46793e-06
-7.2521e-07
-2.28306e-06
-5.26965e-07
-2.04924e-06
-3.52162e-07
-1.76776e-06
-2.06502e-07
-1.44102e-06
-9.5646e-08
-1.07256e-06
-2.50864e-08
-6.66964e-07
-2.30209e-07
-2.54605e-08
2.5932e-07
-9.61709e-08
7.39834e-07
-2.06265e-07
1.17675e-06
-3.49831e-07
1.56624e-06
-5.21041e-07
1.90583e-06
-7.14258e-07
2.19413e-06
-9.24129e-07
2.43067e-06
-1.14565e-06
2.6159e-06
-1.37422e-06
2.75098e-06
-1.60568e-06
2.83769e-06
-1.8363e-06
2.87827e-06
-2.06283e-06
2.87534e-06
-2.28242e-06
2.83176e-06
-2.49262e-06
2.75056e-06
-2.69137e-06
2.63482e-06
-2.87693e-06
2.48765e-06
-3.04785e-06
2.31214e-06
-3.20292e-06
2.11128e-06
-3.34114e-06
1.888e-06
-3.46169e-06
1.64512e-06
-3.56389e-06
1.38541e-06
-3.64714e-06
1.11151e-06
-3.71094e-06
8.26044e-07
-3.75488e-06
5.31598e-07
-3.77855e-06
2.30755e-07
-3.78164e-06
-7.38692e-08
-3.76386e-06
-3.79593e-07
-3.72498e-06
-6.83636e-07
-3.66486e-06
-9.83088e-07
-3.58344e-06
-1.27488e-06
-3.48081e-06
-1.55578e-06
-3.35721e-06
-1.82234e-06
-3.2131e-06
-2.07095e-06
-3.0492e-06
-2.2978e-06
-2.86655e-06
-2.49893e-06
-2.66658e-06
-2.67026e-06
-2.45111e-06
-2.80768e-06
-2.2225e-06
-2.9071e-06
-1.98357e-06
-2.96458e-06
-1.73775e-06
-2.97643e-06
-1.489e-06
-2.93939e-06
-1.24185e-06
-2.85071e-06
-1.00135e-06
-2.70842e-06
-7.73037e-07
-2.51138e-06
-5.62795e-07
-2.25948e-06
-3.76793e-07
-1.95376e-06
-2.21328e-07
-1.59649e-06
-1.02685e-07
-1.1912e-06
-2.69834e-08
-7.42666e-07
-2.57192e-07
-2.69759e-08
2.86296e-07
-1.01751e-07
8.14609e-07
-2.17941e-07
1.29294e-06
-3.69106e-07
1.7174e-06
-5.4891e-07
2.08564e-06
-7.51243e-07
2.39646e-06
-9.70333e-07
2.64976e-06
-1.20082e-06
2.84639e-06
-1.43784e-06
2.988e-06
-1.677e-06
3.07685e-06
-1.91446e-06
3.11573e-06
-2.14689e-06
3.10777e-06
-2.37143e-06
3.0563e-06
-2.58569e-06
2.96481e-06
-2.78767e-06
2.8368e-06
-2.97575e-06
2.67573e-06
-3.1486e-06
2.48499e-06
-3.30515e-06
2.26783e-06
-3.44455e-06
2.0274e-06
-3.56611e-06
1.76668e-06
-3.66926e-06
1.48855e-06
-3.75353e-06
1.19577e-06
-3.81848e-06
8.91002e-07
-3.86376e-06
5.76877e-07
-3.88901e-06
2.56003e-07
-3.89389e-06
-6.89879e-08
-3.87809e-06
-3.95395e-07
-3.84131e-06
-7.20413e-07
-3.78331e-06
-1.04109e-06
-3.7039e-06
-1.35429e-06
-3.60301e-06
-1.65667e-06
-3.48069e-06
-1.94466e-06
-3.33722e-06
-2.21442e-06
-3.17311e-06
-2.46191e-06
-2.98921e-06
-2.68283e-06
-2.78673e-06
-2.87273e-06
-2.56738e-06
-3.02703e-06
-2.33337e-06
-3.14111e-06
-2.0875e-06
-3.21045e-06
-1.83321e-06
-3.23073e-06
-1.57457e-06
-3.19802e-06
-1.31634e-06
-3.10895e-06
-1.06389e-06
-2.96087e-06
-8.23162e-07
-2.7521e-06
-6.00581e-07
-2.48206e-06
-4.02916e-07
-2.15142e-06
-2.37136e-07
-1.76227e-06
-1.10228e-07
-1.31811e-06
-2.90277e-08
-8.23867e-07
-2.8622e-07
-2.8577e-08
3.14873e-07
-1.07619e-07
8.9365e-07
-2.30159e-07
1.41548e-06
-3.89165e-07
1.87641e-06
-5.77729e-07
2.2742e-06
-7.89218e-07
2.60795e-06
-1.0174e-06
2.87794e-06
-1.25654e-06
3.08553e-06
-1.50147e-06
3.23292e-06
-1.74761e-06
3.32299e-06
-1.99099e-06
3.35912e-06
-2.22824e-06
3.34501e-06
-2.45652e-06
3.28458e-06
-2.67352e-06
3.18181e-06
-2.87735e-06
3.04064e-06
-3.06655e-06
2.86493e-06
-3.23995e-06
2.65839e-06
-3.39667e-06
2.42455e-06
-3.53602e-06
2.16675e-06
-3.65748e-06
1.88814e-06
-3.76063e-06
1.59171e-06
-3.84513e-06
1.28027e-06
-3.91066e-06
9.56533e-07
-3.95692e-06
6.23138e-07
-3.9836e-06
2.82684e-07
-3.99038e-06
-6.22162e-08
-3.97689e-06
-4.08882e-07
-3.94278e-06
-7.54521e-07
-3.8877e-06
-1.09618e-06
-3.81131e-06
-1.43068e-06
-3.71336e-06
-1.75463e-06
-3.5937e-06
-2.06431e-06
-3.45237e-06
-2.35575e-06
-3.28964e-06
-2.62464e-06
-3.1061e-06
-2.86637e-06
-2.90275e-06
-3.07609e-06
-2.68105e-06
-3.24872e-06
-2.44307e-06
-3.3791e-06
-2.19149e-06
-3.46202e-06
-1.92974e-06
-3.49249e-06
-1.66197e-06
-3.46579e-06
-1.39312e-06
-3.37779e-06
-1.12889e-06
-3.2251e-06
-8.75672e-07
-3.00532e-06
-6.40446e-07
-2.71728e-06
-4.30656e-07
-2.36121e-06
-2.5402e-07
-1.9389e-06
-1.1833e-07
-1.4538e-06
-3.12362e-08
-9.1096e-07
-3.17456e-07
-3.028e-08
3.45153e-07
-1.13828e-07
9.77198e-07
-2.43017e-07
1.54467e-06
-4.10141e-07
2.04353e-06
-6.07647e-07
2.47171e-06
-8.28311e-07
2.82861e-06
-1.0654e-06
3.11503e-06
-1.31276e-06
3.3329e-06
-1.56493e-06
3.48509e-06
-1.81714e-06
3.57519e-06
-2.0653e-06
3.60728e-06
-2.30604e-06
3.58575e-06
-2.53657e-06
3.51512e-06
-2.75471e-06
3.39995e-06
-2.95875e-06
3.24467e-06
-3.14739e-06
3.05357e-06
-3.3197e-06
2.8307e-06
-3.475e-06
2.57985e-06
-3.61283e-06
2.30458e-06
-3.73287e-06
2.00818e-06
-3.83488e-06
1.69372e-06
-3.91866e-06
1.36405e-06
-3.98405e-06
1.02192e-06
-4.03082e-06
6.69907e-07
-4.05872e-06
3.10583e-07
-4.06743e-06
-5.35013e-08
-4.05659e-06
-4.19727e-07
-4.02575e-06
-7.85358e-07
-3.97445e-06
-1.14748e-06
-3.9022e-06
-1.50293e-06
-3.80854e-06
-1.84828e-06
-3.69311e-06
-2.17975e-06
-3.55565e-06
-2.49321e-06
-3.39615e-06
-2.78413e-06
-3.2149e-06
-3.04762e-06
-3.0126e-06
-3.27839e-06
-2.79044e-06
-3.47088e-06
-2.55024e-06
-3.6193e-06
-2.29453e-06
-3.71774e-06
-2.02663e-06
-3.76039e-06
-1.75074e-06
-3.74168e-06
-1.47197e-06
-3.65656e-06
-1.19631e-06
-3.50075e-06
-9.30628e-07
-3.27101e-06
-6.8251e-07
-2.9654e-06
-4.60141e-07
-2.58358e-06
-2.72085e-07
-2.12696e-06
-1.2705e-07
-1.59883e-06
-3.36283e-08
-1.00438e-06
-3.51084e-07
-3.21056e-08
3.77258e-07
-1.20447e-07
1.06554e-06
-2.56638e-07
1.68086e-06
-4.32202e-07
2.2191e-06
-6.38842e-07
2.67835e-06
-8.68676e-07
3.05845e-06
-1.1144e-06
3.36076e-06
-1.36944e-06
3.58794e-06
-1.628e-06
3.74365e-06
-1.88512e-06
3.83232e-06
-2.13667e-06
3.85883e-06
-2.37927e-06
3.82835e-06
-2.61027e-06
3.74612e-06
-2.82763e-06
3.61731e-06
-3.02988e-06
3.44692e-06
-3.21598e-06
3.23967e-06
-3.38525e-06
2.99996e-06
-3.53727e-06
2.73188e-06
-3.67185e-06
2.43916e-06
-3.78891e-06
2.12523e-06
-3.88841e-06
1.79322e-06
-3.97036e-06
1.44601e-06
-4.03472e-06
1.08628e-06
-4.0814e-06
7.16587e-07
-4.11022e-06
3.39394e-07
-4.12087e-06
-4.2845e-08
-4.11298e-06
-4.27623e-07
-4.08603e-06
-8.12305e-07
-4.03944e-06
-1.19407e-06
-3.97256e-06
-1.56981e-06
-3.88471e-06
-1.93613e-06
-3.77525e-06
-2.28921e-06
-3.64363e-06
-2.62483e-06
-3.48951e-06
-2.93826e-06
-3.3128e-06
-3.22432e-06
-3.11384e-06
-3.47735e-06
-2.89348e-06
-3.69125e-06
-2.6532e-06
-3.85957e-06
-2.3953e-06
-3.97565e-06
-2.12294e-06
-4.03275e-06
-1.84028e-06
-4.02434e-06
-1.55255e-06
-3.94429e-06
-1.26604e-06
-3.78727e-06
-9.88068e-07
-3.54898e-06
-7.2689e-07
-3.22658e-06
-4.91508e-07
-2.81896e-06
-2.91445e-07
-2.32702e-06
-1.36457e-07
-1.75382e-06
-3.62264e-08
-1.10461e-06
-3.87311e-07
-3.40803e-08
4.11339e-07
-1.27561e-07
1.15902e-06
-2.71179e-07
1.82448e-06
-4.55555e-07
2.40347e-06
-6.71543e-07
2.89434e-06
-9.10502e-07
3.2974e-06
-1.16451e-06
3.61476e-06
-1.4265e-06
3.84993e-06
-1.69038e-06
4.00753e-06
-1.95101e-06
4.09295e-06
-2.20422e-06
4.11204e-06
-2.44672e-06
4.07084e-06
-2.67602e-06
3.97542e-06
-2.89033e-06
3.83163e-06
-3.08846e-06
3.64505e-06
-3.26967e-06
3.42088e-06
-3.43361e-06
3.1639e-06
-3.58019e-06
2.87846e-06
-3.70951e-06
2.56848e-06
-3.82175e-06
2.23748e-06
-3.91717e-06
1.88863e-06
-3.99595e-06
1.52479e-06
-4.05826e-06
1.14858e-06
-4.10412e-06
7.62446e-07
-4.13343e-06
3.68712e-07
-4.14596e-06
-3.03165e-08
-4.1413e-06
-4.32289e-07
-4.11887e-06
-8.34731e-07
-4.07798e-06
-1.23496e-06
-4.01779e-06
-1.63e-06
-3.93739e-06
-2.01652e-06
-3.83586e-06
-2.39074e-06
-3.71231e-06
-2.74837e-06
-3.56601e-06
-3.08457e-06
-3.39644e-06
-3.39388e-06
-3.20351e-06
-3.67028e-06
-2.98763e-06
-3.90713e-06
-2.74987e-06
-4.09732e-06
-2.49218e-06
-4.23334e-06
-2.21747e-06
-4.30746e-06
-1.92979e-06
-4.31202e-06
-1.63441e-06
-4.23967e-06
-1.33788e-06
-4.0838e-06
-1.048e-06
-3.83886e-06
-7.73703e-07
-3.50087e-06
-5.24914e-07
-3.06775e-06
-3.12235e-07
-2.5397e-06
-1.46634e-07
-1.91942e-06
-3.90576e-08
-1.21219e-06
-4.26368e-07
-3.62387e-08
4.47577e-07
-1.35283e-07
1.25806e-06
-2.86837e-07
1.97603e-06
-4.80466e-07
2.5971e-06
-7.0603e-07
3.1199e-06
-9.54023e-07
3.5454e-06
-1.21582e-06
3.87656e-06
-1.48386e-06
4.11797e-06
-1.75171e-06
4.27538e-06
-2.01411e-06
4.35535e-06
-2.26689e-06
4.36482e-06
-2.50692e-06
4.31087e-06
-2.73195e-06
4.20045e-06
-2.94051e-06
4.04019e-06
-3.13177e-06
3.8363e-06
-3.30536e-06
3.59448e-06
-3.46133e-06
3.31987e-06
-3.59996e-06
3.01709e-06
-3.7217e-06
2.69021e-06
-3.82705e-06
2.34284e-06
-3.91655e-06
1.97813e-06
-3.99065e-06
1.59889e-06
-4.04968e-06
1.20762e-06
-4.09384e-06
8.06609e-07
-4.12315e-06
3.98016e-07
-4.1374e-06
-1.6063e-08
-4.1362e-06
-4.33492e-07
-4.11892e-06
-8.5201e-07
-4.08474e-06
-1.26914e-06
-4.03265e-06
-1.68209e-06
-3.9615e-06
-2.08767e-06
-3.87006e-06
-2.48219e-06
-3.75705e-06
-2.86138e-06
-3.62131e-06
-3.2203e-06
-3.46187e-06
-3.55333e-06
-3.27808e-06
-3.85407e-06
-3.06983e-06
-4.11538e-06
-2.8377e-06
-4.32946e-06
-2.58314e-06
-4.4879e-06
-2.30871e-06
-4.58189e-06
-2.01823e-06
-4.6025e-06
-1.71693e-06
-4.54096e-06
-1.41157e-06
-4.38916e-06
-1.11039e-06
-4.14004e-06
-8.2307e-07
-3.78819e-06
-5.60534e-07
-3.33029e-06
-3.34615e-07
-2.76562e-06
-1.57679e-07
-2.09636e-06
-4.21548e-08
-1.32771e-06
-4.68523e-07
-3.86254e-08
4.86203e-07
-1.43757e-07
1.3632e-06
-3.03869e-07
2.13614e-06
-5.07269e-07
2.8005e-06
-7.42656e-07
3.35529e-06
-9.99521e-07
3.80226e-06
-1.26846e-06
4.1455e-06
-1.54137e-06
4.39087e-06
-1.81151e-06
4.54553e-06
-2.07353e-06
4.61737e-06
-2.32335e-06
4.61464e-06
-2.55807e-06
4.54559e-06
-2.77578e-06
4.41817e-06
-2.97543e-06
4.23984e-06
-3.15662e-06
4.01749e-06
-3.31946e-06
3.75732e-06
-3.46443e-06
3.46485e-06
-3.59226e-06
3.14492e-06
-3.70379e-06
2.80174e-06
-3.7999e-06
2.43894e-06
-3.88142e-06
2.05965e-06
-3.94908e-06
1.66655e-06
-4.00345e-06
1.26199e-06
-4.04489e-06
8.48055e-07
-4.07355e-06
4.2667e-07
-4.08929e-06
-3.20457e-10
-4.09173e-06
-4.31052e-07
-4.0802e-06
-8.63537e-07
-4.05378e-06
-1.29557e-06
-4.01127e-06
-1.7246e-06
-3.95127e-06
-2.14766e-06
-3.87224e-06
-2.56123e-06
-3.7725e-06
-2.96112e-06
-3.6504e-06
-3.3424e-06
-3.50443e-06
-3.6993e-06
-3.33336e-06
-4.02514e-06
-3.13643e-06
-4.31232e-06
-2.91357e-06
-4.55231e-06
-2.66566e-06
-4.73581e-06
-2.39474e-06
-4.85282e-06
-2.10426e-06
-4.89298e-06
-1.7993e-06
-4.84592e-06
-1.48671e-06
-4.70175e-06
-1.17517e-06
-4.45159e-06
-8.75118e-07
-4.08824e-06
-5.98575e-07
-3.60683e-06
-3.58778e-07
-3.00542e-06
-1.69715e-07
-2.28542e-06
-4.55595e-08
-1.45187e-06
-5.14082e-07
-4.12993e-08
5.27502e-07
-1.5317e-07
1.47507e-06
-3.22598e-07
2.30557e-06
-5.36388e-07
3.01429e-06
-7.81851e-07
3.60075e-06
-1.04733e-06
4.06774e-06
-1.32254e-06
4.42071e-06
-1.59881e-06
4.66715e-06
-1.86914e-06
4.81586e-06
-2.12815e-06
4.87637e-06
-2.37194e-06
4.85844e-06
-2.59797e-06
4.77162e-06
-2.80478e-06
4.62498e-06
-2.99183e-06
4.42689e-06
-3.15927e-06
4.18493e-06
-3.30777e-06
3.90581e-06
-3.43832e-06
3.5954e-06
-3.55215e-06
3.25874e-06
-3.65053e-06
2.90013e-06
-3.73476e-06
2.52317e-06
-3.80601e-06
2.1309e-06
-3.8653e-06
1.72584e-06
-3.91345e-06
1.31013e-06
-3.95101e-06
8.85615e-07
-3.97825e-06
4.53917e-07
-3.99515e-06
1.65784e-08
-4.00134e-06
-4.24861e-07
-3.99613e-06
-8.68748e-07
-3.97849e-06
-1.31321e-06
-3.94707e-06
-1.75602e-06
-3.90024e-06
-2.1945e-06
-3.83609e-06
-2.62538e-06
-3.75255e-06
-3.04465e-06
-3.64747e-06
-3.44748e-06
-3.51872e-06
-3.82804e-06
-3.36441e-06
-4.17946e-06
-3.18302e-06
-4.4937e-06
-2.97374e-06
-4.76159e-06
-2.73668e-06
-4.97287e-06
-2.47319e-06
-5.1163e-06
-2.18619e-06
-5.17998e-06
-1.88044e-06
-5.15167e-06
-1.56277e-06
-5.01942e-06
-1.24221e-06
-4.77215e-06
-9.29979e-07
-4.40047e-06
-6.39285e-07
-3.89753e-06
-3.84963e-07
-3.25974e-06
-1.82896e-07
-2.48749e-06
-4.93242e-08
-1.58544e-06
-5.63407e-07
-4.43373e-08
5.71839e-07
-1.63762e-07
1.59449e-06
-3.43442e-07
2.48525e-06
-5.68347e-07
3.2392e-06
-8.2414e-07
3.85654e-06
-1.09782e-06
4.34142e-06
-1.37814e-06
4.70104e-06
-1.65586e-06
4.94487e-06
-1.92375e-06
5.08374e-06
-2.17651e-06
5.12913e-06
-2.41058e-06
5.09251e-06
-2.62389e-06
4.98493e-06
-2.8156e-06
4.81668e-06
-2.98579e-06
4.59709e-06
-3.13529e-06
4.33443e-06
-3.26539e-06
4.03591e-06
-3.3777e-06
3.70771e-06
-3.47398e-06
3.35502e-06
-3.556e-06
2.98215e-06
-3.62547e-06
2.59264e-06
-3.68395e-06
2.18937e-06
-3.73275e-06
1.77465e-06
-3.77296e-06
1.35034e-06
-3.80534e-06
9.17989e-07
-3.8303e-06
4.78882e-07
-3.84792e-06
3.41995e-08
-3.85789e-06
-4.14896e-07
-3.85949e-06
-8.67143e-07
-3.85164e-06
-1.32106e-06
-3.83283e-06
-1.77483e-06
-3.80119e-06
-2.22614e-06
-3.75451e-06
-2.67205e-06
-3.69031e-06
-3.10886e-06
-3.60588e-06
-3.53191e-06
-3.49847e-06
-3.93545e-06
-3.36542e-06
-4.3125e-06
-3.2044e-06
-4.65472e-06
-3.01367e-06
-4.95233e-06
-2.7924e-06
-5.19414e-06
-2.54108e-06
-5.36763e-06
-2.26185e-06
-5.4592e-06
-1.95896e-06
-5.45457e-06
-1.63902e-06
-5.33936e-06
-1.31131e-06
-5.09986e-06
-9.87788e-07
-4.724e-06
-6.82963e-07
-4.20235e-06
-4.1347e-07
-3.52923e-06
-1.97419e-07
-2.70354e-06
-5.35168e-08
-1.72934e-06
-6.16923e-07
-4.7841e-08
6.1968e-07
-1.75848e-07
1.7225e-06
-3.66931e-07
2.67634e-06
-6.03804e-07
3.47607e-06
-8.70146e-07
4.12289e-06
-1.1514e-06
4.62267e-06
-1.43528e-06
4.98491e-06
-1.71195e-06
5.22155e-06
-1.9741e-06
5.34588e-06
-2.21665e-06
5.37168e-06
-2.43655e-06
5.31241e-06
-2.6324e-06
5.18078e-06
-2.80411e-06
4.98839e-06
-2.95259e-06
4.74556e-06
-3.07941e-06
4.46125e-06
-3.18661e-06
4.14312e-06
-3.27647e-06
3.79757e-06
-3.35134e-06
3.42989e-06
-3.41352e-06
3.04433e-06
-3.46516e-06
2.64428e-06
-3.50819e-06
2.2324e-06
-3.54426e-06
1.81072e-06
-3.5747e-06
1.38078e-06
-3.60048e-06
9.43766e-07
-3.62218e-06
5.00585e-07
-3.63999e-06
5.20084e-08
-3.65365e-06
-4.01228e-07
-3.66249e-06
-8.58309e-07
-3.66534e-06
-1.31821e-06
-3.6606e-06
-1.77957e-06
-3.6462e-06
-2.24054e-06
-3.61963e-06
-2.69862e-06
-3.578e-06
-3.1505e-06
-3.51807e-06
-3.59183e-06
-3.43644e-06
-4.01709e-06
-3.32963e-06
-4.41931e-06
-3.19437e-06
-4.78998e-06
-3.02786e-06
-5.11883e-06
-2.82818e-06
-5.39382e-06
-2.59467e-06
-5.60114e-06
-2.32847e-06
-5.7254e-06
-2.033e-06
-5.75004e-06
-1.71445e-06
-5.65791e-06
-1.38213e-06
-5.43218e-06
-1.04868e-06
-5.05744e-06
-7.29969e-07
-4.52106e-06
-4.44681e-07
-3.81452e-06
-2.13539e-07
-2.93468e-06
-5.82268e-08
-1.88465e-06
-6.7515e-07
-5.19452e-08
6.71625e-07
-1.89838e-07
1.86039e-06
-3.93741e-07
2.88024e-06
-6.43564e-07
3.72589e-06
-9.2059e-07
4.39991e-06
-1.20847e-06
4.91055e-06
-1.49377e-06
5.27022e-06
-1.76621e-06
5.49398e-06
-2.01847e-06
5.59814e-06
-2.24596e-06
5.59917e-06
-2.44635e-06
5.51281e-06
-2.61916e-06
5.35359e-06
-2.76525e-06
5.13448e-06
-2.88648e-06
4.86679e-06
-2.98535e-06
4.56011e-06
-3.06471e-06
4.22248e-06
-3.12758e-06
3.86044e-06
-3.17693e-06
3.47924e-06
-3.2156e-06
3.083e-06
-3.24619e-06
2.67488e-06
-3.27101e-06
2.25722e-06
-3.29201e-06
1.83172e-06
-3.31077e-06
1.39954e-06
-3.32846e-06
9.61462e-07
-3.34584e-06
5.17966e-07
-3.36321e-06
6.93781e-08
-3.38041e-06
-3.84036e-07
-3.39677e-06
-8.41947e-07
-3.41114e-06
-1.30384e-06
-3.42183e-06
-1.76888e-06
-3.42662e-06
-2.23575e-06
-3.42275e-06
-2.70249e-06
-3.40697e-06
-3.16628e-06
-3.37553e-06
-3.62327e-06
-3.32436e-06
-4.06826e-06
-3.24915e-06
-4.49453e-06
-3.1456e-06
-4.89353e-06
-3.00974e-06
-5.25469e-06
-2.83831e-06
-5.56525e-06
-2.62929e-06
-5.81016e-06
-2.38248e-06
-5.97222e-06
-2.10013e-06
-6.03238e-06
-1.78766e-06
-5.97038e-06
-1.45415e-06
-5.76569e-06
-1.11276e-06
-5.39884e-06
-7.80742e-07
-4.85308e-06
-4.79082e-07
-4.11618e-06
-2.31592e-07
-3.18217e-06
-6.35728e-08
-2.05267e-06
-7.38723e-07
-5.68307e-08
7.28456e-07
-2.0627e-07
2.00983e-06
-4.24732e-07
3.0987e-06
-6.88607e-07
3.98977e-06
-9.76274e-07
4.68758e-06
-1.26933e-06
5.2036e-06
-1.55318e-06
5.55407e-06
-1.81719e-06
5.75799e-06
-2.05435e-06
5.83531e-06
-2.26084e-06
5.80566e-06
-2.43537e-06
5.68734e-06
-2.57861e-06
5.49684e-06
-2.69265e-06
5.24852e-06
-2.78047e-06
4.95461e-06
-2.84561e-06
4.62525e-06
-2.89183e-06
4.2687e-06
-2.92291e-06
3.89151e-06
-2.94247e-06
3.4988e-06
-2.95387e-06
3.09441e-06
-2.96016e-06
2.68116e-06
-2.96398e-06
2.26104e-06
-2.96757e-06
1.83531e-06
-2.97274e-06
1.40471e-06
-2.98085e-06
9.69573e-07
-2.99281e-06
5.29922e-07
-3.00904e-06
8.56054e-08
-3.02947e-06
-3.63605e-07
-3.05352e-06
-8.17898e-07
-3.08005e-06
-1.27731e-06
-3.10736e-06
-1.74157e-06
-3.13312e-06
-2.20998e-06
-3.15441e-06
-2.68119e-06
-3.16766e-06
-3.15303e-06
-3.16869e-06
-3.62223e-06
-3.1528e-06
-4.08416e-06
-3.11483e-06
-4.53249e-06
-3.04944e-06
-4.95892e-06
-2.95134e-06
-5.35279e-06
-2.81578e-06
-5.70081e-06
-2.63906e-06
-5.98688e-06
-2.41927e-06
-6.192e-06
-2.15711e-06
-6.29454e-06
-1.85673e-06
-6.27076e-06
-1.52658e-06
-6.09584e-06
-1.18007e-06
-5.74535e-06
-8.358e-07
-5.19735e-06
-5.17295e-07
-4.43469e-06
-2.5202e-07
-3.44745e-06
-6.97159e-08
-2.23498e-06
-8.08439e-07
-6.27425e-08
7.91198e-07
-2.25852e-07
2.17294e-06
-4.60999e-07
3.33385e-06
-7.40107e-07
4.26888e-06
-1.03804e-06
4.98551e-06
-1.33407e-06
5.49963e-06
-1.61252e-06
5.83252e-06
-1.86265e-06
6.00812e-06
-2.07816e-06
6.05082e-06
-2.25638e-06
5.98388e-06
-2.39748e-06
5.82844e-06
-2.50364e-06
5.60299e-06
-2.57838e-06
5.32326e-06
-2.62602e-06
5.00225e-06
-2.65122e-06
4.65046e-06
-2.65873e-06
4.2762e-06
-2.65309e-06
3.88588e-06
-2.63856e-06
3.48427e-06
-2.61901e-06
3.07485e-06
-2.59784e-06
2.65999e-06
-2.57799e-06
2.2412e-06
-2.56195e-06
1.81927e-06
-2.55171e-06
1.39447e-06
-2.54879e-06
9.66649e-07
-2.55422e-06
5.35352e-07
-2.56855e-06
9.99383e-08
-2.59183e-06
-3.40328e-07
-2.62356e-06
-7.86169e-07
-2.66268e-06
-1.23819e-06
-2.70753e-06
-1.69672e-06
-2.75578e-06
-2.16173e-06
-2.8044e-06
-2.63257e-06
-2.84963e-06
-3.10781e-06
-2.88694e-06
-3.58492e-06
-2.91109e-06
-4.06001e-06
-2.91615e-06
-4.52744e-06
-2.8957e-06
-4.97937e-06
-2.8431e-06
-5.40539e-06
-2.75192e-06
-5.792e-06
-2.61652e-06
-6.12228e-06
-2.43286e-06
-6.37565e-06
-2.19955e-06
-6.52786e-06
-1.9189e-06
-6.55142e-06
-1.59815e-06
-6.41658e-06
-1.25052e-06
-6.09299e-06
-8.95747e-07
-5.55211e-06
-5.60122e-07
-4.77031e-06
-2.75418e-07
-3.73215e-06
-7.68768e-08
-2.43352e-06
-8.85315e-07
-7.00185e-08
8.61217e-07
-2.49529e-07
2.35245e-06
-5.03927e-07
3.58825e-06
-7.99429e-07
4.56438e-06
-1.10664e-06
5.29272e-06
-1.40234e-06
5.79533e-06
-1.66993e-06
6.10011e-06
-1.89906e-06
6.23724e-06
-2.08465e-06
6.23642e-06
-2.22581e-06
6.12503e-06
-2.32458e-06
5.92722e-06
-2.38506e-06
5.66347e-06
-2.41248e-06
5.35068e-06
-2.41264e-06
5.00241e-06
-2.39144e-06
4.62926e-06
-2.35458e-06
4.23935e-06
-2.30738e-06
3.83867e-06
-2.25466e-06
3.43154e-06
-2.20068e-06
3.02087e-06
-2.14916e-06
2.60847e-06
-2.10327e-06
2.1953e-06
-2.06563e-06
1.78163e-06
-2.03837e-06
1.36721e-06
-2.02311e-06
9.51388e-07
-2.02099e-06
5.33233e-07
-2.03266e-06
1.11615e-07
-2.05829e-06
-3.14697e-07
-2.09751e-06
-7.46952e-07
-2.14938e-06
-1.18632e-06
-2.21235e-06
-1.63376e-06
-2.28417e-06
-2.08991e-06
-2.36186e-06
-2.55489e-06
-2.44157e-06
-3.02809e-06
-2.5186e-06
-3.50789e-06
-2.58727e-06
-3.99134e-06
-2.64102e-06
-4.47369e-06
-2.67245e-06
-4.94795e-06
-2.67354e-06
-5.40429e-06
-2.63607e-06
-5.82946e-06
-2.55222e-06
-6.20614e-06
-2.4154e-06
-6.51247e-06
-2.22149e-06
-6.72177e-06
-1.97024e-06
-6.80266e-06
-1.66689e-06
-6.71993e-06
-1.32372e-06
-6.43616e-06
-9.61242e-07
-5.91459e-06
-6.08587e-07
-5.12297e-06
-3.02592e-07
-4.03814e-06
-8.53648e-08
-2.65075e-06
-9.7068e-07
-7.9133e-08
9.40349e-07
-2.78569e-07
2.55189e-06
-5.55267e-07
3.86495e-06
-8.68094e-07
4.87721e-06
-1.1826e-06
5.60722e-06
-1.47296e-06
6.08569e-06
-1.72216e-06
6.34931e-06
-1.92094e-06
6.43603e-06
-2.06629e-06
6.38177e-06
-2.15975e-06
6.21849e-06
-2.20588e-06
5.97335e-06
-2.21105e-06
5.66864e-06
-2.18248e-06
5.32211e-06
-2.12756e-06
4.94749e-06
-2.05345e-06
4.55515e-06
-1.96677e-06
4.15267e-06
-1.8735e-06
3.7454e-06
-1.7789e-06
3.33694e-06
-1.68753e-06
2.9295e-06
-1.60329e-06
2.52423e-06
-1.52944e-06
2.12145e-06
-1.46866e-06
1.72086e-06
-1.42311e-06
1.32167e-06
-1.39447e-06
9.22748e-07
-1.38393e-06
5.22693e-07
-1.39224e-06
1.19916e-07
-1.41965e-06
-2.87283e-07
-1.46596e-06
-7.00645e-07
-1.5304e-06
-1.12187e-06
-1.61162e-06
-1.55254e-06
-1.70757e-06
-1.99396e-06
-1.81543e-06
-2.44703e-06
-1.93147e-06
-2.91205e-06
-2.05096e-06
-3.3884e-06
-2.16805e-06
-3.87424e-06
-2.27572e-06
-4.36602e-06
-2.36575e-06
-4.85792e-06
-2.42888e-06
-5.34116e-06
-2.45509e-06
-5.80326e-06
-2.43414e-06
-6.22708e-06
-2.35654e-06
-6.59007e-06
-2.21477e-06
-6.86354e-06
-2.00509e-06
-7.01234e-06
-1.72965e-06
-6.99537e-06
-1.39876e-06
-6.76705e-06
-1.03293e-06
-6.28042e-06
-6.63993e-07
-5.4919e-06
-3.34641e-07
-4.3675e-06
-9.56218e-08
-2.88977e-06
-1.0663e-06
-9.0769e-08
1.03112e-06
-3.14699e-07
2.77582e-06
-6.172e-07
4.16745e-06
-9.4766e-07
5.20767e-06
-1.26573e-06
5.9253e-06
-1.54326e-06
6.36323e-06
-1.76367e-06
6.56971e-06
-1.91994e-06
6.5923e-06
-2.01219e-06
6.47402e-06
-2.04532e-06
6.25161e-06
-2.02704e-06
5.95507e-06
-1.9664e-06
5.60801e-06
-1.87279e-06
5.2285e-06
-1.75524e-06
4.82994e-06
-1.62206e-06
4.42197e-06
-1.48067e-06
4.01128e-06
-1.33753e-06
3.60226e-06
-1.19817e-06
3.19758e-06
-1.06726e-06
2.79859e-06
-9.48685e-07
2.40566e-06
-8.45672e-07
2.01844e-06
-7.60835e-07
1.63602e-06
-6.96268e-07
1.2571e-06
-6.53598e-07
8.80078e-07
-6.34023e-07
5.03118e-07
-6.38332e-07
1.24226e-07
-6.66905e-07
-2.58709e-07
-7.1969e-07
-6.4786e-07
-7.96155e-07
-1.04541e-06
-8.95218e-07
-1.45348e-06
-1.01515e-06
-1.87402e-06
-1.15346e-06
-2.30872e-06
-1.30672e-06
-2.75878e-06
-1.47044e-06
-3.22468e-06
-1.63885e-06
-3.70583e-06
-1.80478e-06
-4.20009e-06
-1.95949e-06
-4.7032e-06
-2.09272e-06
-5.20794e-06
-2.19277e-06
-5.7032e-06
-2.247e-06
-6.17285e-06
-2.24263e-06
-6.59445e-06
-2.1681e-06
-6.93806e-06
-2.01515e-06
-7.1653e-06
-1.78142e-06
-7.2291e-06
-1.47373e-06
-7.07474e-06
-1.11125e-06
-6.6429e-06
-7.27958e-07
-5.87519e-06
-3.73089e-07
-4.72236e-06
-1.08295e-07
-3.15456e-06
-1.1746e-06
-1.05939e-07
1.13706e-06
-3.6029e-07
3.03017e-06
-6.92383e-07
4.49954e-06
-1.03942e-06
5.5547e-06
-1.35451e-06
6.24039e-06
-1.60802e-06
6.61673e-06
-1.78534e-06
6.74703e-06
-1.88336e-06
6.69032e-06
-1.90677e-06
6.49744e-06
-1.86488e-06
6.20972e-06
-1.76918e-06
5.85936e-06
-1.63173e-06
5.47056e-06
-1.46413e-06
5.0609e-06
-1.27694e-06
4.64275e-06
-1.07943e-06
4.22446e-06
-8.79528e-07
3.81138e-06
-6.83916e-07
3.40665e-06
-4.98118e-07
3.01178e-06
-3.2667e-07
2.62714e-06
-1.73262e-07
2.25225e-06
-4.08781e-08
1.88605e-06
6.80849e-08
1.52706e-06
1.5172e-07
1.17347e-06
2.08537e-07
8.23261e-07
2.37405e-07
4.7425e-07
2.37527e-07
1.24103e-07
2.08435e-07
-2.29617e-07
1.50003e-07
-5.89428e-07
6.24941e-08
-9.579e-07
-5.3365e-08
-1.33762e-06
-1.96281e-07
-1.73111e-06
-3.64252e-07
-2.14075e-06
-5.54394e-07
-2.56864e-06
-7.6272e-07
-3.01636e-06
-9.83901e-07
-3.48465e-06
-1.211e-06
-3.973e-06
-1.4352e-06
-4.479e-06
-1.64563e-06
-4.9975e-06
-1.82932e-06
-5.51952e-06
-1.97136e-06
-6.03081e-06
-2.0556e-06
-6.51022e-06
-2.06588e-06
-6.92777e-06
-1.98828e-06
-7.2429e-06
-1.81425e-06
-7.40312e-06
-1.54496e-06
-7.34404e-06
-1.1961e-06
-6.99176e-06
-8.02414e-07
-6.26888e-06
-4.20054e-07
-5.10472e-06
-1.24359e-07
-3.45025e-06
-1.29896e-06
-1.26192e-07
1.26325e-06
-4.18621e-07
3.3226e-06
-7.83876e-07
4.86479e-06
-1.14372e-06
5.91454e-06
-1.44475e-06
6.54142e-06
-1.65768e-06
6.82967e-06
-1.77245e-06
6.86179e-06
-1.79219e-06
6.71006e-06
-1.72793e-06
6.43317e-06
-1.59446e-06
6.07625e-06
-1.40761e-06
5.67252e-06
-1.18255e-06
5.2455e-06
-9.32893e-07
4.81125e-06
-6.70404e-07
4.38026e-06
-4.04906e-07
3.95896e-06
-1.44452e-07
3.55093e-06
1.04463e-07
3.15773e-06
3.36657e-07
2.77959e-06
5.48025e-07
2.41577e-06
7.35332e-07
2.06495e-06
8.96028e-07
1.72536e-06
1.0281e-06
1.39498e-06
1.12997e-06
1.0716e-06
1.20037e-06
7.52861e-07
1.23832e-06
4.36301e-07
1.24306e-06
1.19359e-07
1.21407e-06
-2.00622e-07
1.15103e-06
-5.26389e-07
1.05391e-06
-8.60784e-07
9.23025e-07
-1.20673e-06
7.59116e-07
-1.5672e-06
5.6353e-07
-1.94517e-06
3.38395e-07
-2.34351e-06
8.6876e-08
-2.76484e-06
-1.86519e-07
-3.21125e-06
-4.75576e-07
-3.68394e-06
-7.71979e-07
-4.1826e-06
-1.0649e-06
-4.70458e-06
-1.34068e-06
-5.24374e-06
-1.58268e-06
-5.7888e-06
-1.77161e-06
-6.32129e-06
-1.88646e-06
-6.81293e-06
-1.90662e-06
-7.22274e-06
-1.81543e-06
-7.4943e-06
-1.60557e-06
-7.5539e-06
-1.28598e-06
-7.31135e-06
-8.89457e-07
-6.6654e-06
-4.78493e-07
-5.51569e-06
-1.45329e-07
-3.78342e-06
-1.44428e-06
-1.5398e-07
1.41723e-06
-4.94216e-07
3.66283e-06
-8.94775e-07
5.26535e-06
-1.25859e-06
6.27836e-06
-1.52721e-06
6.81004e-06
-1.67546e-06
6.97791e-06
-1.70166e-06
6.888e-06
-1.61829e-06
6.62669e-06
-1.44463e-06
6.25952e-06
-1.20194e-06
5.83356e-06
-9.1053e-07
5.38111e-06
-5.88394e-07
4.92336e-06
-2.50665e-07
4.47352e-06
9.03494e-08
4.03924e-06
4.24891e-07
3.62442e-06
7.45368e-07
3.23045e-06
1.04595e-06
2.85715e-06
1.32223e-06
2.50331e-06
1.57085e-06
2.16715e-06
1.78931e-06
1.84648e-06
1.97571e-06
1.53896e-06
2.12858e-06
1.24211e-06
2.24678e-06
9.534e-07
2.32939e-06
6.70251e-07
2.37564e-06
3.9005e-07
2.38487e-06
1.10124e-07
2.35652e-06
-1.72272e-07
2.29012e-06
-4.59983e-07
2.18531e-06
-7.55978e-07
2.04194e-06
-1.06336e-06
1.86015e-06
-1.3854e-06
1.64046e-06
-1.72548e-06
1.38406e-06
-2.0871e-06
1.09298e-06
-2.47376e-06
7.70504e-07
-2.88878e-06
4.21566e-07
-3.33501e-06
5.32997e-08
-3.81433e-06
-3.24356e-07
-4.32692e-06
-6.98009e-07
-4.87009e-06
-1.05025e-06
-5.43656e-06
-1.35941e-06
-6.01213e-06
-1.59992e-06
-6.57242e-06
-1.74392e-06
-7.07875e-06
-1.76474e-06
-7.47349e-06
-1.64311e-06
-7.67553e-06
-1.37648e-06
-7.57798e-06
-9.90841e-07
-7.05104e-06
-5.52489e-07
-5.95404e-06
-1.73627e-07
-4.16228e-06
-1.61791e-06
-1.93283e-07
1.61051e-06
-5.93143e-07
4.06269e-06
-1.02703e-06
5.69924e-06
-1.37678e-06
6.6281e-06
-1.58352e-06
7.01679e-06
-1.63268e-06
7.02707e-06
-1.53657e-06
6.79188e-06
-1.32057e-06
6.41069e-06
-1.01402e-06
5.95297e-06
-6.44963e-07
5.4645e-06
-2.37737e-07
4.97388e-06
1.87755e-07
4.49787e-06
6.15901e-07
4.04538e-06
1.03482e-06
3.62032e-06
1.43571e-06
3.22353e-06
1.81215e-06
2.85401e-06
2.15956e-06
2.50973e-06
2.47474e-06
2.18813e-06
2.75547e-06
1.88643e-06
3.00019e-06
1.60176e-06
3.20787e-06
1.33129e-06
3.37772e-06
1.07226e-06
3.50917e-06
8.21952e-07
3.6017e-06
5.77716e-07
3.65484e-06
3.36916e-07
3.66805e-06
9.6908e-08
3.64079e-06
-1.45008e-07
3.57243e-06
-3.91625e-07
3.46233e-06
-6.45878e-07
3.30986e-06
-9.10889e-07
3.11446e-06
-1.19e-06
2.87581e-06
-1.48683e-06
2.59394e-06
-1.80524e-06
2.26955e-06
-2.14937e-06
1.90428e-06
-2.52351e-06
1.50124e-06
-2.93197e-06
1.06562e-06
-3.37871e-06
6.05453e-07
-3.86676e-06
1.3259e-07
-4.39722e-06
-3.36259e-07
-4.96771e-06
-7.78544e-07
-5.56985e-06
-1.16533e-06
-6.18563e-06
-1.46185e-06
-6.78223e-06
-1.63016e-06
-7.30518e-06
-1.63539e-06
-7.67029e-06
-1.45714e-06
-7.75623e-06
-1.10657e-06
-7.40161e-06
-6.47436e-07
-6.41317e-06
-2.13215e-07
-4.5965e-06
-1.83113e-06
-2.50662e-07
1.86117e-06
-7.22853e-07
4.53488e-06
-1.17834e-06
6.15473e-06
-1.4799e-06
6.92966e-06
-1.57881e-06
7.11569e-06
-1.48151e-06
6.92978e-06
-1.2214e-06
6.53177e-06
-8.40265e-07
6.02956e-06
-3.78171e-07
5.49088e-06
1.30901e-07
4.95543e-06
6.60176e-07
4.44461e-06
1.18958e-06
3.96846e-06
1.70465e-06
3.5303e-06
2.1953e-06
3.12967e-06
2.65473e-06
2.7641e-06
3.07853e-06
2.43021e-06
3.46399e-06
2.12428e-06
3.80951e-06
1.8426e-06
4.1143e-06
1.58163e-06
4.37802e-06
1.33804e-06
4.60058e-06
1.10873e-06
4.78201e-06
8.90826e-07
4.92235e-06
6.81609e-07
5.02157e-06
4.78501e-07
5.07949e-06
2.78998e-07
5.09577e-06
8.06194e-08
5.06991e-06
-1.19143e-07
5.00117e-06
-3.22885e-07
4.88864e-06
-5.33348e-07
4.73124e-06
-7.53485e-07
4.52775e-06
-9.86521e-07
4.27695e-06
-1.23603e-06
3.97768e-06
-1.50597e-06
3.6291e-06
-1.80079e-06
3.23097e-06
-2.12538e-06
2.78409e-06
-2.48509e-06
2.29096e-06
-2.88558e-06
1.75663e-06
-3.33243e-06
1.1899e-06
-3.83049e-06
6.04816e-07
-4.38262e-06
2.24252e-08
-4.98746e-06
-5.27443e-07
-5.63576e-06
-1.00505e-06
-6.30462e-06
-1.36151e-06
-6.94873e-06
-1.54352e-06
-7.48828e-06
-1.50538e-06
-7.79437e-06
-1.23138e-06
-7.67562e-06
-7.69634e-07
-6.87492e-06
-2.70615e-07
-5.09552e-06
-2.10174e-06
-3.36755e-07
2.19793e-06
-8.90183e-07
5.08831e-06
-1.3344e-06
6.59896e-06
-1.52683e-06
7.12209e-06
-1.44924e-06
7.0381e-06
-1.14396e-06
6.6245e-06
-6.72769e-07
6.06058e-06
-9.54151e-08
5.4522e-06
5.38926e-07
4.85653e-06
1.1933e-06
4.30105e-06
1.84163e-06
3.79628e-06
2.46642e-06
3.34367e-06
3.05651e-06
2.94021e-06
3.60524e-06
2.58095e-06
4.10897e-06
2.26037e-06
4.56607e-06
1.9731e-06
4.9762e-06
1.71415e-06
5.33974e-06
1.47906e-06
5.65749e-06
1.26389e-06
5.93041e-06
1.06513e-06
6.15944e-06
8.79698e-07
6.34545e-06
7.04817e-07
6.4891e-06
5.37959e-07
6.59083e-06
3.76776e-07
6.65079e-06
2.19033e-07
6.66886e-06
6.25505e-08
6.64458e-06
-9.48642e-08
6.57717e-06
-2.55474e-07
6.46551e-06
-4.21682e-07
6.30812e-06
-5.961e-07
6.10323e-06
-7.8163e-07
5.84876e-06
-9.81553e-07
5.54241e-06
-1.19962e-06
5.18181e-06
-1.44019e-06
4.76471e-06
-1.70828e-06
4.28934e-06
-2.00972e-06
3.75493e-06
-2.35117e-06
3.16261e-06
-2.7401e-06
2.51657e-06
-3.18445e-06
1.82589e-06
-3.69194e-06
1.10696e-06
-4.26852e-06
3.86495e-07
-4.9153e-06
-2.95099e-07
-5.62303e-06
-8.81309e-07
-6.36252e-06
-1.30047e-06
-7.06912e-06
-1.47505e-06
-7.61979e-06
-1.34653e-06
-7.80414e-06
-9.23759e-07
-7.29769e-06
-3.5628e-07
-5.663e-06
-2.45802e-06
-4.67159e-07
2.66509e-06
-1.09304e-06
5.71419e-06
-1.45059e-06
6.95651e-06
-1.43132e-06
7.10282e-06
-1.08159e-06
6.68837e-06
-4.96488e-07
6.0394e-06
2.30164e-07
5.33393e-06
1.02403e-06
4.65834e-06
1.83273e-06
4.04783e-06
2.62222e-06
3.51156e-06
3.37193e-06
3.04656e-06
4.07052e-06
2.64509e-06
4.7126e-06
2.29813e-06
5.2965e-06
1.99705e-06
5.82272e-06
1.73415e-06
6.29299e-06
1.50284e-06
6.70957e-06
1.29757e-06
7.07493e-06
1.1137e-06
7.39147e-06
9.4734e-07
7.66141e-06
7.95194e-07
7.88666e-06
6.54449e-07
8.06881e-06
5.22663e-07
8.2091e-06
3.97667e-07
8.30839e-06
2.77491e-07
8.36713e-06
1.60292e-07
8.38539e-06
4.42944e-08
8.3628e-06
-7.22762e-08
8.29857e-06
-1.91247e-07
8.19145e-06
-3.14566e-07
8.03972e-06
-4.44367e-07
7.84115e-06
-5.83056e-07
7.593e-06
-7.33401e-07
7.29202e-06
-8.98649e-07
6.9345e-06
-1.08266e-06
6.51631e-06
-1.29009e-06
6.03313e-06
-1.52654e-06
5.48078e-06
-1.79883e-06
4.85587e-06
-2.11519e-06
4.15679e-06
-2.48537e-06
3.38547e-06
-2.92063e-06
2.55006e-06
-3.43311e-06
1.66887e-06
-4.03411e-06
7.7585e-07
-4.73e-06
-7.28612e-08
-5.51381e-06
-7.93377e-07
-6.3486e-06
-1.27522e-06
-7.13794e-06
-1.40104e-06
-7.67832e-06
-1.10344e-06
-7.59528e-06
-4.84954e-07
-6.28149e-06
-2.94297e-06
-6.56502e-07
3.32159e-06
-1.29241e-06
6.35009e-06
-1.41008e-06
7.07418e-06
-1.02131e-06
6.71406e-06
-2.82585e-07
5.94964e-06
6.48639e-07
5.10817e-06
1.65415e-06
4.32842e-06
2.65771e-06
3.65477e-06
3.6155e-06
3.09004e-06
4.50525e-06
2.62181e-06
5.31785e-06
2.23396e-06
6.05176e-06
1.91118e-06
6.70941e-06
1.64048e-06
7.29517e-06
1.41129e-06
7.81409e-06
1.21523e-06
8.27124e-06
1.04568e-06
8.67141e-06
8.97405e-07
9.01888e-06
7.66229e-07
9.31742e-06
6.48803e-07
9.57023e-06
5.42387e-07
9.77996e-06
4.44713e-07
9.94877e-06
3.53858e-07
1.00783e-05
2.68152e-07
1.01697e-05
1.86109e-07
1.02236e-05
1.06357e-07
1.02403e-05
2.75872e-08
1.02195e-05
-5.1496e-08
1.01605e-05
-1.32227e-07
1.0062e-05
-2.16031e-07
9.92208e-06
-3.04482e-07
9.7384e-06
-3.99373e-07
9.5078e-06
-5.02799e-07
9.22642e-06
-6.17269e-07
8.88959e-06
-7.45835e-07
8.49178e-06
-8.92279e-07
8.02659e-06
-1.06134e-06
7.48679e-06
-1.25903e-06
6.86462e-06
-1.49301e-06
6.15233e-06
-1.77308e-06
5.34339e-06
-2.11169e-06
4.4347e-06
-2.52443e-06
3.43055e-06
-3.02995e-06
2.34915e-06
-3.64861e-06
1.23282e-06
-4.39747e-06
1.61614e-07
-5.2774e-06
-7.33444e-07
-6.24288e-06
-1.27078e-06
-7.14099e-06
-1.26165e-06
-7.60441e-06
-6.68226e-07
-6.87492e-06
-3.6112e-06
-8.88029e-07
4.20962e-06
-1.33348e-06
6.79555e-06
-9.35246e-07
6.67595e-06
2.92238e-08
5.74959e-06
1.26088e-06
4.71799e-06
2.55953e-06
3.80953e-06
3.81276e-06
3.07519e-06
4.96768e-06
2.49985e-06
6.00589e-06
2.05183e-06
6.92676e-06
1.70095e-06
7.73771e-06
1.42301e-06
8.44914e-06
1.19975e-06
9.07187e-06
1.01775e-06
9.616e-06
8.67155e-07
1.00905e-05
7.40734e-07
1.05031e-05
6.33099e-07
1.08603e-05
5.40195e-07
1.11676e-05
4.58913e-07
1.14296e-05
3.86836e-07
1.16499e-05
3.22045e-07
1.18316e-05
2.62984e-07
1.19771e-05
2.08365e-07
1.20882e-05
1.57089e-07
1.21661e-05
1.08191e-07
1.22117e-05
6.07932e-08
1.22252e-05
1.40649e-08
1.22065e-05
-3.28115e-08
1.2155e-05
-8.06763e-08
1.20694e-05
-1.30429e-07
1.1948e-05
-1.83068e-07
1.17883e-05
-2.39743e-07
1.15873e-05
-3.01813e-07
1.1341e-05
-3.7093e-07
1.10443e-05
-4.49148e-07
1.06911e-05
-5.39066e-07
1.02738e-05
-6.44042e-07
9.78324e-06
-7.68478e-07
9.20847e-06
-9.18241e-07
8.53665e-06
-1.10125e-06
7.7533e-06
-1.32835e-06
6.8433e-06
-1.61443e-06
5.79327e-06
-1.97992e-06
4.59699e-06
-2.45233e-06
3.26609e-06
-3.06657e-06
1.84936e-06
-3.86067e-06
4.6265e-07
-4.85617e-06
-6.76113e-07
-6.00222e-06
-1.23213e-06
-7.04839e-06
-8.81361e-07
-7.22569e-06
-4.49256e-06
-1.01533e-06
5.22495e-06
-7.47868e-07
6.52809e-06
5.83982e-07
5.3441e-06
2.29991e-06
4.03366e-06
4.01951e-06
2.99839e-06
5.58464e-06
2.24439e-06
6.94876e-06
1.71107e-06
8.11545e-06
1.33316e-06
9.10689e-06
1.06039e-06
9.94916e-06
8.58675e-07
1.06665e-05
7.05707e-07
1.12794e-05
5.86866e-07
1.18046e-05
4.92454e-07
1.22559e-05
4.1591e-07
1.26439e-05
3.52692e-07
1.29774e-05
2.99582e-07
1.32634e-05
2.54247e-07
1.35074e-05
2.14952e-07
1.37138e-05
1.80384e-07
1.38863e-05
1.49519e-07
1.40278e-05
1.21546e-07
1.41403e-05
9.58025e-08
1.42257e-05
7.17307e-08
1.4285e-05
4.88476e-08
1.43191e-05
2.67177e-08
1.43282e-05
4.93225e-09
1.43123e-05
-1.69096e-08
1.42709e-05
-3.92192e-08
1.42029e-05
-6.24371e-08
1.41069e-05
-8.70556e-08
1.39808e-05
-1.13644e-07
1.38219e-05
-1.42885e-07
1.36265e-05
-1.75615e-07
1.33903e-05
-2.1289e-07
1.31073e-05
-2.56075e-07
1.27702e-05
-3.06968e-07
1.23697e-05
-3.67993e-07
1.1894e-05
-4.42491e-07
1.13279e-05
-5.35177e-07
1.06524e-05
-6.52871e-07
9.84368e-06
-8.05681e-07
8.87269e-06
-1.00893e-06
7.70663e-06
-1.28626e-06
6.31434e-06
-1.67428e-06
4.68179e-06
-2.22811e-06
2.84722e-06
-3.02161e-06
9.70992e-07
-4.126e-06
-5.42746e-07
-5.53465e-06
-9.63005e-07
-6.80543e-06
-5.45557e-06
-2.34975e-07
5.45992e-06
1.80398e-06
4.48913e-06
4.40146e-06
2.74662e-06
6.72176e-06
1.71336e-06
8.60683e-06
1.11332e-06
1.00972e-05
7.5398e-07
1.12737e-05
5.34622e-07
1.22107e-05
3.96111e-07
1.29667e-05
3.04429e-07
1.35846e-05
2.40734e-07
1.40958e-05
1.94525e-07
1.4523e-05
1.59742e-07
1.48827e-05
1.32737e-07
1.51874e-05
1.11218e-07
1.54464e-05
9.36823e-08
1.56668e-05
7.9109e-08
1.58543e-05
6.67796e-08
1.60131e-05
5.61734e-08
1.61466e-05
4.69026e-08
1.62574e-05
3.86706e-08
1.63477e-05
3.12448e-08
1.64191e-05
2.44376e-08
1.64727e-05
1.80927e-08
1.65095e-05
1.20761e-08
1.65299e-05
6.26757e-09
1.65343e-05
5.55124e-10
1.65226e-05
-5.17119e-09
1.64944e-05
-1.10235e-08
1.64491e-05
-1.71225e-08
1.63856e-05
-2.36034e-08
1.63026e-05
-3.06237e-08
1.61981e-05
-3.8373e-08
1.60696e-05
-4.70868e-08
1.59137e-05
-5.70655e-08
1.57264e-05
-6.87017e-08
1.55019e-05
-8.25217e-08
1.52332e-05
-9.92496e-08
1.49106e-05
-1.1991e-07
1.45214e-05
-1.45999e-07
1.40483e-05
-1.79791e-07
1.34675e-05
-2.24882e-07
1.27458e-05
-2.87244e-07
1.18369e-05
-3.77288e-07
1.06765e-05
-5.13942e-07
9.18064e-06
-7.32222e-07
7.25445e-06
-1.09542e-06
4.84335e-06
-1.7149e-06
2.10375e-06
-2.79506e-06
-1.0574e-07
-4.59594e-06
-5.56131e-06
5.45992e-06
9.94905e-06
1.26957e-05
1.4409e-05
1.55223e-05
1.62763e-05
1.68109e-05
1.72071e-05
1.75115e-05
1.77522e-05
1.79467e-05
1.81065e-05
1.82392e-05
1.83504e-05
1.84441e-05
1.85232e-05
1.859e-05
1.86462e-05
1.86931e-05
1.87318e-05
1.8763e-05
1.87874e-05
1.88055e-05
1.88176e-05
1.88239e-05
1.88244e-05
1.88193e-05
1.88082e-05
1.87911e-05
1.87675e-05
1.87369e-05
1.86985e-05
1.86514e-05
1.85944e-05
1.85257e-05
1.84431e-05
1.83439e-05
1.8224e-05
1.8078e-05
1.78982e-05
1.76733e-05
1.73861e-05
1.70088e-05
1.64948e-05
1.57626e-05
1.46672e-05
1.29523e-05
1.01572e-05
5.56131e-06
)
;

boundaryField
{
    movingWall
    {
        type            calculated;
        value           uniform 0;
    }
    fixedWalls
    {
        type            calculated;
        value           uniform 0;
    }
    frontAndBack
    {
        type            empty;
        value           nonuniform List<scalar> 0();
    }
}


// ************************************************************************* //
