/*--------------------------------*- C++ -*----------------------------------*\
| =========                 |                                                 |
| \\      /  F ield         | OpenFOAM: The Open Source CFD Toolbox           |
|  \\    /   O peration     | Version:  v2012                                 |
|   \\  /    A nd           | Website:  www.openfoam.com                      |
|    \\/     M anipulation  |                                                 |
\*---------------------------------------------------------------------------*/
FoamFile
{
    version     2.0;
    format      ascii;
    class       volVectorField;
    location    "0.2";
    object      U;
}
// * * * * * * * * * * * * * * * * * * * * * * * * * * * * * * * * * * * * * //

dimensions      [0 1 -1 0 0 0 0];


internalField   nonuniform List<vector> 
2500
(
(3.26608e-05 -3.2749e-05 0)
(9.86948e-05 -4.06539e-05 0)
(0.000137163 -2.0942e-05 0)
(0.000106088 7.85958e-06 0)
(-8.7928e-06 3.77057e-05 0)
(-0.000205927 6.52934e-05 0)
(-0.000477982 8.93121e-05 0)
(-0.000815147 0.000109349 0)
(-0.00120649 0.00012538 0)
(-0.00164076 0.000137543 0)
(-0.0021068 0.000146043 0)
(-0.00259382 0.000151112 0)
(-0.00309155 0.00015299 0)
(-0.0035903 0.000151919 0)
(-0.00408099 0.000148137 0)
(-0.00455526 0.000141877 0)
(-0.00500539 0.000133368 0)
(-0.00542439 0.000122834 0)
(-0.00580596 0.000110494 0)
(-0.00614449 9.65667e-05 0)
(-0.00643511 8.12676e-05 0)
(-0.00667366 6.48138e-05 0)
(-0.00685669 4.74246e-05 0)
(-0.00698151 2.93239e-05 0)
(-0.0070462 1.07423e-05 0)
(-0.00704961 -8.0822e-06 0)
(-0.0069914 -2.69067e-05 0)
(-0.00687206 -4.54765e-05 0)
(-0.00669294 -6.35274e-05 0)
(-0.00645626 -8.07872e-05 0)
(-0.00616514 -9.69783e-05 0)
(-0.0058236 -0.000111816 0)
(-0.00543659 -0.000125013 0)
(-0.00500997 -0.00013628 0)
(-0.00455049 -0.000145331 0)
(-0.00406578 -0.000151888 0)
(-0.00356429 -0.000155683 0)
(-0.00305523 -0.00015646 0)
(-0.00254851 -0.000153985 0)
(-0.00205462 -0.000148044 0)
(-0.00158454 -0.000138455 0)
(-0.00114951 -0.000125068 0)
(-0.000760883 -0.000107791 0)
(-0.000429777 -8.66208e-05 0)
(-0.000166588 -6.17389e-05 0)
(1.98289e-05 -3.37337e-05 0)
(0.00012354 -4.08544e-06 0)
(0.000144726 2.3756e-05 0)
(9.97129e-05 4.17272e-05 0)
(3.20943e-05 3.20266e-05 0)
(4.10441e-05 -9.90692e-05 0)
(9.38115e-05 -9.28618e-05 0)
(4.53838e-05 1.45192e-05 0)
(-0.000168683 0.000161726 0)
(-0.000575316 0.000318062 0)
(-0.00117586 0.000467535 0)
(-0.00195794 0.000601825 0)
(-0.00290136 0.000716876 0)
(-0.00398145 0.000810949 0)
(-0.00517134 0.000883582 0)
(-0.00644337 0.000935049 0)
(-0.00777004 0.000966061 0)
(-0.00912457 0.000977596 0)
(-0.0104813 0.000970792 0)
(-0.0118162 0.000946893 0)
(-0.0131064 0.000907199 0)
(-0.0143311 0.00085305 0)
(-0.0154712 0.00078581 0)
(-0.0165094 0.000706857 0)
(-0.0174304 0.000617585 0)
(-0.0182208 0.000519403 0)
(-0.0188691 0.000413742 0)
(-0.019366 0.000302056 0)
(-0.0197042 0.000185833 0)
(-0.0198783 6.66019e-05 0)
(-0.0198855 -5.40695e-05 0)
(-0.019725 -0.000174569 0)
(-0.0193982 -0.000293235 0)
(-0.0189089 -0.000408363 0)
(-0.0182635 -0.000518208 0)
(-0.0174707 -0.000620999 0)
(-0.0165415 -0.000714948 0)
(-0.0154895 -0.000798268 0)
(-0.0143307 -0.000869191 0)
(-0.0130835 -0.000925998 0)
(-0.0117685 -0.000967044 0)
(-0.0104082 -0.000990791 0)
(-0.00902734 -0.000995844 0)
(-0.007652 -0.000980996 0)
(-0.00630964 -0.000945278 0)
(-0.00502856 -0.000888025 0)
(-0.0038373 -0.000808983 0)
(-0.00276389 -0.00070846 0)
(-0.00183483 -0.000587606 0)
(-0.00107351 -0.000448922 0)
(-0.00049799 -0.000297243 0)
(-0.000117658 -0.000141579 0)
(7.23074e-05 1.58976e-06 0)
(0.000102815 0.000101722 0)
(4.21111e-05 9.97237e-05 0)
(2.24673e-05 -0.000139112 0)
(-1.00582e-05 -4.56554e-05 0)
(-0.000233929 0.00023945 0)
(-0.000705394 0.000608753 0)
(-0.00145024 0.00100189 0)
(-0.00247 0.00138257 0)
(-0.00374888 0.00172926 0)
(-0.00525982 0.00202987 0)
(-0.00696876 0.00227806 0)
(-0.00883764 0.00247109 0)
(-0.0108264 0.00260849 0)
(-0.0128947 0.00269126 0)
(-0.0150025 0.00272136 0)
(-0.0171114 0.00270142 0)
(-0.0191845 0.00263447 0)
(-0.0211873 0.00252386 0)
(-0.0230877 0.00237313 0)
(-0.0248562 0.00218594 0)
(-0.0264663 0.00196607 0)
(-0.0278942 0.00171739 0)
(-0.0291191 0.00144382 0)
(-0.0301233 0.00114939 0)
(-0.0308924 0.000838194 0)
(-0.031415 0.000514437 0)
(-0.0316832 0.000182422 0)
(-0.0316925 -0.000153432 0)
(-0.0314416 -0.000488592 0)
(-0.0309332 -0.000818406 0)
(-0.0301733 -0.00113812 0)
(-0.0291718 -0.0014429 0)
(-0.0279421 -0.00172784 0)
(-0.0265016 -0.00198802 0)
(-0.0248713 -0.00221858 0)
(-0.0230759 -0.00241471 0)
(-0.0211435 -0.0025718 0)
(-0.0191055 -0.00268549 0)
(-0.0169966 -0.00275175 0)
(-0.014854 -0.00276703 0)
(-0.0127171 -0.00272841 0)
(-0.010627 -0.0026337 0)
(-0.00862572 -0.00248175 0)
(-0.0067551 -0.00227269 0)
(-0.0050557 -0.00200844 0)
(-0.00356505 -0.00169342 0)
(-0.00231554 -0.00133577 0)
(-0.00133136 -0.000949374 0)
(-0.000624438 -0.000557229 0)
(-0.00018872 -0.000196563 0)
(7.03886e-06 7.2652e-05 0)
(2.53271e-05 0.000146327 0)
(-4.90479e-06 -0.000112135 0)
(-0.000153754 0.000164463 0)
(-0.000599606 0.000709749 0)
(-0.00137218 0.00137882 0)
(-0.00248615 0.00208367 0)
(-0.0039389 0.00276698 0)
(-0.00570978 0.00339217 0)
(-0.00776548 0.00393699 0)
(-0.0100644 0.00438871 0)
(-0.0125598 0.00474093 0)
(-0.0152019 0.00499156 0)
(-0.0179401 0.00514144 0)
(-0.0207239 0.00519342 0)
(-0.0235043 0.0051518 0)
(-0.0262342 0.00502181 0)
(-0.0288691 0.00480943 0)
(-0.0313676 0.00452109 0)
(-0.0336914 0.00416359 0)
(-0.0358061 0.00374402 0)
(-0.0376805 0.00326964 0)
(-0.0392879 0.00274795 0)
(-0.0406051 0.0021866 0)
(-0.0416132 0.00159344 0)
(-0.0422976 0.0009765 0)
(-0.042648 0.000344018 0)
(-0.0426586 -0.000295552 0)
(-0.042328 -0.000933557 0)
(-0.0416595 -0.00156113 0)
(-0.0406614 -0.00216925 0)
(-0.0393465 -0.00274874 0)
(-0.0377325 -0.00329035 0)
(-0.035842 -0.00378484 0)
(-0.0337022 -0.00422306 0)
(-0.0313453 -0.00459609 0)
(-0.0288076 -0.00489538 0)
(-0.0261297 -0.00511291 0)
(-0.0233561 -0.00524139 0)
(-0.0205344 -0.00527452 0)
(-0.017715 -0.00520725 0)
(-0.01495 -0.00503608 0)
(-0.0122923 -0.00475959 0)
(-0.0097945 -0.00437892 0)
(-0.00750682 -0.0038987 0)
(-0.00547559 -0.00332823 0)
(-0.00374052 -0.00268332 0)
(-0.00233167 -0.00198922 0)
(-0.00126521 -0.00128504 0)
(-0.000538404 -0.000629635 0)
(-0.00012972 -0.000110827 0)
(-6.02278e-07 0.000130088 0)
(-3.36629e-05 -3.26912e-06 0)
(-0.000309781 0.000567436 0)
(-0.00099944 0.00145711 0)
(-0.00209622 0.00249546 0)
(-0.00359709 0.00357231 0)
(-0.0054914 0.0046118 0)
(-0.0077515 0.00556289 0)
(-0.0103371 0.00639281 0)
(-0.0131996 0.00708167 0)
(-0.0162845 0.00761864 0)
(-0.0195343 0.00799937 0)
(-0.0228897 0.00822414 0)
(-0.0262917 0.00829652 0)
(-0.0296825 0.0082225 0)
(-0.0330065 0.00800976 0)
(-0.0362111 0.00766725 0)
(-0.0392469 0.00720482 0)
(-0.0420684 0.00663303 0)
(-0.0446342 0.00596293 0)
(-0.0469076 0.00520599 0)
(-0.0488561 0.00437404 0)
(-0.0504521 0.00347925 0)
(-0.0516732 0.00253409 0)
(-0.0525018 0.00155136 0)
(-0.0529256 0.00054417 0)
(-0.0529377 -0.000474021 0)
(-0.0525366 -0.00148946 0)
(-0.0517263 -0.00248808 0)
(-0.0505168 -0.00345557 0)
(-0.0489234 -0.00437745 0)
(-0.0469675 -0.00523913 0)
(-0.044676 -0.00602609 0)
(-0.0420816 -0.006724 0)
(-0.0392223 -0.00731893 0)
(-0.0361417 -0.00779762 0)
(-0.0328878 -0.00814771 0)
(-0.0295133 -0.00835809 0)
(-0.0260746 -0.00841927 0)
(-0.022631 -0.00832385 0)
(-0.0192437 -0.00806704 0)
(-0.0159748 -0.00764736 0)
(-0.0128856 -0.0070675 0)
(-0.0100346 -0.00633554 0)
(-0.00747578 -0.00546655 0)
(-0.00525605 -0.00448498 0)
(-0.00341212 -0.00342806 0)
(-0.0019667 -0.0023506 0)
(-0.000924372 -0.001331 0)
(-0.00027982 -0.000479958 0)
(-2.81667e-05 3.53484e-05 0)
(-6.11029e-05 0.000188349 0)
(-0.000465369 0.00117192 0)
(-0.00140538 0.00249527 0)
(-0.00283524 0.00397312 0)
(-0.00473059 0.00547903 0)
(-0.00706977 0.00692206 0)
(-0.00981602 0.00823853 0)
(-0.012921 0.0093858 0)
(-0.0163285 0.0103369 0)
(-0.019977 0.0110764 0)
(-0.0238016 0.0115974 0)
(-0.0277357 0.0118995 0)
(-0.031713 0.0119869 0)
(-0.0356685 0.0118673 0)
(-0.0395392 0.011551 0)
(-0.0432657 0.0110503 0)
(-0.0467919 0.0103788 0)
(-0.0500664 0.0095514 0)
(-0.0530422 0.00858362 0)
(-0.0556772 0.0074918 0)
(-0.0579346 0.0062928 0)
(-0.0597832 0.00500401 0)
(-0.0611972 0.00364331 0)
(-0.0621567 0.00222903 0)
(-0.0626477 0.000779976 0)
(-0.0626623 -0.000684583 0)
(-0.0621989 -0.00214494 0)
(-0.0612622 -0.003581 0)
(-0.0598633 -0.00497232 0)
(-0.0580198 -0.00629825 0)
(-0.0557561 -0.00753806 0)
(-0.0531026 -0.00867112 0)
(-0.0500965 -0.00967715 0)
(-0.0467811 -0.0105365 0)
(-0.0432054 -0.0112305 0)
(-0.039424 -0.0117419 0)
(-0.0354964 -0.0120553 0)
(-0.0314864 -0.0121576 0)
(-0.0274608 -0.0120389 0)
(-0.0234887 -0.011693 0)
(-0.0196398 -0.0111185 0)
(-0.0159833 -0.01032 0)
(-0.0125854 -0.00930915 0)
(-0.00950759 -0.00810729 0)
(-0.00680418 -0.00674755 0)
(-0.00451993 -0.00527864 0)
(-0.00268634 -0.00376966 0)
(-0.00131823 -0.00231547 0)
(-0.000430213 -0.00104422 0)
(-5.45597e-05 -0.000139211 0)
(-8.64425e-05 0.000459453 0)
(-0.00061512 0.0019768 0)
(-0.00180345 0.00382637 0)
(-0.00356636 0.00581543 0)
(-0.00585669 0.00780657 0)
(-0.00863982 0.00969744 0)
(-0.0118682 0.011414 0)
(-0.0154841 0.0129052 0)
(-0.0194232 0.0141376 0)
(-0.0236168 0.0150916 0)
(-0.0279927 0.0157579 0)
(-0.0324779 0.0161354 0)
(-0.0369992 0.016229 0)
(-0.0414854 0.0160484 0)
(-0.0458674 0.0156067 0)
(-0.0500797 0.0149197 0)
(-0.054061 0.0140053 0)
(-0.0577544 0.012883 0)
(-0.0611083 0.0115734 0)
(-0.0640765 0.0100982 0)
(-0.0666184 0.0084799 0)
(-0.0686995 0.0067417 0)
(-0.0702914 0.00490748 0)
(-0.0713722 0.00300179 0)
(-0.0719264 0.0010498 0)
(-0.0719454 -0.000922729 0)
(-0.0714272 -0.00288945 0)
(-0.0703771 -0.00482352 0)
(-0.0688071 -0.00669767 0)
(-0.0667367 -0.00848439 0)
(-0.0641924 -0.0101561 0)
(-0.0612079 -0.0116853 0)
(-0.0578238 -0.0130452 0)
(-0.0540876 -0.0142098 0)
(-0.0500532 -0.0151544 0)
(-0.0457807 -0.0158564 0)
(-0.0413352 -0.0162954 0)
(-0.0367869 -0.0164547 0)
(-0.0322091 -0.0163214 0)
(-0.0276779 -0.0158879 0)
(-0.0232703 -0.0151526 0)
(-0.0190625 -0.0141218 0)
(-0.0151283 -0.0128112 0)
(-0.0115371 -0.0112477 0)
(-0.00835145 -0.00947278 0)
(-0.00562552 -0.00754557 0)
(-0.00340129 -0.00554739 0)
(-0.00170589 -0.00358637 0)
(-0.000575356 -0.00180334 0)
(-7.89385e-05 -0.000390662 0)
(-0.000109695 0.000805698 0)
(-0.00075743 0.00297659 0)
(-0.00218798 0.00544629 0)
(-0.00427904 0.0080196 0)
(-0.00696057 0.0105523 0)
(-0.0101839 0.0129341 0)
(-0.0138894 0.015083 0)
(-0.0180091 0.0169412 0)
(-0.0224699 0.01847 0)
(-0.027195 0.0196463 0)
(-0.0321055 0.0204589 0)
(-0.0371217 0.0209065 0)
(-0.0421644 0.0209948 0)
(-0.0471565 0.0207358 0)
(-0.0520235 0.0201457 0)
(-0.0566949 0.0192442 0)
(-0.0611046 0.0180538 0)
(-0.0651914 0.016599 0)
(-0.0688997 0.014906 0)
(-0.0721796 0.0130021 0)
(-0.0749875 0.010916 0)
(-0.0772863 0.00867718 0)
(-0.0790453 0.00631615 0)
(-0.0802409 0.00386415 0)
(-0.0808564 0.00135325 0)
(-0.0808822 -0.00118373 0)
(-0.0803163 -0.00371325 0)
(-0.0791641 -0.00620114 0)
(-0.0774384 -0.00861273 0)
(-0.07516 -0.010913 0)
(-0.0723572 -0.013067 0)
(-0.0690661 -0.01504 0)
(-0.0653302 -0.0167977 0)
(-0.0612006 -0.0183074 0)
(-0.056735 -0.0195378 0)
(-0.0519982 -0.0204603 0)
(-0.0470603 -0.0210495 0)
(-0.041997 -0.0212842 0)
(-0.0368877 -0.0211483 0)
(-0.0318147 -0.0206323 0)
(-0.0268619 -0.0197344 0)
(-0.0221128 -0.0184623 0)
(-0.017649 -0.0168348 0)
(-0.013548 -0.0148844 0)
(-0.00988184 -0.0126596 0)
(-0.00671506 -0.0102286 0)
(-0.00410155 -0.0076829 0)
(-0.00208186 -0.00514101 0)
(-0.000713646 -0.00275269 0)
(-0.000101293 -0.000714925 0)
(-0.000131164 0.00122276 0)
(-0.000892512 0.00416422 0)
(-0.00255783 0.00734817 0)
(-0.00497009 0.0105798 0)
(-0.00803693 0.0137112 0)
(-0.0116952 0.0166269 0)
(-0.0158726 0.0192394 0)
(-0.0204898 0.0214859 0)
(-0.0254644 0.0233239 0)
(-0.0307113 0.0247276 0)
(-0.0361442 0.025685 0)
(-0.0416771 0.0261947 0)
(-0.0472247 0.0262642 0)
(-0.0527046 0.0259079 0)
(-0.0580375 0.0251455 0)
(-0.0631483 0.0240011 0)
(-0.0679666 0.0225021 0)
(-0.0724277 0.0206783 0)
(-0.0764726 0.0185618 0)
(-0.0800484 0.0161863 0)
(-0.0831089 0.0135868 0)
(-0.0856148 0.0107997 0)
(-0.0875335 0.00786226 0)
(-0.0888399 0.00481296 0)
(-0.0895162 0.00169119 0)
(-0.0895521 -0.00146273 0)
(-0.0889453 -0.00460759 0)
(-0.0877011 -0.00770147 0)
(-0.0858329 -0.0107018 0)
(-0.0833623 -0.0135657 0)
(-0.0803191 -0.0162502 0)
(-0.0767411 -0.0187126 0)
(-0.0726741 -0.0209111 0)
(-0.068172 -0.0228053 0)
(-0.0632961 -0.0243572 0)
(-0.0581147 -0.0255315 0)
(-0.0527028 -0.026297 0)
(-0.0471406 -0.0266278 0)
(-0.0415135 -0.0265042 0)
(-0.0359097 -0.0259141 0)
(-0.03042 -0.0248549 0)
(-0.0251352 -0.0233351 0)
(-0.0201452 -0.0213762 0)
(-0.0155364 -0.019015 0)
(-0.0113909 -0.0163063 0)
(-0.00778487 -0.0133256 0)
(-0.00478487 -0.0101728 0)
(-0.00244546 -0.00697426 0)
(-0.000845432 -0.00388626 0)
(-0.000121937 -0.00110798 0)
(-0.000151223 0.00170685 0)
(-0.00102137 0.00553274 0)
(-0.00291425 0.00952445 0)
(-0.00564043 0.013489 0)
(-0.00908618 0.0172772 0)
(-0.0131739 0.0207704 0)
(-0.0178179 0.0238777 0)
(-0.0229273 0.0265331 0)
(-0.0284094 0.0286916 0)
(-0.0341707 0.0303264 0)
(-0.0401174 0.031425 0)
(-0.0461565 0.0319872 0)
(-0.0521972 0.0320227 0)
(-0.0581518 0.0315489 0)
(-0.0639364 0.0305896 0)
(-0.0694719 0.0291736 0)
(-0.0746843 0.0273335 0)
(-0.0795056 0.0251052 0)
(-0.0838738 0.0225268 0)
(-0.0877339 0.0196386 0)
(-0.0910373 0.0164825 0)
(-0.0937428 0.0131019 0)
(-0.0958165 0.00954142 0)
(-0.0972317 0.00584695 0)
(-0.0979698 0.00206557 0)
(-0.0980197 -0.00175457 0)
(-0.0973787 -0.0055643 0)
(-0.0960519 -0.00931354 0)
(-0.0940529 -0.0129515 0)
(-0.091404 -0.0164269 0)
(-0.0881356 -0.0196885 0)
(-0.0842869 -0.0226851 0)
(-0.0799056 -0.025367 0)
(-0.0750477 -0.0276856 0)
(-0.0697773 -0.0295953 0)
(-0.0641661 -0.031054 0)
(-0.0582931 -0.0320239 0)
(-0.0522432 -0.0324738 0)
(-0.0461069 -0.0323796 0)
(-0.0399788 -0.0317261 0)
(-0.0339563 -0.0305093 0)
(-0.0281381 -0.0287374 0)
(-0.0226227 -0.0264339 0)
(-0.0175062 -0.0236387 0)
(-0.0128817 -0.0204117 0)
(-0.00883744 -0.0168344 0)
(-0.00545352 -0.0130131 0)
(-0.00279863 -0.00908081 0)
(-0.000971968 -0.00519838 0)
(-0.000141284 -0.00156643 0)
(-0.000170236 0.00225493 0)
(-0.00114533 0.00707607 0)
(-0.0032596 0.0119682 0)
(-0.00629323 0.0167408 0)
(-0.010112 0.0212444 0)
(-0.0146239 0.0253593 0)
(-0.0197299 0.0289929 0)
(-0.0253269 0.0320775 0)
(-0.0313119 0.0345675 0)
(-0.0375822 0.0364358 0)
(-0.044036 0.0376709 0)
(-0.0505737 0.0382748 0)
(-0.0570987 0.0382598 0)
(-0.0635183 0.0376474 0)
(-0.0697441 0.0364658 0)
(-0.0756932 0.0347492 0)
(-0.0812886 0.032536 0)
(-0.0864593 0.0298681 0)
(-0.0911412 0.0267904 0)
(-0.0952769 0.02335 0)
(-0.0988162 0.019596 0)
(-0.101716 0.015579 0)
(-0.103942 0.0113513 0)
(-0.105466 0.00696638 0)
(-0.106268 0.0024793 0)
(-0.106336 -0.00205377 0)
(-0.105668 -0.00657542 0)
(-0.104267 -0.0110272 0)
(-0.102149 -0.0153497 0)
(-0.0993337 -0.0194832 0)
(-0.0958536 -0.0233674 0)
(-0.0917483 -0.0269427 0)
(-0.0870669 -0.0301504 0)
(-0.0818669 -0.0329338 0)
(-0.0762147 -0.035239 0)
(-0.0701852 -0.037016 0)
(-0.0638605 -0.0382203 0)
(-0.0573303 -0.0388144 0)
(-0.0506902 -0.0387689 0)
(-0.0440409 -0.038065 0)
(-0.0374869 -0.0366959 0)
(-0.0311349 -0.034669 0)
(-0.0250926 -0.0320083 0)
(-0.0194667 -0.0287561 0)
(-0.0143617 -0.0249758 0)
(-0.009879 -0.0207535 0)
(-0.00611228 -0.0162011 0)
(-0.00314462 -0.0114565 0)
(-0.00109489 -0.0066847 0)
(-0.000159753 -0.0020878 0)
(-0.000188532 0.00286476 0)
(-0.00126574 0.00878945 0)
(-0.00359672 0.0146737 0)
(-0.00693271 0.0203293 0)
(-0.0111198 0.0256077 0)
(-0.0160517 0.0303892 0)
(-0.021616 0.0345808 0)
(-0.0276972 0.0381151 0)
(-0.0341813 0.040947 0)
(-0.0409562 0.0430506 0)
(-0.0479122 0.0444167 0)
(-0.0549427 0.0450502 0)
(-0.0619452 0.0449675 0)
(-0.0688219 0.0441944 0)
(-0.0754805 0.0427648 0)
(-0.0818345 0.0407183 0)
(-0.087804 0.0380998 0)
(-0.0933157 0.034958 0)
(-0.0983034 0.0313445 0)
(-0.102708 0.0273138 0)
(-0.106478 0.0229221 0)
(-0.109569 0.0182279 0)
(-0.111945 0.0132909 0)
(-0.113578 0.00817262 0)
(-0.114447 0.00293606 0)
(-0.114539 -0.00235438 0)
(-0.113851 -0.00763294 0)
(-0.112386 -0.0128326 0)
(-0.110158 -0.0178852 0)
(-0.107189 -0.022722 0)
(-0.10351 -0.0272739 0)
(-0.0991613 -0.031472 0)
(-0.0941925 -0.0352486 0)
(-0.0886625 -0.0385379 0)
(-0.0826397 -0.0412773 0)
(-0.076201 -0.0434084 0)
(-0.0694323 -0.0448791 0)
(-0.0624271 -0.0456444 0)
(-0.0552863 -0.0456693 0)
(-0.0481166 -0.0449298 0)
(-0.04103 -0.0434155 0)
(-0.0341418 -0.0411319 0)
(-0.0275693 -0.0381022 0)
(-0.0214303 -0.0343697 0)
(-0.0158415 -0.0300003 0)
(-0.0109178 -0.0250837 0)
(-0.00676726 -0.0197359 0)
(-0.00348727 -0.0140993 0)
(-0.00121595 -0.00834265 0)
(-0.000177737 -0.00267055 0)
(-0.000206396 0.0035348 0)
(-0.00138392 0.0106695 0)
(-0.00392852 0.0176368 0)
(-0.00756348 0.0242505 0)
(-0.0121157 0.0303633 0)
(-0.0174648 0.0358565 0)
(-0.0234847 0.0406384 0)
(-0.0300474 0.0446428 0)
(-0.0370278 0.0478267 0)
(-0.044304 0.0501668 0)
(-0.0517581 0.0516576 0)
(-0.0592764 0.0523079 0)
(-0.0667504 0.0521392 0)
(-0.0740776 0.0511828 0)
(-0.0811616 0.0494787 0)
(-0.0879128 0.0470729 0)
(-0.0942487 0.0440173 0)
(-0.100094 0.0403676 0)
(-0.10538 0.0361828 0)
(-0.110048 0.0315247 0)
(-0.114044 0.0264574 0)
(-0.117324 0.0210467 0)
(-0.11985 0.0153604 0)
(-0.121594 0.00946789 0)
(-0.122533 0.00344021 0)
(-0.122654 -0.00265 0)
(-0.121953 -0.00872853 0)
(-0.120434 -0.0147197 0)
(-0.118108 -0.0205465 0)
(-0.114997 -0.0261312 0)
(-0.111132 -0.0313952 0)
(-0.106552 -0.0362604 0)
(-0.101309 -0.0406493 0)
(-0.0954608 -0.0444868 0)
(-0.0890777 -0.0477007 0)
(-0.0822387 -0.0502236 0)
(-0.0750325 -0.0519945 0)
(-0.0675567 -0.0529607 0)
(-0.059917 -0.0530797 0)
(-0.0522267 -0.0523215 0)
(-0.0446052 -0.0506709 0)
(-0.0371766 -0.04813 0)
(-0.0300686 -0.04472 0)
(-0.0234107 -0.0404842 0)
(-0.0173325 -0.0354892 0)
(-0.0119631 -0.0298277 0)
(-0.00742513 -0.0236188 0)
(-0.00383066 -0.0170092 0)
(-0.0013369 -0.0101716 0)
(-0.000195595 -0.00331412 0)
(-0.000224073 0.00426423 0)
(-0.00150108 0.0127144 0)
(-0.00425782 0.0208551 0)
(-0.00819011 0.0285019 0)
(-0.0131058 0.0355089 0)
(-0.0188706 0.0417593 0)
(-0.0253447 0.0471635 0)
(-0.0323872 0.0516582 0)
(-0.0398617 0.0552038 0)
(-0.0476363 0.0577811 0)
(-0.0555847 0.0593892 0)
(-0.0635859 0.0600427 0)
(-0.0715257 0.0597689 0)
(-0.0792967 0.0586058 0)
(-0.0867987 0.0566002 0)
(-0.0939393 0.0538055 0)
(-0.100634 0.050281 0)
(-0.106805 0.0460899 0)
(-0.112383 0.0412991 0)
(-0.117309 0.035978 0)
(-0.121527 0.0301983 0)
(-0.124993 0.024034 0)
(-0.127668 0.0175604 0)
(-0.129524 0.0108549 0)
(-0.130537 0.00399661 0)
(-0.130694 -0.00293366 0)
(-0.129989 -0.00985332 0)
(-0.128425 -0.016678 0)
(-0.126012 -0.023322 0)
(-0.122772 -0.029698 0)
(-0.118735 -0.0357183 0)
(-0.113939 -0.0412948 0)
(-0.108434 -0.0463403 0)
(-0.10228 -0.0507693 0)
(-0.0955483 -0.0544996 0)
(-0.0883182 -0.0574538 0)
(-0.0806816 -0.0595613 0)
(-0.0727395 -0.0607602 0)
(-0.0646028 -0.0609995 0)
(-0.056391 -0.0602419 0)
(-0.0482313 -0.0584659 0)
(-0.040257 -0.0556687 0)
(-0.0326069 -0.0518683 0)
(-0.0254223 -0.0471061 0)
(-0.0188469 -0.041449 0)
(-0.0130244 -0.034991 0)
(-0.00809269 -0.0278543 0)
(-0.00417883 -0.0201891 0)
(-0.00145941 -0.012173 0)
(-0.000213654 -0.00401886 0)
(-0.000241775 0.00505282 0)
(-0.00161831 0.0149235 0)
(-0.00458726 0.024328 0)
(-0.00881696 0.0330828 0)
(-0.0140963 0.0410438 0)
(-0.0202768 0.0480966 0)
(-0.0272046 0.054155 0)
(-0.0347259 0.0591598 0)
(-0.0426926 0.0630759 0)
(-0.0509628 0.06589 0)
(-0.0594013 0.0676073 0)
(-0.0678801 0.0682491 0)
(-0.0762791 0.0678501 0)
(-0.0844862 0.066456 0)
(-0.0923979 0.0641214 0)
(-0.099919 0.060908 0)
(-0.106963 0.0568829 0)
(-0.113451 0.0521176 0)
(-0.119314 0.0466869 0)
(-0.12449 0.0406683 0)
(-0.128926 0.0341416 0)
(-0.132574 0.0271881 0)
(-0.135398 0.0198914 0)
(-0.137367 0.0123366 0)
(-0.138459 0.00461049 0)
(-0.138658 -0.00319789 0)
(-0.137958 -0.0109977 0)
(-0.13636 -0.0186962 0)
(-0.133874 -0.0261986 0)
(-0.13052 -0.0334087 0)
(-0.126325 -0.0402288 0)
(-0.121328 -0.0465611 0)
(-0.115577 -0.0523077 0)
(-0.109132 -0.0573728 0)
(-0.102064 -0.0616631 0)
(-0.0944538 -0.0650905 0)
(-0.0863951 -0.0675734 0)
(-0.0779924 -0.0690396 0)
(-0.0693613 -0.0694284 0)
(-0.0606276 -0.0686933 0)
(-0.0519262 -0.0668052 0)
(-0.0434005 -0.0637546 0)
(-0.0352001 -0.0595549 0)
(-0.0274796 -0.0542443 0)
(-0.0203969 -0.0478885 0)
(-0.0141112 -0.0405819 0)
(-0.00877664 -0.0324492 0)
(-0.00453571 -0.0236444 0)
(-0.00158508 -0.0143502 0)
(-0.000232211 -0.00478596 0)
(-0.000259686 0.00590088 0)
(-0.0017366 0.0172975 0)
(-0.00491924 0.0280562 0)
(-0.00944808 0.037994 0)
(-0.0150927 0.0469687 0)
(-0.0216901 0.0548689 0)
(-0.0290722 0.0616128 0)
(-0.0370719 0.0671463 0)
(-0.045529 0.0714408 0)
(-0.0542914 0.0744898 0)
(-0.063215 0.0763066 0)
(-0.0721648 0.0769206 0)
(-0.0810149 0.0763751 0)
(-0.0896488 0.0747248 0)
(-0.0979598 0.072033 0)
(-0.10585 0.0683706 0)
(-0.113233 0.0638134 0)
(-0.120028 0.0584415 0)
(-0.126165 0.0523383 0)
(-0.131584 0.0455894 0)
(-0.13623 0.0382824 0)
(-0.140057 0.0305068 0)
(-0.143028 0.0223536 0)
(-0.145111 0.0139155 0)
(-0.146285 0.00528722 0)
(-0.146533 -0.0034347 0)
(-0.145847 -0.0121514 0)
(-0.144228 -0.0207617 0)
(-0.141683 -0.0291622 0)
(-0.13823 -0.0372474 0)
(-0.133895 -0.0449103 0)
(-0.128715 -0.0520425 0)
(-0.122737 -0.0585356 0)
(-0.116018 -0.0642825 0)
(-0.10863 -0.0691783 0)
(-0.100653 -0.0731229 0)
(-0.0921833 -0.0760229 0)
(-0.0833279 -0.0777942 0)
(-0.0742067 -0.0783647 0)
(-0.0649517 -0.0776773 0)
(-0.055706 -0.0756934 0)
(-0.0466227 -0.0723951 0)
(-0.0378634 -0.0677893 0)
(-0.0295962 -0.0619096 0)
(-0.021994 -0.0548189 0)
(-0.0152328 -0.0466113 0)
(-0.00948343 -0.0374133 0)
(-0.00490506 -0.0273829 0)
(-0.0017154 -0.0167084 0)
(-0.000251539 -0.00561742 0)
(-0.000277966 0.00680921 0)
(-0.00185682 0.0198381 0)
(-0.00525596 0.0320422 0)
(-0.0100872 0.0432381 0)
(-0.0161002 0.0532858 0)
(-0.0231169 0.0620776 0)
(-0.0309547 0.069537 0)
(-0.0394323 0.0756166 0)
(-0.0483777 0.0802955 0)
(-0.057628 0.0835761 0)
(-0.0670304 0.0854808 0)
(-0.0764427 0.086049 0)
(-0.0857333 0.0853342 0)
(-0.0947819 0.083401 0)
(-0.103479 0.0803231 0)
(-0.111725 0.076181 0)
(-0.119432 0.0710603 0)
(-0.12652 0.0650503 0)
(-0.132919 0.058243 0)
(-0.138569 0.0507326 0)
(-0.143416 0.0426147 0)
(-0.147416 0.0339863 0)
(-0.15053 0.0249461 0)
(-0.152728 0.0155941 0)
(-0.153988 0.00603214 0)
(-0.154291 -0.00363564 0)
(-0.15363 -0.0133028 0)
(-0.152003 -0.0228603 0)
(-0.149416 -0.0321963 0)
(-0.145883 -0.0411963 0)
(-0.141429 -0.0497436 0)
(-0.136087 -0.0577196 0)
(-0.129902 -0.0650048 0)
(-0.122931 -0.0714802 0)
(-0.115242 -0.0770286 0)
(-0.106916 -0.081537 0)
(-0.09805 -0.0848988 0)
(-0.0887529 -0.0870164 0)
(-0.0791488 -0.0878048 0)
(-0.0693756 -0.0871943 0)
(-0.0595842 -0.0851345 0)
(-0.0499379 -0.0815976 0)
(-0.0406106 -0.0765818 0)
(-0.0317848 -0.0701141 0)
(-0.0236494 -0.0622535 0)
(-0.0163978 -0.0530927 0)
(-0.0102192 -0.0427592 0)
(-0.00529046 -0.0314149 0)
(-0.0018518 -0.0192549 0)
(-0.000271894 -0.00651602 0)
(-0.00029676 0.00777903 0)
(-0.0019798 0.0225483 0)
(-0.00559947 0.0362896 0)
(-0.0107378 0.048819 0)
(-0.0171236 0.0599985 0)
(-0.024563 0.069725 0)
(-0.0328581 0.0779283 0)
(-0.0418135 0.0845694 0)
(-0.0512441 0.0896365 0)
(-0.0609766 0.0931427 0)
(-0.0708492 0.0951214 0)
(-0.0807126 0.0956236 0)
(-0.09043 0.0947144 0)
(-0.0998775 0.0924703 0)
(-0.108943 0.0889762 0)
(-0.117527 0.0843234 0)
(-0.125539 0.078608 0)
(-0.132902 0.071929 0)
(-0.139547 0.0643876 0)
(-0.145413 0.0560865 0)
(-0.15045 0.0471294 0)
(-0.154613 0.0376208 0)
(-0.157865 0.0276664 0)
(-0.160177 0.0173734 0)
(-0.161524 0.00685026 0)
(-0.161891 -0.00379192 0)
(-0.161265 -0.0144396 0)
(-0.159645 -0.0249763 0)
(-0.157033 -0.0352823 0)
(-0.153442 -0.0452343 0)
(-0.148892 -0.0547061 0)
(-0.143415 -0.0635688 0)
(-0.13705 -0.0716916 0)
(-0.129852 -0.0789432 0)
(-0.121887 -0.0851933 0)
(-0.113235 -0.0903147 0)
(-0.103992 -0.0941863 0)
(-0.0942686 -0.0966955 0)
(-0.0841926 -0.0977423 0)
(-0.0739071 -0.0972423 0)
(-0.063571 -0.0951314 0)
(-0.0533578 -0.0913691 0)
(-0.043454 -0.0859428 0)
(-0.0340571 -0.0788713 0)
(-0.0253732 -0.0702077 0)
(-0.0176146 -0.0600417 0)
(-0.0109899 -0.0485016 0)
(-0.00569534 -0.0357531 0)
(-0.00199564 -0.0219983 0)
(-0.00029352 -0.00748523 0)
(-0.000316208 0.00881201 0)
(-0.00210632 0.0254319 0)
(-0.00595171 0.0408035 0)
(-0.0114031 0.0547417 0)
(-0.0181672 0.0671111 0)
(-0.0260337 0.0778139 0)
(-0.0347881 0.0867876 0)
(-0.0442202 0.0940026 0)
(-0.0541319 0.0994588 0)
(-0.0643386 0.103181 0)
(-0.0746699 0.105217 0)
(-0.0849694 0.10563 0)
(-0.0950957 0.104499 0)
(-0.104922 0.101914 0)
(-0.114333 0.0979722 0)
(-0.123231 0.0927772 0)
(-0.131526 0.0864359 0)
(-0.139141 0.0790581 0)
(-0.146009 0.0707543 0)
(-0.152073 0.0616358 0)
(-0.157283 0.0518142 0)
(-0.161596 0.0414015 0)
(-0.164978 0.0305101 0)
(-0.1674 0.0192532 0)
(-0.168837 0.00774599 0)
(-0.169272 -0.00389454 0)
(-0.168694 -0.0155484 0)
(-0.167097 -0.0270923 0)
(-0.164482 -0.0383989 0)
(-0.160857 -0.0493369 0)
(-0.15624 -0.059771 0)
(-0.150656 -0.069562 0)
(-0.144143 -0.0785675 0)
(-0.13675 -0.0866435 0)
(-0.12854 -0.0936458 0)
(-0.119591 -0.0994321 0)
(-0.109997 -0.103865 0)
(-0.0998687 -0.106816 0)
(-0.0893371 -0.108167 0)
(-0.0785499 -0.107816 0)
(-0.0676735 -0.105684 0)
(-0.0568916 -0.101715 0)
(-0.0464039 -0.0958828 0)
(-0.0364236 -0.0881954 0)
(-0.0271751 -0.078698 0)
(-0.018891 -0.0674763 0)
(-0.0118012 -0.0546579 0)
(-0.00612303 -0.0404123 0)
(-0.00214824 -0.0249492 0)
(-0.000316656 -0.00852923 0)
(-0.000336445 0.00991015 0)
(-0.00223713 0.0284937 0)
(-0.00631461 0.04559 0)
(-0.0120864 0.0610127 0)
(-0.0192355 0.0746292 0)
(-0.0275337 0.0863477 0)
(-0.0367494 0.0961151 0)
(-0.0466563 0.103913 0)
(-0.0570429 0.109755 0)
(-0.0677133 0.113681 0)
(-0.0784879 0.115752 0)
(-0.0892042 0.116049 0)
(-0.099716 0.114667 0)
(-0.109894 0.111708 0)
(-0.119623 0.107285 0)
(-0.128805 0.101516 0)
(-0.137352 0.0945179 0)
(-0.14519 0.0864125 0)
(-0.152254 0.0773199 0)
(-0.15849 0.0673602 0)
(-0.163852 0.0566528 0)
(-0.1683 0.0453164 0)
(-0.1718 0.0334697 0)
(-0.174324 0.0212317 0)
(-0.17585 0.00872277 0)
(-0.176361 -0.00393451 0)
(-0.175842 -0.0166147 0)
(-0.174286 -0.0291884 0)
(-0.171691 -0.0415218 0)
(-0.168061 -0.053476 0)
(-0.163409 -0.0649069 0)
(-0.157755 -0.0756653 0)
(-0.151132 -0.0855975 0)
(-0.143583 -0.0945463 0)
(-0.135166 -0.102353 0)
(-0.125956 -0.108859 0)
(-0.116043 -0.113909 0)
(-0.105539 -0.117355 0)
(-0.0945747 -0.119061 0)
(-0.0833019 -0.118906 0)
(-0.0718942 -0.11679 0)
(-0.0605453 -0.112639 0)
(-0.0494684 -0.106411 0)
(-0.0388933 -0.0981006 0)
(-0.0290637 -0.0877425 0)
(-0.0202343 -0.0754161 0)
(-0.0126584 -0.0612475 0)
(-0.00657676 -0.0454095 0)
(-0.00231092 -0.0281198 0)
(-0.000341538 -0.00965286 0)
(-0.000357613 0.0110759 0)
(-0.00237306 0.0317394 0)
(-0.00669017 0.0506566 0)
(-0.0127908 0.0676394 0)
(-0.0203327 0.0825586 0)
(-0.0290679 0.0953298 0)
(-0.0387463 0.10591 0)
(-0.0491249 0.114296 0)
(-0.0599777 0.120516 0)
(-0.0710973 0.124626 0)
(-0.0822954 0.126708 0)
(-0.0934031 0.126858 0)
(-0.104271 0.125189 0)
(-0.114767 0.121821 0)
(-0.124778 0.116883 0)
(-0.134206 0.110506 0)
(-0.142967 0.102821 0)
(-0.150991 0.0939602 0)
(-0.158216 0.0840551 0)
(-0.164594 0.0732339 0)
(-0.17008 0.0616235 0)
(-0.174639 0.0493489 0)
(-0.178241 0.0365345 0)
(-0.180859 0.0233041 0)
(-0.182472 0.00978264 0)
(-0.183062 -0.00390309 0)
(-0.182615 -0.0176231 0)
(-0.181119 -0.031243 0)
(-0.178571 -0.0446235 0)
(-0.174968 -0.0576188 0)
(-0.170319 -0.0700768 0)
(-0.164637 -0.0818388 0)
(-0.157949 -0.0927398 0)
(-0.150291 -0.102609 0)
(-0.141714 -0.111273 0)
(-0.132288 -0.118555 0)
(-0.1221 -0.124282 0)
(-0.111257 -0.128285 0)
(-0.0998902 -0.130404 0)
(-0.0881553 -0.130497 0)
(-0.0762313 -0.128441 0)
(-0.0643219 -0.124141 0)
(-0.0526537 -0.117535 0)
(-0.0414738 -0.108601 0)
(-0.0310469 -0.0973594 0)
(-0.0216516 -0.0838821 0)
(-0.0135669 -0.0682918 0)
(-0.00705979 -0.0507636 0)
(-0.002485 -0.0315237 0)
(-0.000368414 -0.0108617 0)
(-0.000379874 0.0123121 0)
(-0.00251498 0.0351757 0)
(-0.00708057 0.056012 0)
(-0.0135201 0.0746307 0)
(-0.0214633 0.0909064 0)
(-0.0306411 0.104764 0)
(-0.040783 0.116172 0)
(-0.051628 0.125145 0)
(-0.0629352 0.131728 0)
(-0.0744851 0.135999 0)
(-0.0860809 0.138058 0)
(-0.0975479 0.138025 0)
(-0.108734 0.13603 0)
(-0.119506 0.132215 0)
(-0.129754 0.126724 0)
(-0.139382 0.119705 0)
(-0.14831 0.111302 0)
(-0.156473 0.101662 0)
(-0.163817 0.0909228 0)
(-0.170296 0.0792238 0)
(-0.175872 0.0666984 0)
(-0.180515 0.0534773 0)
(-0.184197 0.0396896 0)
(-0.186896 0.025463 0)
(-0.18859 0.0109258 0)
(-0.189263 -0.00379212 0)
(-0.188899 -0.0185575 0)
(-0.187485 -0.0332324 0)
(-0.185011 -0.0476729 0)
(-0.181473 -0.0617277 0)
(-0.176869 -0.0752377 0)
(-0.171209 -0.0880351 0)
(-0.164509 -0.099944 0)
(-0.156798 -0.110781 0)
(-0.148119 -0.120355 0)
(-0.138533 -0.128473 0)
(-0.128121 -0.134941 0)
(-0.116987 -0.139565 0)
(-0.10526 -0.142163 0)
(-0.093095 -0.142566 0)
(-0.0806776 -0.140624 0)
(-0.0682203 -0.136217 0)
(-0.0559631 -0.12926 0)
(-0.0441713 -0.119708 0)
(-0.0331319 -0.107567 0)
(-0.0231496 -0.0928967 0)
(-0.0145319 -0.075814 0)
(-0.00757541 -0.0564956 0)
(-0.00267186 -0.0351762 0)
(-0.000397543 -0.0121619 0)
(-0.000403416 0.0136222 0)
(-0.00266395 0.0388107 0)
(-0.00748837 0.0616663 0)
(-0.0142783 0.0819963 0)
(-0.0226326 0.0996799 0)
(-0.0322586 0.114652 0)
(-0.0428637 0.126898 0)
(-0.0541675 0.136448 0)
(-0.0659129 0.143373 0)
(-0.0778687 0.147772 0)
(-0.0898293 0.149771 0)
(-0.101615 0.149511 0)
(-0.113072 0.147147 0)
(-0.12407 0.142842 0)
(-0.134498 0.136758 0)
(-0.144268 0.129061 0)
(-0.153306 0.119912 0)
(-0.161553 0.109467 0)
(-0.168961 0.0978774 0)
(-0.175493 0.0852891 0)
(-0.181117 0.0718426 0)
(-0.185808 0.0576738 0)
(-0.189543 0.0429151 0)
(-0.192304 0.0276972 0)
(-0.194071 0.0121501 0)
(-0.194828 -0.0035944 0)
(-0.194559 -0.0194014 0)
(-0.193248 -0.0351308 0)
(-0.190881 -0.0506355 0)
(-0.187448 -0.0657603 0)
(-0.18294 -0.08034 0)
(-0.177358 -0.094199 0)
(-0.170709 -0.107151 0)
(-0.163011 -0.118999 0)
(-0.154297 -0.129538 0)
(-0.14462 -0.138553 0)
(-0.13405 -0.145828 0)
(-0.122685 -0.151146 0)
(-0.110649 -0.154297 0)
(-0.0980982 -0.15508 0)
(-0.0852199 -0.153317 0)
(-0.0722351 -0.148857 0)
(-0.0593973 -0.141585 0)
(-0.0469903 -0.131433 0)
(-0.0353252 -0.118384 0)
(-0.024735 -0.102483 0)
(-0.015559 -0.0838388 0)
(-0.00812711 -0.0626284 0)
(-0.00287299 -0.0390944 0)
(-0.000429211 -0.0135604 0)
(-0.000428467 0.01501 0)
(-0.00282121 0.0426536 0)
(-0.0079166 0.0676313 0)
(-0.0150702 0.0897476 0)
(-0.0238466 0.108887 0)
(-0.0339265 0.124997 0)
(-0.0449931 0.138082 0)
(-0.0567445 0.148194 0)
(-0.0689072 0.155429 0)
(-0.0812373 0.159915 0)
(-0.0935213 0.161805 0)
(-0.105576 0.161267 0)
(-0.117246 0.158484 0)
(-0.128404 0.153641 0)
(-0.138946 0.146923 0)
(-0.148788 0.138512 0)
(-0.157866 0.128587 0)
(-0.166128 0.117317 0)
(-0.173538 0.104863 0)
(-0.180064 0.0913796 0)
(-0.185684 0.0770131 0)
(-0.190379 0.0619034 0)
(-0.194133 0.0461853 0)
(-0.196932 0.0299908 0)
(-0.198759 0.0134504 0)
(-0.1996 -0.00330413 0)
(-0.199436 -0.0201379 0)
(-0.198251 -0.0369103 0)
(-0.196025 -0.0534732 0)
(-0.192742 -0.0696686 0)
(-0.188386 -0.0853271 0)
(-0.182947 -0.100267 0)
(-0.17642 -0.114291 0)
(-0.168813 -0.127192 0)
(-0.160147 -0.138746 0)
(-0.150459 -0.148721 0)
(-0.139811 -0.156876 0)
(-0.12829 -0.162966 0)
(-0.116013 -0.16675 0)
(-0.103133 -0.167995 0)
(-0.0898379 -0.166488 0)
(-0.0763561 -0.162041 0)
(-0.0629537 -0.154505 0)
(-0.0499337 -0.143781 0)
(-0.0376324 -0.129826 0)
(-0.0264142 -0.112664 0)
(-0.0166538 -0.0923926 0)
(-0.00871862 -0.0691869 0)
(-0.00309 -0.0432969 0)
(-0.000463739 -0.0150651 0)
(-0.00045532 0.0164802 0)
(-0.00298835 0.0467153 0)
(-0.00836904 0.0739208 0)
(-0.0159017 0.0978974 0)
(-0.0251125 0.118537 0)
(-0.0356521 0.135801 0)
(-0.0471764 0.149716 0)
(-0.0593605 0.160363 0)
(-0.071913 0.167866 0)
(-0.0845776 0.172386 0)
(-0.0971334 0.174109 0)
(-0.109394 0.173235 0)
(-0.121207 0.169975 0)
(-0.132448 0.164541 0)
(-0.143021 0.157142 0)
(-0.152852 0.147981 0)
(-0.161886 0.137252 0)
(-0.170083 0.125138 0)
(-0.177416 0.111812 0)
(-0.183866 0.0974348 0)
(-0.18942 0.0821576 0)
(-0.194067 0.0661233 0)
(-0.197799 0.0494679 0)
(-0.200605 0.032323 0)
(-0.202475 0.014818 0)
(-0.203395 -0.00291743 0)
(-0.203347 -0.0207503 0)
(-0.20231 -0.0385416 0)
(-0.200263 -0.0561442 0)
(-0.19718 -0.0733993 0)
(-0.193037 -0.0901352 0)
(-0.187814 -0.106165 0)
(-0.181493 -0.121284 0)
(-0.174068 -0.135272 0)
(-0.165543 -0.147891 0)
(-0.155943 -0.158889 0)
(-0.145313 -0.167998 0)
(-0.133727 -0.174945 0)
(-0.121293 -0.179454 0)
(-0.108156 -0.181255 0)
(-0.0945031 -0.180094 0)
(-0.0805674 -0.175742 0)
(-0.0666264 -0.168008 0)
(-0.0530025 -0.156755 0)
(-0.0400589 -0.141907 0)
(-0.0281941 -0.123462 0)
(-0.0178224 -0.101503 0)
(-0.00935411 -0.0761981 0)
(-0.00332474 -0.0478045 0)
(-0.000501496 -0.0166846 0)
(-0.000484347 0.0180384 0)
(-0.00316737 0.0510089 0)
(-0.00885047 0.0805508 0)
(-0.0167805 0.106461 0)
(-0.0264396 0.128638 0)
(-0.0374444 0.147064 0)
(-0.0494202 0.161791 0)
(-0.0620168 0.172931 0)
(-0.074924 0.180646 0)
(-0.087873 0.185135 0)
(-0.100637 0.186621 0)
(-0.113028 0.185341 0)
(-0.124897 0.181538 0)
(-0.136128 0.175455 0)
(-0.146634 0.167326 0)
(-0.156353 0.157376 0)
(-0.165244 0.145818 0)
(-0.17328 0.132847 0)
(-0.180447 0.118646 0)
(-0.186738 0.103383 0)
(-0.192152 0.0872135 0)
(-0.196688 0.0702819 0)
(-0.200347 0.0527233 0)
(-0.203125 0.0346674 0)
(-0.205015 0.01624 0)
(-0.206006 -0.00243287 0)
(-0.20608 -0.0212226 0)
(-0.205216 -0.0399942 0)
(-0.203385 -0.0586035 0)
(-0.200557 -0.0768936 0)
(-0.196697 -0.0946926 0)
(-0.191771 -0.11181 0)
(-0.18575 -0.128037 0)
(-0.178609 -0.143141 0)
(-0.170337 -0.15687 0)
(-0.160939 -0.168951 0)
(-0.150441 -0.179091 0)
(-0.138902 -0.186986 0)
(-0.126414 -0.192322 0)
(-0.113111 -0.194786 0)
(-0.0991776 -0.194077 0)
(-0.0848462 -0.189918 0)
(-0.0704052 -0.182071 0)
(-0.0561957 -0.17035 0)
(-0.0426092 -0.154638 0)
(-0.0300816 -0.134901 0)
(-0.0190716 -0.111199 0)
(-0.0100383 -0.0836912 0)
(-0.00357936 -0.0526399 0)
(-0.000542924 -0.0184286 0)
(-0.000516032 0.0196912 0)
(-0.00336083 0.05555 0)
(-0.00936696 0.0875406 0)
(-0.0177159 0.115454 0)
(-0.0278393 0.139201 0)
(-0.0393145 0.158785 0)
(-0.0517322 0.174289 0)
(-0.0647148 0.185867 0)
(-0.0779318 0.193722 0)
(-0.0911027 0.198099 0)
(-0.103995 0.199263 0)
(-0.116424 0.197495 0)
(-0.128245 0.193075 0)
(-0.139354 0.186277 0)
(-0.149677 0.177367 0)
(-0.159167 0.16659 0)
(-0.167798 0.154178 0)
(-0.175561 0.140341 0)
(-0.182457 0.12527 0)
(-0.188493 0.10914 0)
(-0.193682 0.0921075 0)
(-0.198034 0.0743179 0)
(-0.20156 0.0559039 0)
(-0.204265 0.0369907 0)
(-0.206146 0.0176988 0)
(-0.207196 -0.0018521 0)
(-0.207399 -0.02154 0)
(-0.206729 -0.0412365 0)
(-0.205156 -0.0608032 0)
(-0.202639 -0.0800877 0)
(-0.199136 -0.0989204 0)
(-0.1946 -0.117111 0)
(-0.188983 -0.134446 0)
(-0.182244 -0.150685 0)
(-0.174352 -0.165562 0)
(-0.165288 -0.178784 0)
(-0.155058 -0.190034 0)
(-0.143699 -0.198972 0)
(-0.131283 -0.205245 0)
(-0.11793 -0.208492 0)
(-0.103812 -0.20836 0)
(-0.089162 -0.204515 0)
(-0.0742749 -0.19666 0)
(-0.0595097 -0.184553 0)
(-0.0452874 -0.168026 0)
(-0.0320844 -0.147001 0)
(-0.0204092 -0.12151 0)
(-0.0107769 -0.0916979 0)
(-0.00385644 -0.0578286 0)
(-0.000588555 -0.020308 0)
(-0.000551009 0.021447 0)
(-0.00357206 0.0603578 0)
(-0.00992633 0.0949134 0)
(-0.01872 0.124899 0)
(-0.029326 0.150238 0)
(-0.0412761 0.170961 0)
(-0.054122 0.187192 0)
(-0.0674556 0.19913 0)
(-0.0809259 0.207034 0)
(-0.0942409 0.211199 0)
(-0.107166 0.211942 0)
(-0.11952 0.20959 0)
(-0.131169 0.204468 0)
(-0.142023 0.196885 0)
(-0.152026 0.187138 0)
(-0.161149 0.175497 0)
(-0.169386 0.162211 0)
(-0.176746 0.147504 0)
(-0.183249 0.131577 0)
(-0.18892 0.114607 0)
(-0.193785 0.0967543 0)
(-0.19787 0.0781601 0)
(-0.201194 0.0589534 0)
(-0.203773 0.0392529 0)
(-0.20561 0.0191714 0)
(-0.206703 -0.00118037 0)
(-0.207036 -0.0216896 0)
(-0.206582 -0.0422371 0)
(-0.205307 -0.0626931 0)
(-0.203164 -0.0829129 0)
(-0.200098 -0.102732 0)
(-0.196049 -0.121963 0)
(-0.190953 -0.140392 0)
(-0.184748 -0.157772 0)
(-0.177379 -0.173827 0)
(-0.168803 -0.188244 0)
(-0.159 -0.20068 0)
(-0.147978 -0.210762 0)
(-0.135786 -0.218091 0)
(-0.122522 -0.222257 0)
(-0.108343 -0.222845 0)
(-0.093474 -0.219456 0)
(-0.0782141 -0.211725 0)
(-0.0629382 -0.199339 0)
(-0.0480971 -0.182069 0)
(-0.0342111 -0.159781 0)
(-0.0218443 -0.132468 0)
(-0.0115765 -0.100253 0)
(-0.0041591 -0.0633988 0)
(-0.000639049 -0.0223353 0)
(-0.000590112 0.0233158 0)
(-0.0038054 0.0654556 0)
(-0.0105386 0.102697 0)
(-0.0198081 0.134818 0)
(-0.0309178 0.161759 0)
(-0.0433462 0.183585 0)
(-0.0566008 0.20047 0)
(-0.0702399 0.212671 0)
(-0.0838916 0.220507 0)
(-0.0972543 0.224338 0)
(-0.110094 0.224542 0)
(-0.122237 0.221497 0)
(-0.133566 0.215577 0)
(-0.144009 0.207133 0)
(-0.153532 0.196491 0)
(-0.162128 0.183949 0)
(-0.169816 0.169775 0)
(-0.176626 0.154203 0)
(-0.182599 0.137443 0)
(-0.187779 0.119675 0)
(-0.19221 0.101057 0)
(-0.195931 0.0817267 0)
(-0.198976 0.0618066 0)
(-0.201368 0.0414065 0)
(-0.20312 0.0206288 0)
(-0.204233 -0.000427141 0)
(-0.204694 -0.0216606 0)
(-0.204477 -0.0429647 0)
(-0.203541 -0.0642214 0)
(-0.201834 -0.0852967 0)
(-0.19929 -0.106035 0)
(-0.195834 -0.126256 0)
(-0.191386 -0.145746 0)
(-0.18586 -0.164258 0)
(-0.179175 -0.181506 0)
(-0.171262 -0.197163 0)
(-0.162067 -0.210859 0)
(-0.151568 -0.222186 0)
(-0.139782 -0.230701 0)
(-0.126777 -0.235935 0)
(-0.112689 -0.237408 0)
(-0.0977295 -0.234645 0)
(-0.0821941 -0.227197 0)
(-0.0664712 -0.214672 0)
(-0.0510411 -0.196758 0)
(-0.0364711 -0.173256 0)
(-0.023388 -0.144104 0)
(-0.0124454 -0.109393 0)
(-0.00449128 -0.0693825 0)
(-0.000695243 -0.0245246 0)
(-0.000634446 0.0253104 0)
(-0.00406648 0.0708724 0)
(-0.0112168 0.110926 0)
(-0.0209998 0.14524 0)
(-0.0326373 0.173777 0)
(-0.0455455 0.196648 0)
(-0.0591811 0.214086 0)
(-0.0730665 0.226421 0)
(-0.0868088 0.234048 0)
(-0.1001 0.2374 0)
(-0.11271 0.236924 0)
(-0.12448 0.233062 0)
(-0.135313 0.226239 0)
(-0.145162 0.21685 0)
(-0.154019 0.205256 0)
(-0.161906 0.19178 0)
(-0.168869 0.176708 0)
(-0.174962 0.160286 0)
(-0.180251 0.142729 0)
(-0.184801 0.124217 0)
(-0.188674 0.104906 0)
(-0.191926 0.0849256 0)
(-0.194603 0.0643898 0)
(-0.196741 0.0433968 0)
(-0.198359 0.0220363 0)
(-0.199465 0.00039345 0)
(-0.200049 -0.0214459 0)
(-0.200084 -0.0433901 0)
(-0.199528 -0.0653361 0)
(-0.19832 -0.087164 0)
(-0.196385 -0.108731 0)
(-0.193635 -0.129867 0)
(-0.18997 -0.150366 0)
(-0.185281 -0.169982 0)
(-0.179461 -0.188423 0)
(-0.172406 -0.205351 0)
(-0.164028 -0.220373 0)
(-0.154267 -0.233047 0)
(-0.143099 -0.242882 0)
(-0.13056 -0.249349 0)
(-0.11675 -0.251893 0)
(-0.10186 -0.249953 0)
(-0.086176 -0.242984 0)
(-0.0700938 -0.230495 0)
(-0.0541214 -0.212075 0)
(-0.0388759 -0.187437 0)
(-0.0250536 -0.156449 0)
(-0.0133941 -0.119161 0)
(-0.00485796 -0.0758162 0)
(-0.000758209 -0.0268926 0)
(-0.000685479 0.027447 0)
(-0.00436269 0.0766444 0)
(-0.0119776 0.119642 0)
(-0.0223198 0.156199 0)
(-0.0345125 0.186306 0)
(-0.0478981 0.210134 0)
(-0.0618762 0.227991 0)
(-0.0759303 0.240298 0)
(-0.0896483 0.24754 0)
(-0.102719 0.250238 0)
(-0.114925 0.248921 0)
(-0.126127 0.2441 0)
(-0.136257 0.236258 0)
(-0.145299 0.225837 0)
(-0.153277 0.213235 0)
(-0.160249 0.198798 0)
(-0.166288 0.182829 0)
(-0.171481 0.165585 0)
(-0.175916 0.147281 0)
(-0.179683 0.128097 0)
(-0.182864 0.108181 0)
(-0.185531 0.0876552 0)
(-0.187745 0.0666207 0)
(-0.189552 0.0451619 0)
(-0.190982 0.023353 0)
(-0.192048 0.00126227 0)
(-0.192744 -0.021042 0)
(-0.193044 -0.0434862 0)
(-0.192904 -0.0659857 0)
(-0.192258 -0.0884386 0)
(-0.191022 -0.110719 0)
(-0.189094 -0.132671 0)
(-0.186354 -0.1541 0)
(-0.182672 -0.174766 0)
(-0.17791 -0.194381 0)
(-0.17193 -0.212595 0)
(-0.164604 -0.228997 0)
(-0.155827 -0.243113 0)
(-0.14553 -0.254407 0)
(-0.1337 -0.262284 0)
(-0.120397 -0.266108 0)
(-0.105777 -0.26522 0)
(-0.090108 -0.258965 0)
(-0.0737844 -0.246729 0)
(-0.0573385 -0.227983 0)
(-0.0414384 -0.202327 0)
(-0.0268578 -0.169538 0)
(-0.0144358 -0.129602 0)
(-0.00526558 -0.082742 0)
(-0.000829352 -0.0294588 0)
(-0.000745184 0.0297458 0)
(-0.00470377 0.0828172 0)
(-0.0128426 0.128896 0)
(-0.0237992 0.167733 0)
(-0.0365774 0.199358 0)
(-0.0504323 0.224017 0)
(-0.0646983 0.242119 0)
(-0.0788193 0.254193 0)
(-0.0923669 0.260837 0)
(-0.105034 0.262675 0)
(-0.116623 0.26033 0)
(-0.127026 0.254392 0)
(-0.136209 0.245408 0)
(-0.144198 0.233868 0)
(-0.151057 0.220204 0)
(-0.156881 0.204789 0)
(-0.161778 0.187938 0)
(-0.165867 0.169913 0)
(-0.169266 0.15093 0)
(-0.172086 0.131164 0)
(-0.17443 0.110752 0)
(-0.176389 0.0898058 0)
(-0.178037 0.0684102 0)
(-0.179433 0.0466337 0)
(-0.180615 0.0245322 0)
(-0.181603 0.00215509 0)
(-0.182396 -0.0204498 0)
(-0.182969 -0.0432299 0)
(-0.183279 -0.0661219 0)
(-0.183254 -0.0890454 0)
(-0.182804 -0.111895 0)
(-0.181813 -0.134535 0)
(-0.180146 -0.156787 0)
(-0.177649 -0.178424 0)
(-0.174153 -0.199164 0)
(-0.169484 -0.218656 0)
(-0.163471 -0.236475 0)
(-0.155957 -0.25212 0)
(-0.146819 -0.265008 0)
(-0.135987 -0.274481 0)
(-0.123467 -0.279816 0)
(-0.109367 -0.280243 0)
(-0.0939204 -0.274979 0)
(-0.0775119 -0.263267 0)
(-0.0606902 -0.244429 0)
(-0.0441739 -0.217922 0)
(-0.0288215 -0.183401 0)
(-0.0155874 -0.140769 0)
(-0.00572257 -0.0902093 0)
(-0.000910538 -0.0322465 0)
(-0.00081623 0.0322333 0)
(-0.00510256 0.0894483 0)
(-0.0138397 0.138753 0)
(-0.0254775 0.179889 0)
(-0.0388732 0.212943 0)
(-0.0531786 0.23826 0)
(-0.067656 0.25638 0)
(-0.0817091 0.267966 0)
(-0.0949 0.273754 0)
(-0.106936 0.274493 0)
(-0.11765 0.27091 0)
(-0.126978 0.263683 0)
(-0.134932 0.253428 0)
(-0.141588 0.240683 0)
(-0.147057 0.225915 0)
(-0.151476 0.209517 0)
(-0.154994 0.191814 0)
(-0.157763 0.173071 0)
(-0.15993 0.153497 0)
(-0.161631 0.13326 0)
(-0.162989 0.112483 0)
(-0.164112 0.0912616 0)
(-0.165089 0.0696639 0)
(-0.165988 0.0477391 0)
(-0.166859 0.0255228 0)
(-0.167726 0.00304273 0)
(-0.168595 -0.0196756 0)
(-0.169445 -0.0426031 0)
(-0.170231 -0.0657007 0)
(-0.170882 -0.0889128 0)
(-0.1713 -0.112159 0)
(-0.17136 -0.135328 0)
(-0.170912 -0.158263 0)
(-0.16978 -0.180758 0)
(-0.167767 -0.202544 0)
(-0.164662 -0.223275 0)
(-0.160245 -0.242523 0)
(-0.154305 -0.259763 0)
(-0.146657 -0.274375 0)
(-0.137161 -0.285634 0)
(-0.125754 -0.292728 0)
(-0.112478 -0.294767 0)
(-0.0975191 -0.29082 0)
(-0.0812315 -0.279962 0)
(-0.0641697 -0.26133 0)
(-0.0470996 -0.234201 0)
(-0.0309709 -0.19807 0)
(-0.0168711 -0.15272 0)
(-0.00624014 -0.098277 0)
(-0.00100429 -0.0352842 0)
(-0.000902277 0.0349434 0)
(-0.00557625 0.0966108 0)
(-0.0150054 0.149291 0)
(-0.0274039 0.192719 0)
(-0.0414485 0.227064 0)
(-0.0561687 0.252806 0)
(-0.0707482 0.270651 0)
(-0.0845544 0.281436 0)
(-0.0971503 0.286062 0)
(-0.108273 0.285423 0)
(-0.117801 0.280369 0)
(-0.125727 0.271671 0)
(-0.132127 0.260015 0)
(-0.137133 0.24599 0)
(-0.140911 0.23009 0)
(-0.143648 0.212724 0)
(-0.145534 0.194223 0)
(-0.146756 0.174847 0)
(-0.14749 0.154796 0)
(-0.147897 0.134222 0)
(-0.14812 0.113233 0)
(-0.14828 0.0919049 0)
(-0.148479 0.0702855 0)
(-0.148797 0.0484028 0)
(-0.14929 0.02627 0)
(-0.149992 0.00389169 0)
(-0.150913 -0.0187309 0)
(-0.152035 -0.0415939 0)
(-0.153317 -0.0646851 0)
(-0.154688 -0.0879763 0)
(-0.156047 -0.111416 0)
(-0.157264 -0.134921 0)
(-0.158175 -0.158365 0)
(-0.158587 -0.181567 0)
(-0.158277 -0.204281 0)
(-0.156996 -0.226176 0)
(-0.154478 -0.246829 0)
(-0.150454 -0.265705 0)
(-0.144667 -0.28215 0)
(-0.136896 -0.295382 0)
(-0.126993 -0.304497 0)
(-0.114916 -0.308476 0)
(-0.100776 -0.306226 0)
(-0.0848772 -0.296619 0)
(-0.0677623 -0.27857 0)
(-0.0502343 -0.251126 0)
(-0.0333387 -0.213571 0)
(-0.0183159 -0.165523 0)
(-0.00683337 -0.107016 0)
(-0.00111409 -0.0386074 0)
(-0.00100843 0.0379206 0)
(-0.006148 0.104398 0)
(-0.0163869 0.160605 0)
(-0.0296396 0.206281 0)
(-0.0443585 0.241713 0)
(-0.0594304 0.267567 0)
(-0.073956 0.284766 0)
(-0.0872759 0.294367 0)
(-0.0989715 0.29747 0)
(-0.108829 0.29514 0)
(-0.116797 0.288361 0)
(-0.122942 0.278006 0)
(-0.127415 0.264829 0)
(-0.130418 0.249463 0)
(-0.13218 0.232427 0)
(-0.13294 0.214137 0)
(-0.132932 0.19492 0)
(-0.132377 0.175025 0)
(-0.13148 0.154637 0)
(-0.130422 0.133888 0)
(-0.129363 0.112864 0)
(-0.128438 0.0916201 0)
(-0.127759 0.0701804 0)
(-0.127414 0.0485498 0)
(-0.127467 0.026718 0)
(-0.127957 0.00466522 0)
(-0.1289 -0.0176326 0)
(-0.130285 -0.0401983 0)
(-0.132073 -0.0630475 0)
(-0.134196 -0.086182 0)
(-0.136557 -0.109582 0)
(-0.13902 -0.133198 0)
(-0.141418 -0.156938 0)
(-0.143542 -0.180654 0)
(-0.145148 -0.204133 0)
(-0.145955 -0.227071 0)
(-0.145651 -0.249061 0)
(-0.143907 -0.269572 0)
(-0.140389 -0.28793 0)
(-0.134786 -0.303305 0)
(-0.126846 -0.314705 0)
(-0.116418 -0.320982 0)
(-0.103512 -0.320859 0)
(-0.088352 -0.312978 0)
(-0.0714389 -0.295983 0)
(-0.0535968 -0.268631 0)
(-0.0359659 -0.229926 0)
(-0.0199601 -0.179254 0)
(-0.00752293 -0.116514 0)
(-0.00124482 -0.0422608 0)
(-0.00114196 0.0412236 0)
(-0.00684948 0.11293 0)
(-0.0180463 0.172813 0)
(-0.0322602 0.220635 0)
(-0.0476638 0.25686 0)
(-0.0629796 0.282411 0)
(-0.0772278 0.298496 0)
(-0.0897402 0.306449 0)
(-0.100144 0.307611 0)
(-0.108304 0.303244 0)
(-0.114262 0.294476 0)
(-0.118185 0.282285 0)
(-0.120313 0.267487 0)
(-0.12093 0.250751 0)
(-0.120331 0.232609 0)
(-0.118811 0.213473 0)
(-0.116647 0.193658 0)
(-0.114092 0.173393 0)
(-0.111375 0.152839 0)
(-0.108695 0.132104 0)
(-0.106223 0.111248 0)
(-0.104106 0.0903006 0)
(-0.10246 0.0692612 0)
(-0.10138 0.0481101 0)
(-0.100934 0.0268129 0)
(-0.101168 0.00532493 0)
(-0.102101 -0.0164032 0)
(-0.10373 -0.0384209 0)
(-0.106023 -0.0607726 0)
(-0.108917 -0.0834913 0)
(-0.112319 -0.106591 0)
(-0.116098 -0.130059 0)
(-0.120086 -0.153841 0)
(-0.124069 -0.177835 0)
(-0.127787 -0.201865 0)
(-0.130934 -0.225669 0)
(-0.133159 -0.248872 0)
(-0.134074 -0.270963 0)
(-0.133265 -0.291266 0)
(-0.130324 -0.308921 0)
(-0.124876 -0.32286 0)
(-0.116638 -0.331807 0)
(-0.105482 -0.334291 0)
(-0.0915105 -0.328694 0)
(-0.0751461 -0.313336 0)
(-0.0572021 -0.286608 0)
(-0.0389027 -0.24714 0)
(-0.021855 -0.194001 0)
(-0.00833749 -0.12688 0)
(-0.00140352 -0.0463019 0)
(-0.00131349 0.044931 0)
(-0.00772474 0.122361 0)
(-0.0200654 0.186055 0)
(-0.0353571 0.235838 0)
(-0.051424 0.272439 0)
(-0.0668056 0.297139 0)
(-0.0804552 0.311524 0)
(-0.0917288 0.317277 0)
(-0.100339 0.316027 0)
(-0.106269 0.309252 0)
(-0.109689 0.298235 0)
(-0.110886 0.284051 0)
(-0.11021 0.267569 0)
(-0.108033 0.249477 0)
(-0.104721 0.230305 0)
(-0.100623 0.21045 0)
(-0.0960548 0.190199 0)
(-0.0912969 0.169751 0)
(-0.0865953 0.149239 0)
(-0.0821608 0.128735 0)
(-0.0781714 0.108275 0)
(-0.0747755 0.0878562 0)
(-0.0720937 0.0674541 0)
(-0.0702213 0.0470237 0)
(-0.0692296 0.0265061 0)
(-0.0691672 0.00583309 0)
(-0.0700596 -0.0150693 0)
(-0.0719084 -0.0362763 0)
(-0.07469 -0.0578602 0)
(-0.0783523 -0.0798849 0)
(-0.0828114 -0.102399 0)
(-0.0879469 -0.125429 0)
(-0.0935963 -0.148965 0)
(-0.0995497 -0.172951 0)
(-0.105544 -0.197264 0)
(-0.111257 -0.221694 0)
(-0.116307 -0.245916 0)
(-0.120256 -0.26946 0)
(-0.122616 -0.291673 0)
(-0.122872 -0.311688 0)
(-0.120517 -0.328384 0)
(-0.115106 -0.34037 0)
(-0.106335 -0.345982 0)
(-0.0941335 -0.343313 0)
(-0.0787883 -0.330302 0)
(-0.0610531 -0.304884 0)
(-0.0422091 -0.265199 0)
(-0.0240687 -0.209864 0)
(-0.00931767 -0.13825 0)
(-0.0016006 -0.0508069 0)
(-0.00153909 0.0491498 0)
(-0.00883629 0.132891 0)
(-0.0225521 0.200497 0)
(-0.0390375 0.251928 0)
(-0.0556856 0.288315 0)
(-0.0708446 0.311449 0)
(-0.0834351 0.323413 0)
(-0.0928914 0.326323 0)
(-0.0990702 0.322142 0)
(-0.102124 0.312584 0)
(-0.10239 0.299085 0)
(-0.100302 0.282798 0)
(-0.0963309 0.264627 0)
(-0.0909441 0.245257 0)
(-0.0845784 0.225195 0)
(-0.0776283 0.204803 0)
(-0.0704409 0.184329 0)
(-0.0633153 0.163932 0)
(-0.0565054 0.143702 0)
(-0.0502242 0.123679 0)
(-0.0446485 0.103863 0)
(-0.0399231 0.0842228 0)
(-0.0361649 0.0647071 0)
(-0.0334664 0.0452464 0)
(-0.0318978 0.0257593 0)
(-0.0315088 0.00615547 0)
(-0.0323286 -0.0136613 0)
(-0.034366 -0.0337896 0)
(-0.0376069 -0.0543277 0)
(-0.0420121 -0.0753686 0)
(-0.0475127 -0.0969949 0)
(-0.0540048 -0.119272 0)
(-0.0613424 -0.142236 0)
(-0.0693298 -0.165884 0)
(-0.0777126 -0.190154 0)
(-0.086169 -0.2149 0)
(-0.0943023 -0.239866 0)
(-0.101637 -0.264647 0)
(-0.10762 -0.288642 0)
(-0.111636 -0.311011 0)
(-0.113036 -0.330616 0)
(-0.111191 -0.34598 0)
(-0.105576 -0.355255 0)
(-0.0958878 -0.356236 0)
(-0.0821985 -0.346426 0)
(-0.0651257 -0.323196 0)
(-0.0459525 -0.284044 0)
(-0.0266926 -0.226952 0)
(-0.010522 -0.1508 0)
(-0.00185198 -0.0558782 0)
(-0.00184392 0.0540278 0)
(-0.0102748 0.144779 0)
(-0.0256488 0.216325 0)
(-0.0434198 0.268896 0)
(-0.0604568 0.30425 0)
(-0.0749338 0.324891 0)
(-0.0858073 0.33356 0)
(-0.0926761 0.332898 0)
(-0.0956215 0.325245 0)
(-0.0950281 0.312558 0)
(-0.0914408 0.296401 0)
(-0.0854651 0.277982 0)
(-0.0777017 0.258203 0)
(-0.0687092 0.237719 0)
(-0.0589852 0.216985 0)
(-0.0489597 0.196309 0)
(-0.0389967 0.175884 0)
(-0.0293993 0.155815 0)
(-0.0204174 0.136147 0)
(-0.0122548 0.116878 0)
(-0.00507674 0.0979737 0)
(0.000983557 0.0793729 0)
(0.00581958 0.060998 0)
(0.00934715 0.0427573 0)
(0.0115013 0.0245493 0)
(0.012234 0.00626476 0)
(0.0115136 -0.0122111 0)
(0.00932488 -0.030997 0)
(0.00567051 -0.0502128 0)
(0.00057418 -0.0699776 0)
(-0.00591512 -0.0904048 0)
(-0.013717 -0.111597 0)
(-0.0227116 -0.133637 0)
(-0.0327301 -0.156577 0)
(-0.0435428 -0.18042 0)
(-0.0548461 -0.205099 0)
(-0.0662493 -0.230441 0)
(-0.0772621 -0.256133 0)
(-0.0872877 -0.281663 0)
(-0.0956241 -0.306259 0)
(-0.101483 -0.328815 0)
(-0.104037 -0.347816 0)
(-0.102501 -0.361271 0)
(-0.0962645 -0.366681 0)
(-0.0850881 -0.361071 0)
(-0.0693382 -0.341137 0)
(-0.0501997 -0.303541 0)
(-0.0298479 -0.245372 0)
(-0.012037 -0.164756 0)
(-0.00218296 -0.0616579 0)
(-0.00226913 0.0597756 0)
(-0.012175 0.158364 0)
(-0.0295413 0.233734 0)
(-0.0486167 0.286645 0)
(-0.0656575 0.319829 0)
(-0.0787317 0.336796 0)
(-0.0869573 0.341137 0)
(-0.0902262 0.336116 0)
(-0.0889492 0.324474 0)
(-0.0838141 0.308386 0)
(-0.0756137 0.289507 0)
(-0.0651376 0.269047 0)
(-0.053113 0.247862 0)
(-0.0401765 0.226534 0)
(-0.0268668 0.205442 0)
(-0.0136285 0.184812 0)
(-0.000822472 0.164767 0)
(0.0112624 0.145352 0)
(0.0223966 0.126558 0)
(0.0323992 0.108339 0)
(0.0411274 0.090625 0)
(0.0484689 0.0733273 0)
(0.054335 0.0563444 0)
(0.0586556 0.0395658 0)
(0.0613751 0.0228736 0)
(0.0624505 0.00614427 0)
(0.0618496 -0.0107509 0)
(0.059551 -0.0279453 0)
(0.0555457 -0.0455756 0)
(0.0498395 -0.0637814 0)
(0.0424571 -0.0827019 0)
(0.0334488 -0.102473 0)
(0.0228988 -0.12322 0)
(0.010936 -0.14505 0)
(-0.00225192 -0.168033 0)
(-0.0164017 -0.192188 0)
(-0.031155 -0.217442 0)
(-0.046038 -0.243598 0)
(-0.0604416 -0.270267 0)
(-0.0736081 -0.296799 0)
(-0.084632 -0.322184 0)
(-0.0924878 -0.344941 0)
(-0.0961011 -0.363005 0)
(-0.0944849 -0.37363 0)
(-0.0869647 -0.373352 0)
(-0.073495 -0.358085 0)
(-0.0549945 -0.323427 0)
(-0.0336926 -0.265216 0)
(-0.0139923 -0.18041 0)
(-0.00263531 -0.0683485 0)
(-0.00288467 0.0667007 0)
(-0.0147407 0.174081 0)
(-0.0344634 0.252888 0)
(-0.0546909 0.304896 0)
(-0.0710212 0.334352 0)
(-0.0815821 0.346175 0)
(-0.0858631 0.345023 0)
(-0.0842306 0.334858 0)
(-0.0775505 0.318805 0)
(-0.0668836 0.2992 0)
(-0.0532946 0.277707 0)
(-0.0377524 0.255469 0)
(-0.0210873 0.233234 0)
(-0.00398351 0.211467 0)
(0.0130117 0.190434 0)
(0.0294694 0.170263 0)
(0.0450588 0.150992 0)
(0.059528 0.132596 0)
(0.0726864 0.115011 0)
(0.0843907 0.0981486 0)
(0.0945327 0.0819053 0)
(0.10303 0.0661667 0)
(0.10982 0.0508128 0)
(0.114851 0.0357186 0)
(0.118081 0.0207558 0)
(0.119476 0.00579171 0)
(0.119004 -0.00931024 0)
(0.116641 -0.0246917 0)
(0.112364 -0.0404998 0)
(0.10616 -0.0568874 0)
(0.098027 -0.0740124 0)
(0.0879799 -0.0920366 0)
(0.0760586 -0.111122 0)
(0.0623397 -0.131423 0)
(0.0469515 -0.153078 0)
(0.0300933 -0.176189 0)
(0.0120599 -0.200797 0)
(-0.00672991 -0.226835 0)
(-0.0257004 -0.254078 0)
(-0.0440872 -0.282049 0)
(-0.0609135 -0.30991 0)
(-0.0749875 -0.336317 0)
(-0.0849436 -0.35924 0)
(-0.0893599 -0.375784 0)
(-0.086996 -0.382046 0)
(-0.0771818 -0.373095 0)
(-0.0603049 -0.343209 0)
(-0.0384207 -0.286507 0)
(-0.0165863 -0.198135 0)
(-0.00328065 -0.0762482 0)
(-0.0038134 0.0752685 0)
(-0.0182827 0.19248 0)
(-0.040683 0.273838 0)
(-0.0615511 0.323039 0)
(-0.0759101 0.346681 0)
(-0.082284 0.351599 0)
(-0.0808611 0.343734 0)
(-0.0727147 0.327756 0)
(-0.0592955 0.30709 0)
(-0.0420829 0.284103 0)
(-0.0224048 0.260356 0)
(-0.00137001 0.236827 0)
(0.0201385 0.214085 0)
(0.0414413 0.192431 0)
(0.0620293 0.171987 0)
(0.0815294 0.152765 0)
(0.0996733 0.13471 0)
(0.116272 0.117726 0)
(0.131192 0.101697 0)
(0.144344 0.0864944 0)
(0.155666 0.0719874 0)
(0.165112 0.0580422 0)
(0.172652 0.0445261 0)
(0.178257 0.0313064 0)
(0.181905 0.0182501 0)
(0.183571 0.00522246 0)
(0.183227 -0.00791431 0)
(0.180844 -0.0213031 0)
(0.176391 -0.0350934 0)
(0.169834 -0.0494434 0)
(0.161143 -0.0645205 0)
(0.150294 -0.0805028 0)
(0.137277 -0.0975778 0)
(0.122107 -0.11594 0)
(0.104837 -0.135783 0)
(0.0855802 -0.15729 0)
(0.0645348 -0.180611 0)
(0.0420206 -0.205826 0)
(0.0185225 -0.232893 0)
(-0.0052583 -0.261562 0)
(-0.0283505 -0.291252 0)
(-0.0494689 -0.32087 0)
(-0.0670034 -0.348582 0)
(-0.0790838 -0.371523 0)
(-0.083789 -0.385492 0)
(-0.0795728 -0.384737 0)
(-0.0659049 -0.362003 0)
(-0.0442393 -0.309102 0)
(-0.0201223 -0.218392 0)
(-0.00424523 -0.0858123 0)
(-0.00527461 0.0862078 0)
(-0.0232689 0.214211 0)
(-0.0484267 0.296334 0)
(-0.0687138 0.339869 0)
(-0.0789663 0.354996 0)
(-0.078712 0.351051 0)
(-0.0692982 0.335373 0)
(-0.0527613 0.313226 0)
(-0.0312271 0.288127 0)
(-0.00657818 0.262277 0)
(0.0196645 0.236974 0)
(0.0463406 0.212913 0)
(0.0726011 0.190416 0)
(0.0978463 0.169573 0)
(0.121666 0.150345 0)
(0.14379 0.132621 0)
(0.164048 0.116252 0)
(0.182337 0.101079 0)
(0.198602 0.0869407 0)
(0.212817 0.0736779 0)
(0.224974 0.0611402 0)
(0.235074 0.0491834 0)
(0.243118 0.03767 0)
(0.249108 0.026467 0)
(0.25304 0.0154443 0)
(0.2549 0.00447181 0)
(0.254669 -0.00658221 0)
(0.252314 -0.0178543 0)
(0.247794 -0.0294884 0)
(0.24106 -0.0416384 0)
(0.232053 -0.0544714 0)
(0.220711 -0.0681698 0)
(0.206972 -0.0829337 0)
(0.190783 -0.0989815 0)
(0.172113 -0.116549 0)
(0.150969 -0.135883 0)
(0.127424 -0.15723 0)
(0.101656 -0.180812 0)
(0.073994 -0.206782 0)
(0.0449888 -0.23515 0)
(0.0154959 -0.265662 0)
(-0.013232 -0.297611 0)
(-0.0394612 -0.329553 0)
(-0.0609461 -0.358912 0)
(-0.0750417 -0.38148 0)
(-0.079084 -0.390887 0)
(-0.0711178 -0.378264 0)
(-0.0512736 -0.332478 0)
(-0.0250525 -0.241707 0)
(-0.00575408 -0.0977596 0)
(-0.00765445 0.100683 0)
(-0.0303555 0.239919 0)
(-0.0576329 0.319431 0)
(-0.0747858 0.353151 0)
(-0.0774757 0.356496 0)
(-0.0672094 0.341795 0)
(-0.0470437 0.31766 0)
(-0.0201691 0.289596 0)
(0.0106425 0.260849 0)
(0.043239 0.233175 0)
(0.0760677 0.207417 0)
(0.108067 0.18388 0)
(0.138546 0.162576 0)
(0.167078 0.143366 0)
(0.193421 0.126045 0)
(0.217454 0.110387 0)
(0.239134 0.0961668 0)
(0.258469 0.0831755 0)
(0.275491 0.0712199 0)
(0.290246 0.0601254 0)
(0.302783 0.0497339 0)
(0.31315 0.0399012 0)
(0.321385 0.0304939 0)
(0.327516 0.0213868 0)
(0.331558 0.01246 0)
(0.333512 0.00359527 0)
(0.333365 -0.00532627 0)
(0.331084 -0.0144276 0)
(0.326623 -0.0238391 0)
(0.319917 -0.0337017 0)
(0.310884 -0.044171 0)
(0.299426 -0.0554213 0)
(0.285435 -0.0676497 0)
(0.26879 -0.0810803 0)
(0.249373 -0.095968 0)
(0.227077 -0.1126 0)
(0.201832 -0.131294 0)
(0.173635 -0.152386 0)
(0.142599 -0.17621 0)
(0.109032 -0.203038 0)
(0.0735379 -0.232989 0)
(0.0371539 -0.265848 0)
(0.00152122 -0.300771 0)
(-0.0309513 -0.335811 0)
(-0.0570147 -0.36721 0)
(-0.0727669 -0.388469 0)
(-0.0742829 -0.389355 0)
(-0.0592865 -0.355319 0)
(-0.0319925 -0.268521 0)
(-0.00819928 -0.113241 0)
(-0.0115741 0.120523 0)
(-0.0402534 0.269849 0)
(-0.0672423 0.340744 0)
(-0.0763694 0.358992 0)
(-0.0662466 0.347099 0)
(-0.0416757 0.320406 0)
(-0.00786603 0.288169 0)
(0.0308988 0.255436 0)
(0.0714739 0.22466 0)
(0.111751 0.196822 0)
(0.150419 0.172133 0)
(0.186725 0.150433 0)
(0.220283 0.131408 0)
(0.250939 0.114704 0)
(0.278678 0.0999766 0)
(0.303566 0.0869139 0)
(0.325709 0.0752432 0)
(0.345228 0.064729 0)
(0.362248 0.0551691 0)
(0.376885 0.0463896 0)
(0.389243 0.0382392 0)
(0.399411 0.0305849 0)
(0.40746 0.0233071 0)
(0.413441 0.0162963 0)
(0.417389 0.00944944 0)
(0.419315 0.00266631 0)
(0.419214 -0.00415317 0)
(0.417056 -0.0111123 0)
(0.412791 -0.018321 0)
(0.406343 -0.0258994 0)
(0.397616 -0.033982 0)
(0.386484 -0.0427224 0)
(0.372799 -0.0522991 0)
(0.356384 -0.0629218 0)
(0.337043 -0.0748388 0)
(0.31456 -0.0883449 0)
(0.28872 -0.103788 0)
(0.259321 -0.121577 0)
(0.226222 -0.142172 0)
(0.189408 -0.16607 0)
(0.14909 -0.193747 0)
(0.105873 -0.225528 0)
(0.0609913 -0.261334 0)
(0.0166218 -0.300201 0)
(-0.0237822 -0.33944 0)
(-0.0552901 -0.373283 0)
(-0.0716747 -0.390987 0)
(-0.0669145 -0.374737 0)
(-0.041537 -0.298746 0)
(-0.0121937 -0.134044 0)
(-0.0177485 0.148551 0)
(-0.0528822 0.302811 0)
(-0.0732999 0.355066 0)
(-0.065851 0.351044 0)
(-0.0357705 0.321361 0)
(0.00765332 0.283168 0)
(0.0572081 0.244929 0)
(0.108126 0.210181 0)
(0.15754 0.179974 0)
(0.203908 0.154235 0)
(0.246527 0.132461 0)
(0.285183 0.114039 0)
(0.319931 0.0983848 0)
(0.35096 0.0849916 0)
(0.378517 0.073436 0)
(0.40286 0.0633721 0)
(0.424238 0.0545189 0)
(0.442881 0.0466481 0)
(0.458989 0.0395727 0)
(0.472737 0.0331381 0)
(0.484272 0.0272141 0)
(0.493713 0.0216898 0)
(0.501154 0.0164679 0)
(0.506665 0.0114608 0)
(0.510292 0.00658759 0)
(0.512058 0.00177064 0)
(0.511963 -0.00306719 0)
(0.50998 -0.00800536 0)
(0.50606 -0.0131286 0)
(0.500125 -0.0185304 0)
(0.49207 -0.0243165 0)
(0.481755 -0.0306101 0)
(0.469007 -0.0375572 0)
(0.453613 -0.0453341 0)
(0.435319 -0.0541565 0)
(0.413826 -0.0642912 0)
(0.388792 -0.0760699 0)
(0.359837 -0.0899061 0)
(0.326563 -0.106313 0)
(0.288594 -0.125915 0)
(0.245655 -0.14945 0)
(0.197714 -0.177717 0)
(0.145238 -0.211432 0)
(0.0896016 -0.250865 0)
(0.0336879 -0.295033 0)
(-0.0173617 -0.340112 0)
(-0.0554236 -0.376579 0)
(-0.069732 -0.384942 0)
(-0.0532982 -0.330657 0)
(-0.0183759 -0.162888 0)
(-0.0258805 0.189373 0)
(-0.0643843 0.333673 0)
(-0.064398 0.351755 0)
(-0.0272767 0.319466 0)
(0.0304595 0.27279 0)
(0.0954992 0.22702 0)
(0.160217 0.187478 0)
(0.220813 0.155017 0)
(0.275743 0.12886 0)
(0.324677 0.107848 0)
(0.367867 0.0908819 0)
(0.405803 0.077054 0)
(0.439034 0.0656538 0)
(0.468094 0.0561379 0)
(0.493461 0.0480933 0)
(0.515553 0.0412053 0)
(0.534727 0.0352322 0)
(0.55128 0.0299861 0)
(0.565462 0.0253188 0)
(0.57748 0.0211118 0)
(0.587499 0.0172679 0)
(0.595654 0.0137061 0)
(0.602049 0.010357 0)
(0.606761 0.00715918 0)
(0.609842 0.00405659 0)
(0.611318 0.000996046 0)
(0.611194 -0.00207495 0)
(0.609449 -0.00521037 0)
(0.606038 -0.00846791 0)
(0.600887 -0.0119116 0)
(0.593895 -0.0156147 0)
(0.584922 -0.0196638 0)
(0.573793 -0.0241633 0)
(0.560284 -0.0292421 0)
(0.544118 -0.0350621 0)
(0.524955 -0.0418303 0)
(0.502378 -0.0498146 0)
(0.475886 -0.0593659 0)
(0.444882 -0.0709484 0)
(0.408679 -0.0851781 0)
(0.366516 -0.10287 0)
(0.31764 -0.12508 0)
(0.261471 -0.153116 0)
(0.197978 -0.188408 0)
(0.128389 -0.232029 0)
(0.0564265 -0.283305 0)
(-0.00983974 -0.336562 0)
(-0.0558675 -0.374862 0)
(-0.0627817 -0.358347 0)
(-0.0261687 -0.204117 0)
(-0.0296292 0.246724 0)
(-0.0583986 0.346547 0)
(-0.0119572 0.311495 0)
(0.0703989 0.251533 0)
(0.159094 0.196214 0)
(0.242192 0.152096 0)
(0.315628 0.118863 0)
(0.378757 0.0942126 0)
(0.432443 0.075827 0)
(0.478004 0.0619104 0)
(0.516742 0.0511807 0)
(0.549784 0.042746 0)
(0.578064 0.0359875 0)
(0.602336 0.0304731 0)
(0.623205 0.0258967 0)
(0.641152 0.0220373 0)
(0.656565 0.0187326 0)
(0.669753 0.015861 0)
(0.680965 0.0133293 0)
(0.690401 0.0110649 0)
(0.69822 0.0090095 0)
(0.704547 0.0071155 0)
(0.709477 0.0053427 0)
(0.713083 0.0036561 0)
(0.715412 0.00202409 0)
(0.716491 0.000416939 0)
(0.716325 -0.00119454 0)
(0.7149 -0.00284029 0)
(0.712179 -0.00455241 0)
(0.7081 -0.00636668 0)
(0.702576 -0.00832444 0)
(0.695488 -0.010475 0)
(0.68668 -0.0128788 0)
(0.675952 -0.0156117 0)
(0.663048 -0.0187711 0)
(0.647644 -0.0224848 0)
(0.629329 -0.0269235 0)
(0.607579 -0.0323198 0)
(0.58173 -0.0389972 0)
(0.550936 -0.0474142 0)
(0.51413 -0.0582309 0)
(0.469987 -0.0724088 0)
(0.416925 -0.0913486 0)
(0.35323 -0.117048 0)
(0.27753 -0.152155 0)
(0.189957 -0.199437 0)
(0.0943106 -0.259598 0)
(0.00284563 -0.32558 0)
(-0.0528311 -0.364955 0)
(-0.0285072 -0.260371 0)
(0.0100401 0.28671 0)
(0.0248626 0.299723 0)
(0.150354 0.214158 0)
(0.281623 0.145882 0)
(0.387786 0.100249 0)
(0.47134 0.0705507 0)
(0.53722 0.0512904 0)
(0.589413 0.0385735 0)
(0.63122 0.0298971 0)
(0.665174 0.0237541 0)
(0.69311 0.0192473 0)
(0.716351 0.015833 0)
(0.73586 0.0131724 0)
(0.752347 0.0110477 0)
(0.766345 0.00931389 0)
(0.778259 0.00787162 0)
(0.7884 0.0066505 0)
(0.797011 0.00559941 0)
(0.804282 0.00468015 0)
(0.810362 0.00386353 0)
(0.815369 0.0031266 0)
(0.819394 0.00245082 0)
(0.822506 0.00182079 0)
(0.824758 0.00122323 0)
(0.826184 0.000646279 0)
(0.826803 7.88408e-05 0)
(0.826621 -0.00048992 0)
(0.825629 -0.00107113 0)
(0.823801 -0.00167671 0)
(0.821096 -0.00232002 0)
(0.817454 -0.00301664 0)
(0.812792 -0.00378528 0)
(0.807 -0.00464918 0)
(0.799935 -0.00563797 0)
(0.791412 -0.00679031 0)
(0.78119 -0.00815797 0)
(0.768956 -0.00981199 0)
(0.754299 -0.0118525 0)
(0.736673 -0.0144249 0)
(0.715342 -0.0177471 0)
(0.689303 -0.0221579 0)
(0.657162 -0.028203 0)
(0.616963 -0.0367916 0)
(0.56596 -0.0494762 0)
(0.50047 -0.0689022 0)
(0.415932 -0.0993371 0)
(0.306695 -0.146963 0)
(0.169408 -0.218966 0)
(0.0356164 -0.308497 0)
(0.0145891 -0.294729 0)
(0.301251 0.14701 0)
(0.400424 0.127488 0)
(0.564643 0.075179 0)
(0.682465 0.0427889 0)
(0.752591 0.0251228 0)
(0.797597 0.0154522 0)
(0.828866 0.0100762 0)
(0.851606 0.0069848 0)
(0.868781 0.00510822 0)
(0.882189 0.00389641 0)
(0.892924 0.00306658 0)
(0.90168 0.00246878 0)
(0.90892 0.00201977 0)
(0.914967 0.0016709 0)
(0.920051 0.0013922 0)
(0.924342 0.00116426 0)
(0.927966 0.000973957 0)
(0.931023 0.000812083 0)
(0.933586 0.000671941 0)
(0.935715 0.000548519 0)
(0.937454 0.000437959 0)
(0.93884 0.000337192 0)
(0.939899 0.000243702 0)
(0.94065 0.000155352 0)
(0.941107 7.02461e-05 0)
(0.941277 -1.33727e-05 0)
(0.941162 -9.7215e-05 0)
(0.940759 -0.000183042 0)
(0.940059 -0.000272743 0)
(0.939046 -0.000368452 0)
(0.937698 -0.000472678 0)
(0.935983 -0.000588476 0)
(0.933859 -0.000719695 0)
(0.931272 -0.000871318 0)
(0.928149 -0.00104998 0)
(0.924397 -0.00126479 0)
(0.91989 -0.00152857 0)
(0.914462 -0.00186013 0)
(0.907884 -0.00228811 0)
(0.899838 -0.00285835 0)
(0.889865 -0.00364837 0)
(0.877278 -0.00479716 0)
(0.860998 -0.00656834 0)
(0.839241 -0.00948369 0)
(0.809013 -0.0145901 0)
(0.765011 -0.0239421 0)
(0.695657 -0.0414637 0)
(0.577236 -0.074311 0)
(0.408944 -0.128032 0)
(0.304996 -0.148435 0)
)
;

boundaryField
{
    movingWall
    {
        type            fixedValue;
        value           uniform (1 0 0);
    }
    fixedWalls
    {
        type            noSlip;
    }
    frontAndBack
    {
        type            empty;
    }
}


// ************************************************************************* //
