/*--------------------------------*- C++ -*----------------------------------*\
| =========                 |                                                 |
| \\      /  F ield         | OpenFOAM: The Open Source CFD Toolbox           |
|  \\    /   O peration     | Version:  v2012                                 |
|   \\  /    A nd           | Website:  www.openfoam.com                      |
|    \\/     M anipulation  |                                                 |
\*---------------------------------------------------------------------------*/
FoamFile
{
    version     2.0;
    format      ascii;
    class       surfaceScalarField;
    location    "0.25";
    object      phi;
}
// * * * * * * * * * * * * * * * * * * * * * * * * * * * * * * * * * * * * * //

dimensions      [0 3 -1 0 0 0 0];
oriented        oriented;


internalField   nonuniform List<scalar> 
4900
(
1.18225e-09
-1.18269e-09
2.41951e-09
-1.23727e-09
2.51837e-09
-9.88579e-11
1.04005e-09
1.47831e-09
-2.09607e-09
3.13612e-09
-6.80215e-09
4.70608e-09
-1.2908e-08
6.10582e-09
-2.02058e-08
7.29789e-09
-2.84739e-08
8.26807e-09
-3.74882e-08
9.01435e-09
-4.70296e-08
9.54141e-09
-5.68874e-08
9.85782e-09
-6.68619e-08
9.97445e-09
-7.67654e-08
9.90357e-09
-8.64236e-08
9.65823e-09
-9.56756e-08
9.25201e-09
-1.04374e-07
8.69871e-09
-1.12387e-07
8.01232e-09
-1.19594e-07
7.20691e-09
-1.2589e-07
6.29665e-09
-1.31186e-07
5.29587e-09
-1.35405e-07
4.21904e-09
-1.38486e-07
3.08092e-09
-1.40383e-07
1.89657e-09
-1.41064e-07
6.81451e-10
-1.40515e-07
-5.4855e-10
-1.38738e-07
-1.77706e-09
-1.35751e-07
-2.9872e-09
-1.3159e-07
-4.16165e-09
-1.26307e-07
-5.28266e-09
-1.19975e-07
-6.33216e-09
-1.12683e-07
-7.29188e-09
-1.04539e-07
-8.14354e-09
-9.56705e-08
-8.86903e-09
-8.62199e-08
-9.45064e-09
-7.63486e-08
-9.8714e-09
-6.62332e-08
-1.01154e-08
-5.60652e-08
-1.0168e-08
-4.60486e-08
-1.00166e-08
-3.63981e-08
-9.65058e-09
-2.73358e-08
-9.06239e-09
-1.90877e-08
-8.24816e-09
-1.18785e-08
-7.20934e-09
-5.92315e-09
-5.95529e-09
-1.41456e-09
-4.50847e-09
1.50065e-09
-2.91507e-09
2.76597e-09
-1.2653e-09
2.4976e-09
2.68206e-10
1.17488e-09
1.32247e-09
1.17469e-09
1.25158e-09
-2.43427e-09
1.45009e-09
-1.4358e-09
-1.15896e-09
2.51018e-09
-7.3823e-09
7.70164e-09
-1.74701e-08
1.32239e-08
-3.13141e-08
1.85501e-08
-4.8589e-08
2.33807e-08
-6.88451e-08
2.7554e-08
-9.15665e-08
3.09895e-08
-1.16208e-07
3.36556e-08
-1.42217e-07
3.55506e-08
-1.69051e-07
3.66919e-08
-1.96186e-07
3.71092e-08
-2.23122e-07
3.68404e-08
-2.49393e-07
3.59285e-08
-2.74561e-07
3.44201e-08
-2.98226e-07
3.23643e-08
-3.20025e-07
2.98114e-08
-3.39632e-07
2.68133e-08
-3.56758e-07
2.34227e-08
-3.71155e-07
1.96931e-08
-3.82615e-07
1.56792e-08
-3.90971e-07
1.14367e-08
-3.96097e-07
7.02277e-09
-3.97912e-07
2.4958e-09
-3.96376e-07
-2.08414e-09
-3.91498e-07
-6.65537e-09
-3.8333e-07
-1.11546e-08
-3.71975e-07
-1.5517e-08
-3.57581e-07
-1.96765e-08
-3.40347e-07
-2.35663e-08
-3.2052e-07
-2.71191e-08
-2.98396e-07
-3.0268e-08
-2.74317e-07
-3.29472e-08
-2.48675e-07
-3.50931e-08
-2.21901e-07
-3.66454e-08
-1.94468e-07
-3.75483e-08
-1.66884e-07
-3.77522e-08
-1.39685e-07
-3.72155e-08
-1.13429e-07
-3.59065e-08
-8.86846e-08
-3.38068e-08
-6.60176e-08
-3.09151e-08
-4.59738e-08
-2.72532e-08
-2.90525e-08
-2.28768e-08
-1.56692e-08
-1.7892e-08
-6.09794e-09
-1.24863e-08
-3.81765e-10
-6.98125e-09
1.80523e-09
-1.91848e-09
1.3348e-09
1.7931e-09
2.50927e-09
1.55254e-10
-2.58952e-09
-2.40359e-09
1.12302e-09
-9.35037e-09
9.45695e-09
-2.15222e-08
1.98735e-08
-3.91851e-08
3.08867e-08
-6.21925e-08
4.15575e-08
-9.0115e-08
5.13032e-08
-1.22341e-07
5.97799e-08
-1.58148e-07
6.67968e-08
-1.96755e-07
7.22628e-08
-2.37357e-07
7.61524e-08
-2.7915e-07
7.84843e-08
-3.21348e-07
7.93072e-08
-3.63198e-07
7.86902e-08
-4.03986e-07
7.67168e-08
-4.43046e-07
7.348e-08
-4.79761e-07
6.908e-08
-5.13572e-07
6.36217e-08
-5.43972e-07
5.72139e-08
-5.70518e-07
4.99683e-08
-5.92824e-07
4.19993e-08
-6.10569e-07
3.34238e-08
-6.23494e-07
2.43617e-08
-6.31407e-07
1.49354e-08
-6.34181e-07
5.27076e-09
-6.31762e-07
-4.50341e-09
-6.24163e-07
-1.42549e-08
-6.11469e-07
-2.38482e-08
-5.93841e-07
-3.31453e-08
-5.71512e-07
-4.20058e-08
-5.4479e-07
-5.0288e-08
-5.14059e-07
-5.78498e-08
-4.79777e-07
-6.45508e-08
-4.4247e-07
-7.02536e-08
-4.02737e-07
-7.48261e-08
-3.61239e-07
-7.81442e-08
-3.18692e-07
-8.00947e-08
-2.75866e-07
-8.05788e-08
-2.33565e-07
-7.95161e-08
-1.92622e-07
-7.68501e-08
-1.53874e-07
-7.25544e-08
-1.18147e-07
-6.6642e-08
-8.6222e-08
-5.91781e-08
-5.87992e-08
-5.02997e-08
-3.64447e-08
-4.02466e-08
-1.95203e-08
-2.94109e-08
-8.08633e-09
-1.84153e-08
-1.78091e-09
-8.22372e-09
3.30114e-10
-3.17658e-10
2.83928e-09
-1.37714e-09
-1.21239e-09
-7.52383e-09
7.26969e-09
-1.97082e-08
2.16413e-08
-3.85711e-08
3.87364e-08
-6.42578e-08
5.65735e-08
-9.65201e-08
7.38197e-08
-1.34815e-07
8.95985e-08
-1.78395e-07
1.03359e-07
-2.26373e-07
1.14776e-07
-2.77786e-07
1.23676e-07
-3.31629e-07
1.29995e-07
-3.86889e-07
1.33745e-07
-4.42571e-07
1.3499e-07
-4.97713e-07
1.33832e-07
-5.51399e-07
1.30403e-07
-6.02769e-07
1.24849e-07
-6.51025e-07
1.17336e-07
-6.9544e-07
1.08037e-07
-7.35357e-07
9.71317e-08
-7.70199e-07
8.48096e-08
-7.99463e-07
7.12634e-08
-8.2273e-07
5.66915e-08
-8.39666e-07
4.12972e-08
-8.5002e-07
2.52891e-08
-8.5363e-07
8.88094e-09
-8.50425e-07
-7.70826e-09
-8.40426e-07
-2.42541e-08
-8.23747e-07
-4.05271e-08
-8.00599e-07
-5.62938e-08
-7.71287e-07
-7.13174e-08
-7.36216e-07
-8.53594e-08
-6.95884e-07
-9.8182e-08
-6.50884e-07
-1.0955e-07
-6.01903e-07
-1.19235e-07
-5.4971e-07
-1.27019e-07
-4.95156e-07
-1.32698e-07
-4.39164e-07
-1.36087e-07
-3.82713e-07
-1.37029e-07
-3.2683e-07
-1.35399e-07
-2.72567e-07
-1.31114e-07
-2.20976e-07
-1.24145e-07
-1.73088e-07
-1.1453e-07
-1.29869e-07
-1.02397e-07
-9.21803e-08
-8.79884e-08
-6.07191e-08
-7.17078e-08
-3.59502e-08
-5.41799e-08
-1.8021e-08
-3.63447e-08
-6.66873e-09
-1.9576e-08
-1.12797e-09
-5.85823e-09
1.71133e-09
-3.01997e-09
1.80757e-09
-1.31096e-08
1.73593e-08
-3.09805e-08
3.95122e-08
-5.69418e-08
6.46977e-08
-9.09168e-08
9.05485e-08
-1.32493e-07
1.15395e-07
-1.80985e-07
1.38091e-07
-2.35504e-07
1.57879e-07
-2.95021e-07
1.74292e-07
-3.58413e-07
1.87067e-07
-4.2451e-07
1.96092e-07
-4.92131e-07
2.01366e-07
-5.60107e-07
2.02965e-07
-6.27302e-07
2.01027e-07
-6.92633e-07
1.95734e-07
-7.55079e-07
1.87295e-07
-8.13691e-07
1.75948e-07
-8.676e-07
1.61946e-07
-9.16024e-07
1.45556e-07
-9.5827e-07
1.27055e-07
-9.93738e-07
1.06731e-07
-1.02193e-06
8.48804e-08
-1.04244e-06
6.18058e-08
-1.05497e-06
3.78192e-08
-1.05932e-06
1.32401e-08
-1.05543e-06
-1.16041e-08
-1.0433e-06
-3.63785e-08
-1.02309e-06
-6.07412e-08
-9.9504e-07
-8.43446e-08
-9.5952e-07
-1.06837e-07
-9.17015e-07
-1.27865e-07
-8.6812e-07
-1.47076e-07
-8.13545e-07
-1.64126e-07
-7.54104e-07
-1.78676e-07
-6.90715e-07
-1.90409e-07
-6.24385e-07
-1.99027e-07
-5.56207e-07
-2.04265e-07
-4.87337e-07
-2.05899e-07
-4.18983e-07
-2.03753e-07
-3.52377e-07
-1.9772e-07
-2.88754e-07
-1.87769e-07
-2.29312e-07
-1.73972e-07
-1.75179e-07
-1.56529e-07
-1.27364e-07
-1.35804e-07
-8.67003e-08
-1.12371e-07
-5.37879e-08
-8.70924e-08
-2.89263e-08
-6.12065e-08
-1.20546e-08
-3.64479e-08
-2.70754e-09
-1.52053e-08
-9.96106e-10
-4.63981e-09
6.44737e-09
-1.87496e-08
3.1469e-08
-4.24618e-08
6.32244e-08
-7.56862e-08
9.7922e-08
-1.18059e-07
1.32921e-07
-1.68951e-07
1.66287e-07
-2.27502e-07
1.96642e-07
-2.92671e-07
2.23048e-07
-3.6328e-07
2.44901e-07
-4.38062e-07
2.61849e-07
-5.15702e-07
2.73732e-07
-5.94871e-07
2.80534e-07
-6.74252e-07
2.82346e-07
-7.52566e-07
2.79342e-07
-8.28589e-07
2.71756e-07
-9.01164e-07
2.59871e-07
-9.69216e-07
2.44001e-07
-1.03176e-06
2.24489e-07
-1.0879e-06
2.01699e-07
-1.13686e-06
1.76011e-07
-1.17794e-06
1.47817e-07
-1.21059e-06
1.17526e-07
-1.23434e-06
8.55538e-08
-1.24885e-06
5.23308e-08
-1.25391e-06
1.82966e-08
-1.24941e-06
-1.6098e-08
-1.2354e-06
-5.03922e-08
-1.21202e-06
-8.41161e-08
-1.17958e-06
-1.16792e-07
-1.13847e-06
-1.47939e-07
-1.08927e-06
-1.77072e-07
-1.03263e-06
-2.03712e-07
-9.69371e-07
-2.27385e-07
-9.00412e-07
-2.47635e-07
-8.26791e-07
-2.6403e-07
-7.4965e-07
-2.76168e-07
-6.70221e-07
-2.83694e-07
-5.89812e-07
-2.86308e-07
-5.09782e-07
-2.83783e-07
-4.31523e-07
-2.7598e-07
-3.56421e-07
-2.6287e-07
-2.85833e-07
-2.44561e-07
-2.21036e-07
-2.21326e-07
-1.63189e-07
-1.93651e-07
-1.1328e-07
-1.6228e-07
-7.2079e-08
-1.28293e-07
-4.00903e-08
-9.31952e-08
-1.75201e-08
-5.90182e-08
-4.27207e-09
-2.84534e-08
-5.26809e-09
-6.18495e-09
1.26323e-08
-2.42494e-08
4.95335e-08
-5.37824e-08
9.27574e-08
-9.42752e-08
1.38415e-07
-1.45041e-07
1.83687e-07
-2.052e-07
2.26445e-07
-2.73687e-07
2.6513e-07
-3.49287e-07
2.98648e-07
-4.30668e-07
3.26282e-07
-5.1642e-07
3.47601e-07
-6.05089e-07
3.62402e-07
-6.95213e-07
3.70659e-07
-7.85348e-07
3.7248e-07
-8.74087e-07
3.68081e-07
-9.60086e-07
3.57755e-07
-1.04207e-06
3.4186e-07
-1.11887e-06
3.20797e-07
-1.18939e-06
2.95007e-07
-1.25265e-06
2.6496e-07
-1.30778e-06
2.31145e-07
-1.35404e-06
1.94075e-07
-1.39079e-06
1.54277e-07
-1.41753e-06
1.12295e-07
-1.43389e-06
6.86883e-08
-1.43962e-06
2.40288e-08
-1.43463e-06
-2.10968e-08
-1.41893e-06
-6.60892e-08
-1.39271e-06
-1.10338e-07
-1.35628e-06
-1.53223e-07
-1.3101e-06
-1.94119e-07
-1.25477e-06
-2.32399e-07
-1.19104e-06
-2.67442e-07
-1.11979e-06
-2.98636e-07
-1.04203e-06
-3.25393e-07
-9.58906e-07
-3.47154e-07
-8.71669e-07
-3.63405e-07
-7.81673e-07
-3.7369e-07
-6.90353e-07
-3.77628e-07
-5.99206e-07
-3.7493e-07
-5.09762e-07
-3.65424e-07
-4.23555e-07
-3.49077e-07
-3.42086e-07
-3.26029e-07
-2.66788e-07
-2.96625e-07
-1.9898e-07
-2.61459e-07
-1.39827e-07
-2.21433e-07
-9.02989e-08
-1.77821e-07
-5.11428e-08
-1.32351e-07
-2.28681e-08
-8.72929e-08
-5.76787e-09
-4.55537e-08
-1.10359e-08
-7.64339e-09
2.02757e-08
-2.95365e-08
7.14265e-08
-6.478e-08
1.28001e-07
-1.12455e-07
1.8609e-07
-1.7154e-07
2.42771e-07
-2.40877e-07
2.95783e-07
-3.19179e-07
3.43431e-07
-4.05038e-07
3.84507e-07
-4.96955e-07
4.182e-07
-5.93373e-07
4.44019e-07
-6.92703e-07
4.61732e-07
-7.93356e-07
4.71311e-07
-8.93767e-07
4.72891e-07
-9.9242e-07
4.66734e-07
-1.08787e-06
4.532e-07
-1.17873e-06
4.32727e-07
-1.26375e-06
4.05814e-07
-1.34175e-06
3.73006e-07
-1.41167e-06
3.34884e-07
-1.47259e-06
2.9206e-07
-1.52368e-06
2.45172e-07
-1.56429e-06
1.94878e-07
-1.59385e-06
1.41857e-07
-1.61197e-06
8.68066e-08
-1.61838e-06
3.04421e-08
-1.61297e-06
-2.65046e-08
-1.59577e-06
-8.32856e-08
-1.56697e-06
-1.39139e-07
-1.5269e-06
-1.93293e-07
-1.47606e-06
-2.44967e-07
-1.41507e-06
-2.9338e-07
-1.34476e-06
-3.37759e-07
-1.26605e-06
-3.77344e-07
-1.18004e-06
-4.11401e-07
-1.08796e-06
-4.39237e-07
-9.91151e-07
-4.60213e-07
-8.91077e-07
-4.73764e-07
-7.89288e-07
-4.79417e-07
-6.87403e-07
-4.76815e-07
-5.87085e-07
-4.65742e-07
-4.90009e-07
-4.46154e-07
-3.97826e-07
-4.18212e-07
-3.12129e-07
-3.82321e-07
-2.34414e-07
-3.39174e-07
-1.66042e-07
-2.89805e-07
-1.08209e-07
-2.35653e-07
-6.19284e-08
-1.78632e-07
-2.80279e-08
-1.21193e-07
-7.18258e-09
-6.63991e-08
-1.82186e-08
-9.02097e-09
2.92966e-08
-3.46022e-08
9.70077e-08
-7.54115e-08
1.6881e-07
-1.30141e-07
2.4082e-07
-1.97432e-07
3.10062e-07
-2.75843e-07
3.74194e-07
-3.63843e-07
4.31431e-07
-4.59819e-07
4.80483e-07
-5.62096e-07
5.20476e-07
-6.6896e-07
5.50883e-07
-7.78685e-07
5.71457e-07
-8.89558e-07
5.82184e-07
-9.99901e-07
5.83234e-07
-1.10809e-06
5.74928e-07
-1.21259e-06
5.577e-07
-1.31194e-06
5.32078e-07
-1.40479e-06
4.98664e-07
-1.4899e-06
4.58116e-07
-1.56616e-06
4.11135e-07
-1.63256e-06
3.58462e-07
-1.68825e-06
3.00867e-07
-1.73252e-06
2.39147e-07
-1.76479e-06
1.74124e-07
-1.78462e-06
1.06642e-07
-1.79175e-06
3.75646e-08
-1.78603e-06
-3.22214e-08
-1.7675e-06
-1.01812e-07
-1.73636e-06
-1.70287e-07
-1.69294e-06
-2.36711e-07
-1.63776e-06
-3.00142e-07
-1.57151e-06
-3.59637e-07
-1.49501e-06
-4.14259e-07
-1.40926e-06
-4.63089e-07
-1.31542e-06
-5.0524e-07
-1.21479e-06
-5.39872e-07
-1.10879e-06
-5.66211e-07
-9.98982e-07
-5.83572e-07
-8.87023e-07
-5.91377e-07
-7.74648e-07
-5.89189e-07
-6.63649e-07
-5.7674e-07
-5.55843e-07
-5.5396e-07
-4.53037e-07
-5.21018e-07
-3.56996e-07
-4.78363e-07
-2.69406e-07
-4.26764e-07
-1.91844e-07
-3.67368e-07
-1.2575e-07
-3.01747e-07
-7.24182e-08
-2.31964e-07
-3.29968e-08
-1.60615e-07
-8.5234e-09
-9.08725e-08
-2.6742e-08
-1.03306e-08
3.96272e-08
-3.94693e-08
1.26146e-07
-8.5699e-08
2.1504e-07
-1.47347e-07
3.02467e-07
-2.22724e-07
3.8544e-07
-3.10099e-07
4.6157e-07
-4.0769e-07
5.29022e-07
-5.13668e-07
5.8646e-07
-6.26168e-07
6.32977e-07
-7.43316e-07
6.68031e-07
-8.63244e-07
6.91384e-07
-9.84113e-07
7.03053e-07
-1.10414e-06
7.03258e-07
-1.2216e-06
6.92389e-07
-1.33486e-06
6.70966e-07
-1.4424e-06
6.39619e-07
-1.5428e-06
5.99058e-07
-1.63475e-06
5.50063e-07
-1.71707e-06
4.93464e-07
-1.78875e-06
4.30136e-07
-1.84887e-06
3.60988e-07
-1.89669e-06
2.86963e-07
-1.93159e-06
2.09029e-07
-1.95313e-06
1.28183e-07
-1.96101e-06
4.54448e-08
-1.95509e-06
-3.81407e-08
-1.9354e-06
-1.21507e-07
-1.90212e-06
-2.03568e-07
-1.85561e-06
-2.83221e-07
-1.79639e-06
-3.59355e-07
-1.72518e-06
-4.30854e-07
-1.64283e-06
-4.9661e-07
-1.55038e-06
-5.55537e-07
-1.44903e-06
-6.06584e-07
-1.34015e-06
-6.48752e-07
-1.22524e-06
-6.8112e-07
-1.10595e-06
-7.0287e-07
-9.84015e-07
-7.13308e-07
-8.61303e-07
-7.11902e-07
-7.3973e-07
-6.98313e-07
-6.2126e-07
-6.72431e-07
-5.07862e-07
-6.34415e-07
-4.01487e-07
-5.84738e-07
-3.04026e-07
-5.24225e-07
-2.17287e-07
-4.54107e-07
-1.4297e-07
-3.76064e-07
-8.26544e-08
-2.92279e-07
-3.78071e-08
-2.05462e-07
-9.80577e-09
-1.18874e-07
-3.65478e-08
-1.15875e-08
5.12147e-08
-4.41753e-08
1.58734e-07
-9.56982e-08
2.66563e-07
-1.6414e-07
3.70909e-07
-2.47492e-07
4.68792e-07
-3.43734e-07
5.57811e-07
-4.50824e-07
6.36112e-07
-5.66708e-07
7.02345e-07
-6.89329e-07
7.55598e-07
-8.1664e-07
7.95342e-07
-9.46628e-07
8.21372e-07
-1.07733e-06
8.33753e-07
-1.20685e-06
8.32775e-07
-1.33337e-06
8.18912e-07
-1.45519e-06
7.92783e-07
-1.57069e-06
7.55127e-07
-1.67841e-06
7.06778e-07
-1.77699e-06
6.48642e-07
-1.86521e-06
5.81686e-07
-1.942e-06
5.06926e-07
-2.00643e-06
4.25415e-07
-2.05771e-06
3.38246e-07
-2.09522e-06
2.46539e-07
-2.11849e-06
1.51447e-07
-2.12719e-06
5.41487e-08
-2.12118e-06
-4.4148e-08
-2.10048e-06
-1.42211e-07
-2.06527e-06
-2.38783e-07
-2.0159e-06
-3.32591e-07
-1.95291e-06
-4.22345e-07
-1.87701e-06
-5.06753e-07
-1.78909e-06
-5.8453e-07
-1.69022e-06
-6.5441e-07
-1.58163e-06
-7.15167e-07
-1.46475e-06
-7.65634e-07
-1.34114e-06
-8.04731e-07
-1.21252e-06
-8.31488e-07
-1.08075e-06
-8.45082e-07
-9.47781e-07
-8.44867e-07
-8.15678e-07
-8.30416e-07
-6.86551e-07
-8.01557e-07
-5.62546e-07
-7.58421e-07
-4.45806e-07
-7.01478e-07
-3.38444e-07
-6.31587e-07
-2.42512e-07
-5.50039e-07
-1.59978e-07
-4.58598e-07
-9.27178e-08
-3.5954e-07
-4.25079e-08
-2.55672e-07
-1.10482e-08
-1.50333e-07
-4.75959e-08
-1.28068e-08
6.40215e-08
-4.87622e-08
1.94689e-07
-1.0548e-07
3.2328e-07
-1.80618e-07
4.46047e-07
-2.71855e-07
5.60029e-07
-3.76883e-07
6.62838e-07
-4.93399e-07
7.52628e-07
-6.19117e-07
8.28063e-07
-7.51777e-07
8.88258e-07
-8.89158e-07
9.32723e-07
-1.0291e-06
9.6131e-07
-1.1695e-06
9.74157e-07
-1.30836e-06
9.7164e-07
-1.44379e-06
9.54335e-07
-1.57398e-06
9.22977e-07
-1.69728e-06
8.78426e-07
-1.81215e-06
8.21649e-07
-1.9172e-06
7.53689e-07
-2.01117e-06
6.75656e-07
-2.09295e-06
5.88711e-07
-2.1616e-06
4.9406e-07
-2.2163e-06
3.92946e-07
-2.25641e-06
2.86646e-07
-2.28143e-06
1.76469e-07
-2.29104e-06
6.37568e-08
-2.28507e-06
-5.01197e-08
-2.26352e-06
-1.63759e-07
-2.22657e-06
-2.75733e-07
-2.17457e-06
-3.84591e-07
-2.10805e-06
-4.88865e-07
-2.02772e-06
-5.87078e-07
-1.93449e-06
-6.77759e-07
-1.82945e-06
-7.59456e-07
-1.71386e-06
-8.30758e-07
-1.58918e-06
-8.90316e-07
-1.45703e-06
-9.36874e-07
-1.31922e-06
-9.69299e-07
-1.17769e-06
-9.86614e-07
-1.03451e-06
-9.88043e-07
-8.91882e-07
-9.73048e-07
-7.52066e-07
-9.41373e-07
-6.17394e-07
-8.93093e-07
-4.90218e-07
-8.28653e-07
-3.72885e-07
-7.48921e-07
-2.67702e-07
-6.55221e-07
-1.7692e-07
-5.4938e-07
-1.02709e-07
-4.33751e-07
-4.71558e-08
-3.11225e-07
-1.22698e-08
-1.85219e-07
-5.98657e-08
-1.40025e-08
7.8024e-08
-5.32729e-08
2.3396e-07
-1.1512e-07
3.85127e-07
-1.96887e-07
5.27814e-07
-2.95948e-07
6.59091e-07
-4.09705e-07
7.76595e-07
-5.35594e-07
8.78517e-07
-6.71091e-07
9.6356e-07
-8.13728e-07
1.03089e-06
-9.61103e-07
1.0801e-06
-1.1109e-06
1.11111e-06
-1.2609e-06
1.12415e-06
-1.40898e-06
1.11973e-06
-1.55316e-06
1.09852e-06
-1.69158e-06
1.0614e-06
-1.82252e-06
1.00936e-06
-1.94439e-06
9.43517e-07
-2.05576e-06
8.65059e-07
-2.15535e-06
7.75246e-07
-2.24203e-06
6.75391e-07
-2.31482e-06
5.66853e-07
-2.3729e-06
4.5103e-07
-2.41561e-06
3.29356e-07
-2.44244e-06
2.03299e-07
-2.45305e-06
7.43612e-08
-2.44725e-06
-5.59217e-08
-2.42503e-06
-1.8598e-07
-2.38655e-06
-3.14213e-07
-2.33215e-06
-4.38992e-07
-2.26235e-06
-5.58665e-07
-2.17786e-06
-6.71568e-07
-2.07958e-06
-7.76038e-07
-1.9686e-06
-8.70429e-07
-1.84623e-06
-9.53132e-07
-1.71394e-06
-1.0226e-06
-1.57342e-06
-1.07739e-06
-1.42653e-06
-1.11619e-06
-1.2753e-06
-1.13784e-06
-1.12193e-06
-1.14141e-06
-9.68742e-07
-1.12624e-06
-8.18172e-07
-1.09194e-06
-6.72741e-07
-1.03852e-06
-5.35021e-07
-9.66373e-07
-4.07604e-07
-8.76338e-07
-2.93068e-07
-7.69757e-07
-1.93953e-07
-6.48495e-07
-1.12734e-07
-5.1497e-07
-5.18092e-08
-3.7215e-07
-1.34891e-08
-2.2354e-07
-7.33547e-08
-1.51876e-08
9.32116e-08
-5.77476e-08
2.7652e-07
-1.24692e-07
4.52071e-07
-2.13056e-07
6.16178e-07
-3.19909e-07
7.65944e-07
-4.42366e-07
8.99052e-07
-5.77594e-07
1.01374e-06
-7.2283e-07
1.1088e-06
-8.75391e-07
1.18346e-06
-1.03269e-06
1.2374e-06
-1.19226e-06
1.27068e-06
-1.35174e-06
1.28364e-06
-1.50892e-06
1.2769e-06
-1.66172e-06
1.25132e-06
-1.80821e-06
1.20789e-06
-1.94663e-06
1.14777e-06
-2.07534e-06
1.07223e-06
-2.19289e-06
9.82609e-07
-2.29797e-06
8.80331e-07
-2.38945e-06
7.66865e-07
-2.46632e-06
6.43726e-07
-2.52776e-06
5.12468e-07
-2.57308e-06
3.74682e-07
-2.60177e-06
2.31993e-07
-2.61348e-06
8.60629e-08
-2.60799e-06
-6.14097e-08
-2.58528e-06
-2.08689e-07
-2.54549e-06
-3.54003e-07
-2.48894e-06
-4.95544e-07
-2.41612e-06
-6.31478e-07
-2.32774e-06
-7.59949e-07
-2.22468e-06
-8.79096e-07
-2.10805e-06
-9.87069e-07
-1.97913e-06
-1.08205e-06
-1.83944e-06
-1.16229e-06
-1.6907e-06
-1.22613e-06
-1.53485e-06
-1.27205e-06
-1.37399e-06
-1.2987e-06
-1.21043e-06
-1.30497e-06
-1.04665e-06
-1.29002e-06
-8.85239e-07
-1.25335e-06
-7.2893e-07
-1.19483e-06
-5.80522e-07
-1.11478e-06
-4.42867e-07
-1.01399e-06
-3.18826e-07
-8.93798e-07
-2.11241e-07
-7.5608e-07
-1.22904e-07
-6.03307e-07
-5.65257e-08
-4.38527e-07
-1.47238e-08
-2.65341e-07
-8.80785e-08
-1.63735e-08
1.09585e-07
-6.22238e-08
3.2237e-07
-1.34266e-07
5.24113e-07
-2.29227e-07
7.1114e-07
-3.43873e-07
8.8059e-07
-4.75025e-07
1.0302e-06
-6.19577e-07
1.1583e-06
-7.74521e-07
1.26374e-06
-9.36958e-07
1.34589e-06
-1.10411e-06
1.40456e-06
-1.27336e-06
1.43992e-06
-1.44221e-06
1.45248e-06
-1.60834e-06
1.44303e-06
-1.76959e-06
1.41257e-06
-1.92398e-06
1.36228e-06
-2.06969e-06
1.29348e-06
-2.20507e-06
1.20761e-06
-2.32864e-06
1.10617e-06
-2.43907e-06
9.90767e-07
-2.53522e-06
8.63016e-07
-2.61609e-06
7.24596e-07
-2.68084e-06
5.77219e-07
-2.72879e-06
4.22629e-07
-2.7594e-06
2.62606e-07
-2.77231e-06
9.8968e-08
-2.76729e-06
-6.64288e-08
-2.74429e-06
-2.31686e-07
-2.70343e-06
-3.94863e-07
-2.645e-06
-5.53977e-07
-2.56947e-06
-7.07009e-07
-2.47751e-06
-8.51912e-07
-2.36998e-06
-9.86621e-07
-2.24797e-06
-1.10908e-06
-2.11278e-06
-1.21724e-06
-1.96594e-06
-1.30914e-06
-1.80918e-06
-1.38288e-06
-1.6445e-06
-1.43673e-06
-1.47409e-06
-1.46911e-06
-1.30038e-06
-1.47869e-06
-1.12596e-06
-1.46444e-06
-9.53619e-07
-1.42569e-06
-7.86293e-07
-1.36216e-06
-6.27025e-07
-1.27405e-06
-4.78938e-07
-1.16208e-06
-3.45192e-07
-1.02754e-06
-2.28947e-07
-8.72324e-07
-1.33323e-07
-6.98931e-07
-6.13605e-08
-5.1049e-07
-1.59906e-08
-3.10711e-07
-1.04069e-07
-1.75704e-08
1.27155e-07
-6.67355e-08
3.71535e-07
-1.43907e-07
6.01284e-07
-2.45499e-07
8.12732e-07
-3.67966e-07
1.00306e-06
-5.07828e-07
1.17007e-06
-6.61705e-07
1.31217e-06
-8.26334e-07
1.42837e-06
-9.98594e-07
1.51815e-06
-1.17552e-06
1.58148e-06
-1.35432e-06
1.61872e-06
-1.53239e-06
1.63055e-06
-1.7073e-06
1.61794e-06
-1.87681e-06
1.58209e-06
-2.03889e-06
1.52436e-06
-2.19167e-06
1.44627e-06
-2.3335e-06
1.34943e-06
-2.46287e-06
1.23555e-06
-2.57848e-06
1.10637e-06
-2.67916e-06
9.63693e-07
-2.76391e-06
8.09356e-07
-2.83192e-06
6.45222e-07
-2.88248e-06
4.7319e-07
-2.91506e-06
2.95188e-07
-2.92928e-06
1.13184e-07
-2.92489e-06
-7.08144e-08
-2.90183e-06
-2.54752e-07
-2.86016e-06
-4.36526e-07
-2.80016e-06
-6.13982e-07
-2.72225e-06
-7.84921e-07
-2.62706e-06
-9.47101e-07
-2.51542e-06
-1.09825e-06
-2.3884e-06
-1.2361e-06
-2.24727e-06
-1.35837e-06
-2.09356e-06
-1.46285e-06
-1.92903e-06
-1.54741e-06
-1.75572e-06
-1.61004e-06
-1.57589e-06
-1.64894e-06
-1.39206e-06
-1.66252e-06
-1.20699e-06
-1.64952e-06
-1.02363e-06
-1.60904e-06
-8.45142e-07
-1.54065e-06
-6.74818e-07
-1.44437e-06
-5.1607e-07
-1.32083e-06
-3.72375e-07
-1.17124e-06
-2.47228e-07
-9.97471e-07
-1.44096e-07
-8.02063e-07
-6.63666e-08
-5.88219e-07
-1.73051e-08
-3.59773e-07
-1.21374e-07
-1.87875e-08
1.45943e-07
-7.13137e-08
4.24061e-07
-1.53675e-07
6.83646e-07
-2.61961e-07
9.21018e-07
-3.92302e-07
1.1334e-06
-5.40912e-07
1.31868e-06
-7.04122e-07
1.47538e-06
-8.7841e-07
1.60266e-06
-1.06043e-06
1.70017e-06
-1.24702e-06
1.76808e-06
-1.43523e-06
1.80693e-06
-1.62232e-06
1.81764e-06
-1.80578e-06
1.8014e-06
-1.98329e-06
1.7596e-06
-2.15278e-06
1.69385e-06
-2.31236e-06
1.60585e-06
-2.46036e-06
1.49743e-06
-2.59528e-06
1.37047e-06
-2.71581e-06
1.2269e-06
-2.82081e-06
1.0687e-06
-2.90931e-06
8.97852e-07
-2.98047e-06
7.16382e-07
-3.03361e-06
5.26331e-07
-3.06819e-06
3.29772e-07
-3.08382e-06
1.28814e-07
-3.08024e-06
-7.43939e-08
-3.05735e-06
-2.77649e-07
-3.01518e-06
-4.78693e-07
-2.95395e-06
-6.7521e-07
-2.87405e-06
-8.64822e-07
-2.77605e-06
-1.0451e-06
-2.66075e-06
-1.21356e-06
-2.52914e-06
-1.36771e-06
-2.38248e-06
-1.50503e-06
-2.22228e-06
-1.62306e-06
-2.0503e-06
-1.71939e-06
-1.86861e-06
-1.79174e-06
-1.67953e-06
-1.83801e-06
-1.4857e-06
-1.85635e-06
-1.28999e-06
-1.84523e-06
-1.09555e-06
-1.80348e-06
-9.05755e-07
-1.73044e-06
-7.24168e-07
-1.62596e-06
-5.54503e-07
-1.49049e-06
-4.00572e-07
-1.32517e-06
-2.66231e-07
-1.13181e-06
-1.55318e-07
-9.12976e-07
-7.1594e-08
-6.71944e-07
-1.86819e-08
-4.12685e-07
-1.40056e-07
-2.00332e-08
1.65976e-07
-7.59871e-08
4.80015e-07
-1.63625e-07
7.71284e-07
-2.78694e-07
1.03609e-06
-4.16987e-07
1.27169e-06
-5.74395e-07
1.47608e-06
-7.46951e-07
1.64794e-06
-9.30865e-07
1.78657e-06
-1.12255e-06
1.89186e-06
-1.31866e-06
1.96418e-06
-1.51608e-06
2.00435e-06
-1.71195e-06
2.01351e-06
-1.90365e-06
1.9931e-06
-2.08884e-06
1.94479e-06
-2.26538e-06
1.87039e-06
-2.43139e-06
1.77186e-06
-2.58519e-06
1.65123e-06
-2.72531e-06
1.51059e-06
-2.85046e-06
1.35205e-06
-2.95952e-06
1.17776e-06
-3.05154e-06
9.89872e-07
-3.12572e-06
7.90553e-07
-3.18137e-06
5.81983e-07
-3.21797e-06
3.6637e-07
-3.2351e-06
1.45952e-07
-3.23251e-06
-7.69893e-08
-3.21004e-06
-3.00118e-07
-3.1677e-06
-5.21032e-07
-3.10565e-06
-7.37261e-07
-3.02421e-06
-9.46259e-07
-2.9239e-06
-1.14541e-06
-2.80544e-06
-1.33202e-06
-2.66977e-06
-1.50338e-06
-2.51809e-06
-1.65671e-06
-2.35187e-06
-1.78928e-06
-2.17286e-06
-1.89839e-06
-1.98314e-06
-1.98146e-06
-1.7851e-06
-2.03606e-06
-1.58142e-06
-2.06003e-06
-1.37515e-06
-2.0515e-06
-1.1696e-06
-2.00903e-06
-9.68372e-07
-1.93167e-06
-7.75313e-07
-1.81902e-06
-5.94455e-07
-1.67135e-06
-4.29971e-07
-1.48966e-06
-2.861e-07
-1.27568e-06
-1.67085e-07
-1.03199e-06
-7.70909e-08
-7.61938e-07
-2.01352e-08
-4.6964e-07
-1.60191e-07
-2.13156e-08
1.87291e-07
-8.0783e-08
5.39482e-07
-1.73809e-07
8.64309e-07
-2.95775e-07
1.15805e-06
-4.42118e-07
1.41803e-06
-6.08386e-07
1.64235e-06
-7.90298e-07
1.82985e-06
-9.83783e-07
1.98006e-06
-1.18502e-06
2.09309e-06
-1.39045e-06
2.16962e-06
-1.59681e-06
2.21071e-06
-1.80112e-06
2.21782e-06
-2.0007e-06
2.19267e-06
-2.19312e-06
2.13721e-06
-2.37626e-06
2.05353e-06
-2.54823e-06
1.94383e-06
-2.70737e-06
1.81037e-06
-2.85224e-06
1.65546e-06
-2.9816e-06
1.48141e-06
-3.09436e-06
1.29053e-06
-3.18962e-06
1.08513e-06
-3.2666e-06
8.67527e-07
-3.32464e-06
6.40028e-07
-3.36323e-06
4.0496e-07
-3.38195e-06
1.64678e-07
-3.38052e-06
-7.84206e-08
-3.35876e-06
-3.21879e-07
-3.31662e-06
-5.63169e-07
-3.25421e-06
-7.99678e-07
-3.17176e-06
-1.0287e-06
-3.06972e-06
-1.24745e-06
-2.94872e-06
-1.45302e-06
-2.80962e-06
-1.64247e-06
-2.65355e-06
-1.81278e-06
-2.48191e-06
-1.96092e-06
-2.29642e-06
-2.08388e-06
-2.09915e-06
-2.17873e-06
-1.8925e-06
-2.24271e-06
-1.67926e-06
-2.27327e-06
-1.46257e-06
-2.26819e-06
-1.24594e-06
-2.22567e-06
-1.03319e-06
-2.14441e-06
-8.28461e-07
-2.02375e-06
-6.36127e-07
-1.86369e-06
-4.60743e-07
-1.66504e-06
-3.06969e-07
-1.42946e-06
-1.79485e-07
-1.15948e-06
-8.29037e-08
-8.58519e-07
-2.16786e-08
-5.30866e-07
-1.8187e-07
-2.26424e-08
2.09934e-07
-8.57284e-08
6.02568e-07
-1.84278e-07
9.62859e-07
-3.13281e-07
1.28706e-06
-4.67787e-07
1.57254e-06
-6.42981e-07
1.81755e-06
-8.34248e-07
2.02112e-06
-1.03723e-06
2.18303e-06
-1.24784e-06
2.30371e-06
-1.46234e-06
2.38411e-06
-1.67729e-06
2.42567e-06
-1.88962e-06
2.43015e-06
-2.09656e-06
2.39962e-06
-2.29567e-06
2.33633e-06
-2.48483e-06
2.24268e-06
-2.66215e-06
2.12115e-06
-2.82603e-06
1.97425e-06
-2.97509e-06
1.80451e-06
-3.10813e-06
1.61444e-06
-3.22413e-06
1.40653e-06
-3.32225e-06
1.18324e-06
-3.40174e-06
9.47017e-07
-3.46199e-06
7.00283e-07
-3.50251e-06
4.45475e-07
-3.52287e-06
1.85045e-07
-3.52278e-06
-7.85102e-08
-3.50203e-06
-3.42635e-07
-3.46051e-06
-6.04691e-07
-3.39824e-06
-8.61942e-07
-3.3154e-06
-1.11154e-06
-3.21232e-06
-1.35053e-06
-3.08952e-06
-1.57582e-06
-2.94776e-06
-1.78423e-06
-2.78807e-06
-1.97248e-06
-2.61175e-06
-2.13723e-06
-2.42048e-06
-2.27515e-06
-2.21627e-06
-2.38294e-06
-2.00154e-06
-2.45744e-06
-1.77912e-06
-2.49569e-06
-1.55227e-06
-2.49504e-06
-1.32465e-06
-2.45328e-06
-1.10035e-06
-2.36872e-06
-8.83786e-07
-2.24031e-06
-6.79697e-07
-2.06778e-06
-4.93051e-07
-1.85168e-06
-3.28966e-07
-1.59354e-06
-1.92606e-07
-1.29584e-06
-8.90784e-08
-9.62047e-07
-2.33257e-08
-5.96618e-07
-2.05196e-07
-2.40221e-08
2.33956e-07
-9.08514e-08
6.69398e-07
-1.95086e-07
1.06709e-06
-3.31287e-07
1.42326e-06
-4.94084e-07
1.73534e-06
-6.78271e-07
2.00173e-06
-8.78876e-07
2.22172e-06
-1.09122e-06
2.39538e-06
-1.31099e-06
2.52347e-06
-1.5342e-06
2.60733e-06
-1.7573e-06
2.64876e-06
-1.97709e-06
2.64994e-06
-2.19077e-06
2.61329e-06
-2.39588e-06
2.54144e-06
-2.5903e-06
2.43711e-06
-2.77223e-06
2.30308e-06
-2.9401e-06
2.14213e-06
-3.09262e-06
1.95703e-06
-3.22868e-06
1.7505e-06
-3.34734e-06
1.52519e-06
-3.44781e-06
1.28372e-06
-3.52943e-06
1.02864e-06
-3.59164e-06
7.62493e-07
-3.63396e-06
4.87794e-07
-3.65599e-06
2.07077e-07
-3.65742e-06
-7.70888e-08
-3.63798e-06
-3.6207e-07
-3.59753e-06
-6.45142e-07
-3.536e-06
-9.23468e-07
-3.45347e-06
-1.19408e-06
-3.35014e-06
-1.45386e-06
-3.22642e-06
-1.69955e-06
-3.08292e-06
-1.92773e-06
-2.92055e-06
-2.13485e-06
-2.74049e-06
-2.31729e-06
-2.54431e-06
-2.47133e-06
-2.33395e-06
-2.5933e-06
-2.11182e-06
-2.67957e-06
-1.88077e-06
-2.72674e-06
-1.64414e-06
-2.73167e-06
-1.40576e-06
-2.69166e-06
-1.16994e-06
-2.60453e-06
-9.41424e-07
-2.46883e-06
-7.25319e-07
-2.28388e-06
-5.27044e-07
-2.04996e-06
-3.52215e-07
-1.76837e-06
-2.06534e-07
-1.44152e-06
-9.56605e-08
-1.07292e-06
-2.50903e-08
-6.67189e-07
-2.30286e-07
-2.54638e-08
2.5942e-07
-9.61831e-08
7.40117e-07
-2.06291e-07
1.1772e-06
-3.49875e-07
1.56684e-06
-5.21106e-07
1.90657e-06
-7.14348e-07
2.19498e-06
-9.24245e-07
2.43162e-06
-1.14579e-06
2.61693e-06
-1.37439e-06
2.75207e-06
-1.60588e-06
2.83882e-06
-1.83654e-06
2.87942e-06
-2.0631e-06
2.8765e-06
-2.28271e-06
2.83291e-06
-2.49295e-06
2.75167e-06
-2.69173e-06
2.63589e-06
-2.87731e-06
2.48866e-06
-3.04826e-06
2.31307e-06
-3.20335e-06
2.11212e-06
-3.34159e-06
1.88874e-06
-3.46216e-06
1.64576e-06
-3.56437e-06
1.38592e-06
-3.64763e-06
1.1119e-06
-3.71145e-06
8.26308e-07
-3.75538e-06
5.31731e-07
-3.77906e-06
2.30754e-07
-3.78215e-06
-7.40029e-08
-3.76436e-06
-3.79857e-07
-3.72547e-06
-6.84027e-07
-3.66534e-06
-9.836e-07
-3.58391e-06
-1.27551e-06
-3.48126e-06
-1.55651e-06
-3.35764e-06
-1.82317e-06
-3.21351e-06
-2.07186e-06
-3.04958e-06
-2.29878e-06
-2.86691e-06
-2.49996e-06
-2.6669e-06
-2.67134e-06
-2.45141e-06
-2.80879e-06
-2.22277e-06
-2.90822e-06
-1.98381e-06
-2.96569e-06
-1.73796e-06
-2.97753e-06
-1.48917e-06
-2.94044e-06
-1.24199e-06
-2.85171e-06
-1.00147e-06
-2.70935e-06
-7.73128e-07
-2.51222e-06
-5.62861e-07
-2.26023e-06
-3.76837e-07
-1.95439e-06
-2.21354e-07
-1.597e-06
-1.02697e-07
-1.19158e-06
-2.69867e-08
-7.42899e-07
-2.57272e-07
-2.69782e-08
2.86398e-07
-1.01759e-07
8.14898e-07
-2.17959e-07
1.2934e-06
-3.69136e-07
1.71802e-06
-5.48955e-07
2.08639e-06
-7.51306e-07
2.39733e-06
-9.70415e-07
2.65073e-06
-1.20093e-06
2.84744e-06
-1.43796e-06
2.98911e-06
-1.67714e-06
3.078e-06
-1.91463e-06
3.11691e-06
-2.14708e-06
3.10895e-06
-2.37165e-06
3.05747e-06
-2.58593e-06
2.96595e-06
-2.78793e-06
2.83789e-06
-2.97603e-06
2.67676e-06
-3.1489e-06
2.48594e-06
-3.30547e-06
2.26869e-06
-3.44488e-06
2.02816e-06
-3.56646e-06
1.76733e-06
-3.66962e-06
1.48908e-06
-3.75389e-06
1.19617e-06
-3.81885e-06
8.91274e-07
-3.86414e-06
5.77014e-07
-3.88939e-06
2.56004e-07
-3.89427e-06
-6.91221e-08
-3.87846e-06
-3.95663e-07
-3.84168e-06
-7.2081e-07
-3.78367e-06
-1.04161e-06
-3.70425e-06
-1.35493e-06
-3.60335e-06
-1.65742e-06
-3.48102e-06
-1.9455e-06
-3.33753e-06
-2.21535e-06
-3.1734e-06
-2.4629e-06
-2.98948e-06
-2.68389e-06
-2.78698e-06
-2.87383e-06
-2.56761e-06
-3.02816e-06
-2.33358e-06
-3.14225e-06
-2.08769e-06
-3.21159e-06
-1.83337e-06
-3.23185e-06
-1.57471e-06
-3.1991e-06
-1.31646e-06
-3.10997e-06
-1.06398e-06
-2.96183e-06
-8.23234e-07
-2.75297e-06
-6.00633e-07
-2.48283e-06
-4.02952e-07
-2.15208e-06
-2.37156e-07
-1.7628e-06
-1.10238e-07
-1.3185e-06
-2.90303e-08
-8.24107e-07
-2.86303e-07
-2.85782e-08
3.14976e-07
-1.07623e-07
8.93943e-07
-2.30169e-07
1.41595e-06
-3.89182e-07
1.87703e-06
-5.77755e-07
2.27496e-06
-7.89254e-07
2.60882e-06
-1.01745e-06
2.87892e-06
-1.2566e-06
3.08659e-06
-1.50154e-06
3.23405e-06
-1.74769e-06
3.32416e-06
-1.99109e-06
3.36031e-06
-2.22835e-06
3.34621e-06
-2.45665e-06
3.28577e-06
-2.67366e-06
3.18296e-06
-2.87751e-06
3.04174e-06
-3.06672e-06
2.86597e-06
-3.24014e-06
2.65935e-06
-3.39686e-06
2.42542e-06
-3.53623e-06
2.16752e-06
-3.65769e-06
1.8888e-06
-3.76086e-06
1.59224e-06
-3.84536e-06
1.28068e-06
-3.91089e-06
9.56809e-07
-3.95716e-06
6.23279e-07
-3.98384e-06
2.82687e-07
-3.99062e-06
-6.23498e-08
-3.97713e-06
-4.0915e-07
-3.94302e-06
-7.54919e-07
-3.88793e-06
-1.0967e-06
-3.81153e-06
-1.43132e-06
-3.71358e-06
-1.75537e-06
-3.59391e-06
-2.06516e-06
-3.45257e-06
-2.35669e-06
-3.28983e-06
-2.62564e-06
-3.10628e-06
-2.86744e-06
-2.90292e-06
-3.0772e-06
-2.68121e-06
-3.24986e-06
-2.44321e-06
-3.38025e-06
-2.19162e-06
-3.46318e-06
-1.92985e-06
-3.49362e-06
-1.66206e-06
-3.46689e-06
-1.3932e-06
-3.37883e-06
-1.12896e-06
-3.22607e-06
-8.75723e-07
-3.00621e-06
-6.40484e-07
-2.71807e-06
-4.30682e-07
-2.36188e-06
-2.54036e-07
-1.93944e-06
-1.18337e-07
-1.45419e-06
-3.12382e-08
-9.11206e-07
-3.17541e-07
-3.02802e-08
3.45256e-07
-1.13829e-07
9.77491e-07
-2.43018e-07
1.54514e-06
-4.10144e-07
2.04416e-06
-6.07651e-07
2.47247e-06
-8.28318e-07
2.82949e-06
-1.06541e-06
3.11601e-06
-1.31278e-06
3.33396e-06
-1.56495e-06
3.48622e-06
-1.81716e-06
3.57636e-06
-2.06533e-06
3.60848e-06
-2.30607e-06
3.58695e-06
-2.53661e-06
3.51631e-06
-2.75476e-06
3.40111e-06
-2.9588e-06
3.24578e-06
-3.14744e-06
3.05462e-06
-3.31976e-06
2.83167e-06
-3.47507e-06
2.58073e-06
-3.61291e-06
2.30536e-06
-3.73295e-06
2.00884e-06
-3.83496e-06
1.69426e-06
-3.91875e-06
1.36447e-06
-3.98414e-06
1.0222e-06
-4.03091e-06
6.70051e-07
-4.05881e-06
3.10589e-07
-4.06753e-06
-5.36327e-08
-4.05669e-06
-4.19994e-07
-4.02585e-06
-7.85756e-07
-3.97455e-06
-1.148e-06
-3.9023e-06
-1.50357e-06
-3.80864e-06
-1.84903e-06
-3.6932e-06
-2.1806e-06
-3.55574e-06
-2.49415e-06
-3.39624e-06
-2.78514e-06
-3.21499e-06
-3.04869e-06
-3.01269e-06
-3.27951e-06
-2.79052e-06
-3.47203e-06
-2.55032e-06
-3.62046e-06
-2.2946e-06
-3.7189e-06
-2.02669e-06
-3.76152e-06
-1.75079e-06
-3.74278e-06
-1.47201e-06
-3.65761e-06
-1.19635e-06
-3.50173e-06
-9.30659e-07
-3.2719e-06
-6.82533e-07
-2.96619e-06
-4.60157e-07
-2.58425e-06
-2.72094e-07
-2.1275e-06
-1.27054e-07
-1.59923e-06
-3.36295e-08
-1.00463e-06
-3.5117e-07
-3.21047e-08
3.77361e-07
-1.20443e-07
1.06583e-06
-2.56631e-07
1.68132e-06
-4.3219e-07
2.21972e-06
-6.38826e-07
2.6791e-06
-8.68654e-07
3.05932e-06
-1.11437e-06
3.36173e-06
-1.36941e-06
3.589e-06
-1.62796e-06
3.74478e-06
-1.88508e-06
3.83348e-06
-2.13662e-06
3.86002e-06
-2.37922e-06
3.82954e-06
-2.61021e-06
3.7473e-06
-2.82758e-06
3.61847e-06
-3.02983e-06
3.44803e-06
-3.21592e-06
3.24072e-06
-3.38519e-06
3.00093e-06
-3.53721e-06
2.73276e-06
-3.6718e-06
2.43994e-06
-3.78885e-06
2.1259e-06
-3.88835e-06
1.79376e-06
-3.9703e-06
1.44642e-06
-4.03467e-06
1.08656e-06
-4.08135e-06
7.16734e-07
-4.11017e-06
3.39403e-07
-4.12083e-06
-4.29731e-08
-4.11294e-06
-4.27885e-07
-4.08599e-06
-8.12698e-07
-4.03941e-06
-1.19458e-06
-3.97253e-06
-1.57045e-06
-3.88469e-06
-1.93688e-06
-3.77523e-06
-2.29006e-06
-3.64362e-06
-2.62576e-06
-3.4895e-06
-2.93926e-06
-3.3128e-06
-3.22539e-06
-3.11384e-06
-3.47846e-06
-2.89348e-06
-3.69239e-06
-2.65321e-06
-3.86073e-06
-2.39531e-06
-3.9768e-06
-2.12295e-06
-4.03389e-06
-1.84029e-06
-4.02544e-06
-1.55256e-06
-3.94534e-06
-1.26605e-06
-3.78824e-06
-9.88077e-07
-3.54987e-06
-7.26898e-07
-3.22737e-06
-4.91514e-07
-2.81964e-06
-2.91449e-07
-2.32757e-06
-1.36459e-07
-1.75422e-06
-3.62269e-08
-1.10486e-06
-3.87397e-07
-3.40783e-08
4.11439e-07
-1.27554e-07
1.15931e-06
-2.71163e-07
1.82493e-06
-4.55529e-07
2.40408e-06
-6.71505e-07
2.89508e-06
-9.10451e-07
3.29827e-06
-1.16444e-06
3.61572e-06
-1.42642e-06
3.85098e-06
-1.69029e-06
4.00864e-06
-1.95091e-06
4.0941e-06
-2.2041e-06
4.11322e-06
-2.44659e-06
4.07203e-06
-2.67588e-06
3.97659e-06
-2.89018e-06
3.83277e-06
-3.0883e-06
3.64615e-06
-3.2695e-06
3.42192e-06
-3.43343e-06
3.16486e-06
-3.58e-06
2.87933e-06
-3.70932e-06
2.56925e-06
-3.82156e-06
2.23814e-06
-3.91697e-06
1.88917e-06
-3.99576e-06
1.52521e-06
-4.05806e-06
1.14887e-06
-4.10392e-06
7.62594e-07
-4.13324e-06
3.68724e-07
-4.14578e-06
-3.04398e-08
-4.14112e-06
-4.32546e-07
-4.1187e-06
-8.35117e-07
-4.07781e-06
-1.23547e-06
-4.01763e-06
-1.63063e-06
-3.93725e-06
-2.01726e-06
-3.83573e-06
-2.39158e-06
-3.71219e-06
-2.74929e-06
-3.5659e-06
-3.08556e-06
-3.39635e-06
-3.39494e-06
-3.20343e-06
-3.67138e-06
-2.98755e-06
-3.90826e-06
-2.74981e-06
-4.09847e-06
-2.49213e-06
-4.23448e-06
-2.21743e-06
-4.30859e-06
-1.92976e-06
-4.31311e-06
-1.63439e-06
-4.24071e-06
-1.33786e-06
-4.08477e-06
-1.04798e-06
-3.83975e-06
-7.73696e-07
-3.50166e-06
-5.24909e-07
-3.06842e-06
-3.12233e-07
-2.54025e-06
-1.46633e-07
-1.91982e-06
-3.90574e-08
-1.21244e-06
-4.26455e-07
-3.62355e-08
4.47675e-07
-1.35272e-07
1.25834e-06
-2.86813e-07
1.97648e-06
-4.80426e-07
2.59769e-06
-7.05972e-07
3.12062e-06
-9.53945e-07
3.54624e-06
-1.21572e-06
3.8775e-06
-1.48374e-06
4.11899e-06
-1.75156e-06
4.27647e-06
-2.01394e-06
4.35648e-06
-2.2667e-06
4.36598e-06
-2.50671e-06
4.31204e-06
-2.73172e-06
4.2016e-06
-2.94026e-06
4.04132e-06
-3.1315e-06
3.83738e-06
-3.30508e-06
3.5955e-06
-3.46104e-06
3.32082e-06
-3.59965e-06
3.01795e-06
-3.72138e-06
2.69098e-06
-3.82673e-06
2.34349e-06
-3.91622e-06
1.97866e-06
-3.99031e-06
1.5993e-06
-4.04934e-06
1.2079e-06
-4.09351e-06
8.06759e-07
-4.12281e-06
3.98032e-07
-4.13707e-06
-1.61805e-08
-4.13588e-06
-4.3374e-07
-4.11861e-06
-8.52386e-07
-4.08444e-06
-1.26964e-06
-4.03237e-06
-1.6827e-06
-3.96124e-06
-2.08839e-06
-3.86981e-06
-2.48301e-06
-3.75682e-06
-2.86228e-06
-3.6211e-06
-3.22128e-06
-3.46168e-06
-3.55436e-06
-3.27791e-06
-3.85514e-06
-3.06968e-06
-4.11649e-06
-2.83757e-06
-4.33059e-06
-2.58303e-06
-4.48902e-06
-2.30861e-06
-4.583e-06
-2.01815e-06
-4.60357e-06
-1.71688e-06
-4.54199e-06
-1.41152e-06
-4.39012e-06
-1.11035e-06
-4.14092e-06
-8.23048e-07
-3.78897e-06
-5.60519e-07
-3.33095e-06
-3.34607e-07
-2.76616e-06
-1.57675e-07
-2.09675e-06
-4.21539e-08
-1.32796e-06
-4.68609e-07
-3.86212e-08
4.86296e-07
-1.43742e-07
1.36346e-06
-3.03837e-07
2.13657e-06
-5.07217e-07
2.80107e-06
-7.42578e-07
3.35599e-06
-9.99416e-07
3.80308e-06
-1.26833e-06
4.14641e-06
-1.5412e-06
4.39187e-06
-1.81131e-06
4.54658e-06
-2.0733e-06
4.61846e-06
-2.32309e-06
4.61577e-06
-2.55778e-06
4.54673e-06
-2.77547e-06
4.41929e-06
-2.97509e-06
4.24094e-06
-3.15625e-06
4.01855e-06
-3.31907e-06
3.75832e-06
-3.46403e-06
3.46577e-06
-3.59184e-06
3.14576e-06
-3.70335e-06
2.80249e-06
-3.79944e-06
2.43958e-06
-3.88095e-06
2.06017e-06
-3.94861e-06
1.66695e-06
-4.00297e-06
1.26227e-06
-4.04442e-06
8.48204e-07
-4.07308e-06
4.2669e-07
-4.08883e-06
-4.31136e-10
-4.09128e-06
-4.3129e-07
-4.07976e-06
-8.639e-07
-4.05335e-06
-1.29605e-06
-4.01086e-06
-1.72519e-06
-3.95089e-06
-2.14836e-06
-3.87188e-06
-2.56202e-06
-3.77216e-06
-2.96199e-06
-3.65009e-06
-3.34335e-06
-3.50415e-06
-3.7003e-06
-3.33311e-06
-4.02619e-06
-3.1362e-06
-4.3134e-06
-2.91338e-06
-4.55341e-06
-2.6655e-06
-4.7369e-06
-2.3946e-06
-4.8539e-06
-2.10414e-06
-4.89403e-06
-1.79921e-06
-4.84692e-06
-1.48664e-06
-4.70269e-06
-1.17511e-06
-4.45244e-06
-8.7508e-07
-4.089e-06
-5.9855e-07
-3.60748e-06
-3.58764e-07
-3.00595e-06
-1.69709e-07
-2.28581e-06
-4.55579e-08
-1.45211e-06
-5.14167e-07
-4.12941e-08
5.2759e-07
-1.53151e-07
1.47532e-06
-3.22559e-07
2.30598e-06
-5.36322e-07
3.01484e-06
-7.81755e-07
3.60142e-06
-1.0472e-06
4.06852e-06
-1.32237e-06
4.42159e-06
-1.59861e-06
4.6681e-06
-1.8689e-06
4.81687e-06
-2.12786e-06
4.87743e-06
-2.37162e-06
4.85953e-06
-2.59761e-06
4.77272e-06
-2.80439e-06
4.62607e-06
-2.9914e-06
4.42796e-06
-3.15881e-06
4.18595e-06
-3.30728e-06
3.90678e-06
-3.43781e-06
3.5963e-06
-3.55161e-06
3.25956e-06
-3.64997e-06
2.90085e-06
-3.73418e-06
2.52379e-06
-3.80542e-06
2.13141e-06
-3.8647e-06
1.72624e-06
-3.91285e-06
1.31041e-06
-3.9504e-06
8.85764e-07
-3.97766e-06
4.5394e-07
-3.99456e-06
1.64754e-08
-4.00076e-06
-4.25088e-07
-3.99557e-06
-8.69095e-07
-3.97795e-06
-1.31367e-06
-3.94655e-06
-1.75659e-06
-3.89974e-06
-2.19517e-06
-3.83562e-06
-2.62614e-06
-3.75212e-06
-3.0455e-06
-3.64707e-06
-3.4484e-06
-3.51836e-06
-3.82902e-06
-3.36407e-06
-4.18047e-06
-3.18273e-06
-4.49474e-06
-2.97348e-06
-4.76265e-06
-2.73645e-06
-4.97393e-06
-2.473e-06
-5.11735e-06
-2.18603e-06
-5.18099e-06
-1.88032e-06
-5.15264e-06
-1.56267e-06
-5.02033e-06
-1.24214e-06
-4.77298e-06
-9.29926e-07
-4.40121e-06
-6.39251e-07
-3.89816e-06
-3.84943e-07
-3.26025e-06
-1.82887e-07
-2.48787e-06
-4.93219e-08
-1.58568e-06
-5.63489e-07
-4.43313e-08
5.71921e-07
-1.6374e-07
1.59473e-06
-3.43397e-07
2.48563e-06
-5.68271e-07
3.23971e-06
-8.24028e-07
3.85718e-06
-1.09767e-06
4.34216e-06
-1.37795e-06
4.70187e-06
-1.65562e-06
4.94577e-06
-1.92346e-06
5.08471e-06
-2.17617e-06
5.13014e-06
-2.4102e-06
5.09355e-06
-2.62347e-06
4.98599e-06
-2.81513e-06
4.81773e-06
-2.98528e-06
4.59811e-06
-3.13474e-06
4.33541e-06
-3.26481e-06
4.03685e-06
-3.37709e-06
3.70858e-06
-3.47333e-06
3.35581e-06
-3.55533e-06
2.98285e-06
-3.62478e-06
2.59325e-06
-3.68324e-06
2.18987e-06
-3.73204e-06
1.77503e-06
-3.77224e-06
1.35061e-06
-3.80462e-06
9.18137e-07
-3.82958e-06
4.78908e-07
-3.84721e-06
3.41049e-08
-3.85719e-06
-4.1511e-07
-3.85881e-06
-8.67473e-07
-3.85098e-06
-1.3215e-06
-3.8322e-06
-1.77537e-06
-3.80059e-06
-2.22678e-06
-3.75395e-06
-2.67278e-06
-3.68978e-06
-3.10967e-06
-3.60539e-06
-3.53279e-06
-3.49802e-06
-3.93638e-06
-3.36501e-06
-4.31348e-06
-3.20404e-06
-4.65572e-06
-3.01334e-06
-4.95335e-06
-2.79212e-06
-5.19516e-06
-2.54084e-06
-5.36863e-06
-2.26166e-06
-5.46018e-06
-1.9588e-06
-5.4555e-06
-1.6389e-06
-5.34023e-06
-1.31122e-06
-5.10066e-06
-9.87722e-07
-4.72471e-06
-6.82919e-07
-4.20296e-06
-4.13446e-07
-3.52973e-06
-1.97407e-07
-2.7039e-06
-5.35139e-08
-1.72957e-06
-6.17003e-07
-4.78342e-08
6.19756e-07
-1.75823e-07
1.72272e-06
-3.6688e-07
2.67669e-06
-6.03718e-07
3.47655e-06
-8.70019e-07
4.12348e-06
-1.15123e-06
4.62337e-06
-1.43505e-06
4.98569e-06
-1.71168e-06
5.2224e-06
-1.97377e-06
5.3468e-06
-2.21627e-06
5.37264e-06
-2.43612e-06
5.3134e-06
-2.63192e-06
5.18178e-06
-2.80358e-06
4.98939e-06
-2.95201e-06
4.74653e-06
-3.07878e-06
4.46219e-06
-3.18594e-06
4.14401e-06
-3.27577e-06
3.7984e-06
-3.3506e-06
3.43065e-06
-3.41275e-06
3.045e-06
-3.46437e-06
2.64486e-06
-3.50738e-06
2.23288e-06
-3.54344e-06
1.81109e-06
-3.57387e-06
1.38104e-06
-3.59964e-06
9.43912e-07
-3.62135e-06
5.00615e-07
-3.63917e-06
5.19226e-08
-3.65285e-06
-4.01428e-07
-3.6617e-06
-8.58619e-07
-3.66458e-06
-1.31863e-06
-3.65987e-06
-1.78008e-06
-3.6455e-06
-2.24115e-06
-3.61897e-06
-2.69931e-06
-3.57738e-06
-3.15126e-06
-3.5175e-06
-3.59266e-06
-3.43591e-06
-4.01797e-06
-3.32915e-06
-4.42024e-06
-3.19394e-06
-4.79093e-06
-3.02749e-06
-5.1198e-06
-2.82785e-06
-5.39479e-06
-2.59439e-06
-5.60209e-06
-2.32823e-06
-5.72633e-06
-2.03281e-06
-5.75093e-06
-1.7143e-06
-5.65874e-06
-1.38202e-06
-5.43294e-06
-1.0486e-06
-5.05812e-06
-7.29917e-07
-4.52164e-06
-4.44652e-07
-3.81499e-06
-2.13525e-07
-2.93503e-06
-5.82232e-08
-1.88487e-06
-6.75226e-07
-5.19378e-08
6.71693e-07
-1.89811e-07
1.86059e-06
-3.93685e-07
2.88056e-06
-6.43469e-07
3.72633e-06
-9.20451e-07
4.40046e-06
-1.20828e-06
4.91119e-06
-1.49353e-06
5.27095e-06
-1.76591e-06
5.49478e-06
-2.01811e-06
5.599e-06
-2.24554e-06
5.60007e-06
-2.44588e-06
5.51374e-06
-2.61863e-06
5.35453e-06
-2.76466e-06
5.13542e-06
-2.88584e-06
4.86771e-06
-2.98465e-06
4.56101e-06
-3.06397e-06
4.22333e-06
-3.1268e-06
3.86123e-06
-3.17611e-06
3.47996e-06
-3.21475e-06
3.08364e-06
-3.24531e-06
2.67543e-06
-3.27011e-06
2.25768e-06
-3.29109e-06
1.83207e-06
-3.30984e-06
1.39979e-06
-3.32753e-06
9.61604e-07
-3.34492e-06
5.17999e-07
-3.3623e-06
6.93013e-08
-3.3795e-06
-3.8422e-07
-3.39589e-06
-8.42236e-07
-3.41028e-06
-1.30423e-06
-3.42101e-06
-1.76936e-06
-3.42583e-06
-2.23632e-06
-3.42201e-06
-2.70314e-06
-3.40627e-06
-3.167e-06
-3.37488e-06
-3.62405e-06
-3.32376e-06
-4.06909e-06
-3.24861e-06
-4.4954e-06
-3.14511e-06
-4.89443e-06
-3.00931e-06
-5.25561e-06
-2.83794e-06
-5.56616e-06
-2.62897e-06
-5.81106e-06
-2.38221e-06
-5.97309e-06
-2.09992e-06
-6.03322e-06
-1.78749e-06
-5.97117e-06
-1.45402e-06
-5.76641e-06
-1.11267e-06
-5.39948e-06
-7.80682e-07
-4.85363e-06
-4.79047e-07
-4.11663e-06
-2.31576e-07
-3.1825e-06
-6.35687e-08
-2.05288e-06
-7.38794e-07
-5.68228e-08
7.28516e-07
-2.06241e-07
2.01001e-06
-4.24672e-07
3.099e-06
-6.88507e-07
3.99017e-06
-9.76126e-07
4.68808e-06
-1.26912e-06
5.20419e-06
-1.55292e-06
5.55474e-06
-1.81687e-06
5.75873e-06
-2.05397e-06
5.83611e-06
-2.26039e-06
5.80649e-06
-2.43486e-06
5.6882e-06
-2.57804e-06
5.49772e-06
-2.69202e-06
5.2494e-06
-2.77978e-06
4.95547e-06
-2.84486e-06
4.62609e-06
-2.89103e-06
4.2695e-06
-2.92206e-06
3.89226e-06
-2.94158e-06
3.49948e-06
-2.95295e-06
3.09501e-06
-2.95921e-06
2.68169e-06
-2.963e-06
2.26147e-06
-2.96658e-06
1.83565e-06
-2.97173e-06
1.40495e-06
-2.97984e-06
9.69711e-07
-2.9918e-06
5.29957e-07
-3.00803e-06
8.55376e-08
-3.02848e-06
-3.63773e-07
-3.05255e-06
-8.18165e-07
-3.07911e-06
-1.27767e-06
-3.10645e-06
-1.74202e-06
-3.13226e-06
-2.21051e-06
-3.1536e-06
-2.6818e-06
-3.1669e-06
-3.15371e-06
-3.16798e-06
-3.62296e-06
-3.15214e-06
-4.08493e-06
-3.11423e-06
-4.5333e-06
-3.0489e-06
-4.95976e-06
-2.95087e-06
-5.35364e-06
-2.81536e-06
-5.70166e-06
-2.6387e-06
-5.98772e-06
-2.41898e-06
-6.19282e-06
-2.15687e-06
-6.29533e-06
-1.85654e-06
-6.2715e-06
-1.52644e-06
-6.09651e-06
-1.17997e-06
-5.74595e-06
-8.35733e-07
-5.19786e-06
-5.17256e-07
-4.4351e-06
-2.52002e-07
-3.44776e-06
-6.97112e-08
-2.23517e-06
-8.08506e-07
-6.27343e-08
7.91251e-07
-2.25822e-07
2.1731e-06
-4.60936e-07
3.33411e-06
-7.40002e-07
4.26923e-06
-1.03788e-06
4.98596e-06
-1.33386e-06
5.50017e-06
-1.61224e-06
5.83313e-06
-1.86231e-06
6.00879e-06
-2.07776e-06
6.05155e-06
-2.25591e-06
5.98465e-06
-2.39695e-06
5.82924e-06
-2.50304e-06
5.60381e-06
-2.57771e-06
5.32407e-06
-2.62529e-06
5.00305e-06
-2.65043e-06
4.65124e-06
-2.65788e-06
4.27694e-06
-2.65219e-06
3.88657e-06
-2.63762e-06
3.4849e-06
-2.61803e-06
3.07541e-06
-2.59682e-06
2.66048e-06
-2.57695e-06
2.2416e-06
-2.56089e-06
1.81959e-06
-2.55064e-06
1.3947e-06
-2.54771e-06
9.66781e-07
-2.55314e-06
5.35389e-07
-2.56748e-06
9.98794e-08
-2.59078e-06
-3.4048e-07
-2.62253e-06
-7.86412e-07
-2.66168e-06
-1.23852e-06
-2.70656e-06
-1.69714e-06
-2.75485e-06
-2.16222e-06
-2.80352e-06
-2.63313e-06
-2.8488e-06
-3.10842e-06
-2.88618e-06
-3.58559e-06
-2.91038e-06
-4.06072e-06
-2.9155e-06
-4.52818e-06
-2.89512e-06
-4.98014e-06
-2.84259e-06
-5.40617e-06
-2.75147e-06
-5.79278e-06
-2.61613e-06
-6.12306e-06
-2.43254e-06
-6.37641e-06
-2.19929e-06
-6.52858e-06
-1.91869e-06
-6.5521e-06
-1.598e-06
-6.4172e-06
-1.2504e-06
-6.09355e-06
-8.95673e-07
-5.55259e-06
-5.60079e-07
-4.7707e-06
-2.75399e-07
-3.73244e-06
-7.68716e-08
-2.4337e-06
-8.85377e-07
-7.00101e-08
8.61261e-07
-2.49498e-07
2.35259e-06
-5.03863e-07
3.58847e-06
-7.99322e-07
4.56469e-06
-1.10649e-06
5.29312e-06
-1.40213e-06
5.79581e-06
-1.66965e-06
6.10066e-06
-1.89871e-06
6.23785e-06
-2.08424e-06
6.23708e-06
-2.22532e-06
6.12573e-06
-2.32403e-06
5.92795e-06
-2.38444e-06
5.66421e-06
-2.41179e-06
5.35143e-06
-2.41189e-06
5.00314e-06
-2.39062e-06
4.62997e-06
-2.35371e-06
4.24003e-06
-2.30645e-06
3.83931e-06
-2.25367e-06
3.43213e-06
-2.19965e-06
3.02139e-06
-2.1481e-06
2.60893e-06
-2.10218e-06
2.19568e-06
-2.06452e-06
1.78193e-06
-2.03724e-06
1.36742e-06
-2.02197e-06
9.51513e-07
-2.01985e-06
5.3327e-07
-2.03154e-06
1.11565e-07
-2.05719e-06
-3.14833e-07
-2.09643e-06
-7.47172e-07
-2.14833e-06
-1.18662e-06
-2.21133e-06
-1.63413e-06
-2.2832e-06
-2.09035e-06
-2.36093e-06
-2.5554e-06
-2.44071e-06
-3.02865e-06
-2.51779e-06
-3.5085e-06
-2.58653e-06
-3.99199e-06
-2.64034e-06
-4.47437e-06
-2.67183e-06
-4.94865e-06
-2.67299e-06
-5.40501e-06
-2.6356e-06
-5.83018e-06
-2.55181e-06
-6.20685e-06
-2.41506e-06
-6.51316e-06
-2.22121e-06
-6.72243e-06
-1.97002e-06
-6.80329e-06
-1.66672e-06
-6.7205e-06
-1.3236e-06
-6.43667e-06
-9.61163e-07
-5.91502e-06
-6.08541e-07
-5.12332e-06
-3.02571e-07
-4.03841e-06
-8.53593e-08
-2.65091e-06
-9.70737e-07
-7.91247e-08
9.40385e-07
-2.78539e-07
2.552e-06
-5.55203e-07
3.86514e-06
-8.67987e-07
4.87748e-06
-1.18244e-06
5.60757e-06
-1.47274e-06
6.08611e-06
-1.72188e-06
6.34979e-06
-1.92059e-06
6.43657e-06
-2.06588e-06
6.38236e-06
-2.15926e-06
6.21911e-06
-2.20532e-06
5.974e-06
-2.21042e-06
5.66931e-06
-2.18177e-06
5.32279e-06
-2.12679e-06
4.94816e-06
-2.05262e-06
4.5558e-06
-1.96588e-06
4.15329e-06
-1.87255e-06
3.74598e-06
-1.77789e-06
3.33748e-06
-1.68648e-06
2.92998e-06
-1.6022e-06
2.52465e-06
-1.52832e-06
2.12179e-06
-1.46751e-06
1.72113e-06
-1.42195e-06
1.32186e-06
-1.39331e-06
9.22864e-07
-1.38277e-06
5.2273e-07
-1.39107e-06
1.19874e-07
-1.4185e-06
-2.87404e-07
-1.46483e-06
-7.00842e-07
-1.52931e-06
-1.12214e-06
-1.61057e-06
-1.55288e-06
-1.70656e-06
-1.99435e-06
-1.81447e-06
-2.44749e-06
-1.93057e-06
-2.91255e-06
-2.05012e-06
-3.38895e-06
-2.16728e-06
-3.87483e-06
-2.27501e-06
-4.36664e-06
-2.36511e-06
-4.85855e-06
-2.42831e-06
-5.34181e-06
-2.45459e-06
-5.8039e-06
-2.43372e-06
-6.22772e-06
-2.35618e-06
-6.5907e-06
-2.21447e-06
-6.86413e-06
-2.00485e-06
-7.0129e-06
-1.72947e-06
-6.99589e-06
-1.39863e-06
-6.76751e-06
-1.03284e-06
-6.28081e-06
-6.63945e-07
-5.49222e-06
-3.34619e-07
-4.36773e-06
-9.56159e-08
-2.88991e-06
-1.06635e-06
-9.0761e-08
1.03115e-06
-3.1467e-07
2.77591e-06
-6.17138e-07
4.16761e-06
-9.47555e-07
5.20789e-06
-1.26557e-06
5.92559e-06
-1.54305e-06
6.36359e-06
-1.76339e-06
6.57014e-06
-1.91959e-06
6.59277e-06
-2.01178e-06
6.47454e-06
-2.04483e-06
6.25217e-06
-2.02648e-06
5.95565e-06
-1.96577e-06
5.60861e-06
-1.87209e-06
5.2291e-06
-1.75447e-06
4.83054e-06
-1.62122e-06
4.42255e-06
-1.47977e-06
4.01184e-06
-1.33657e-06
3.60278e-06
-1.19716e-06
3.19806e-06
-1.0662e-06
2.79902e-06
-9.47585e-07
2.40603e-06
-8.44539e-07
2.01875e-06
-7.59677e-07
1.63626e-06
-6.95092e-07
1.25728e-06
-6.52413e-07
8.80185e-07
-6.32836e-07
5.03153e-07
-6.37152e-07
1.2419e-07
-6.65741e-07
-2.58815e-07
-7.18549e-07
-6.48034e-07
-7.95044e-07
-1.04565e-06
-8.94145e-07
-1.45377e-06
-1.01412e-06
-1.87438e-06
-1.15248e-06
-2.30913e-06
-1.3058e-06
-2.75924e-06
-1.46958e-06
-3.22517e-06
-1.63806e-06
-3.70635e-06
-1.80405e-06
-4.20064e-06
-1.95884e-06
-4.70376e-06
-2.09214e-06
-5.20851e-06
-2.19226e-06
-5.70378e-06
-2.24656e-06
-6.17342e-06
-2.24226e-06
-6.595e-06
-2.1678e-06
-6.93859e-06
-2.01491e-06
-7.1658e-06
-1.78124e-06
-7.22955e-06
-1.4736e-06
-7.07515e-06
-1.11117e-06
-6.64325e-06
-7.27908e-07
-5.87548e-06
-3.73066e-07
-4.72257e-06
-1.08289e-07
-3.15469e-06
-1.17464e-06
-1.05931e-07
1.13708e-06
-3.60262e-07
3.03024e-06
-6.92323e-07
4.49967e-06
-1.03932e-06
5.55489e-06
-1.35437e-06
6.24064e-06
-1.60782e-06
6.61704e-06
-1.78507e-06
6.74739e-06
-1.88303e-06
6.69073e-06
-1.90637e-06
6.49789e-06
-1.86441e-06
6.21021e-06
-1.76863e-06
5.85988e-06
-1.63111e-06
5.47109e-06
-1.46344e-06
5.06143e-06
-1.27618e-06
4.64328e-06
-1.0786e-06
4.22497e-06
-8.78636e-07
3.81187e-06
-6.82965e-07
3.40711e-06
-4.97113e-07
3.01221e-06
-3.25617e-07
2.62752e-06
-1.72167e-07
2.25258e-06
-3.97493e-08
1.88633e-06
6.92404e-08
1.52728e-06
1.52895e-07
1.17362e-06
2.09721e-07
8.23358e-07
2.38591e-07
4.74283e-07
2.38708e-07
1.24073e-07
2.09601e-07
-2.29709e-07
1.51147e-07
-5.89579e-07
6.36079e-08
-9.58108e-07
-5.22886e-08
-1.33788e-06
-1.95249e-07
-1.73142e-06
-3.63271e-07
-2.14111e-06
-5.53469e-07
-2.56904e-06
-7.61856e-07
-3.01679e-06
-9.83102e-07
-3.48511e-06
-1.21026e-06
-3.97348e-06
-1.43454e-06
-4.47949e-06
-1.64505e-06
-4.998e-06
-1.82881e-06
-5.52002e-06
-1.97092e-06
-6.0313e-06
-2.05522e-06
-6.5107e-06
-2.06558e-06
-6.92824e-06
-1.98804e-06
-7.24334e-06
-1.81407e-06
-7.40352e-06
-1.54483e-06
-7.34439e-06
-1.19601e-06
-6.99206e-06
-8.02363e-07
-6.26912e-06
-4.2003e-07
-5.10491e-06
-1.24353e-07
-3.45037e-06
-1.29899e-06
-1.26185e-07
1.26326e-06
-4.18595e-07
3.32265e-06
-7.83821e-07
4.86489e-06
-1.14363e-06
5.91469e-06
-1.44461e-06
6.54162e-06
-1.65749e-06
6.82992e-06
-1.7722e-06
6.8621e-06
-1.79188e-06
6.71041e-06
-1.72755e-06
6.43356e-06
-1.59401e-06
6.07667e-06
-1.40709e-06
5.67295e-06
-1.18195e-06
5.24595e-06
-9.32228e-07
4.81171e-06
-6.69668e-07
4.38072e-06
-4.04103e-07
3.95941e-06
-1.43585e-07
3.55136e-06
1.0539e-07
3.15814e-06
3.37638e-07
2.77996e-06
5.49055e-07
2.41611e-06
7.36404e-07
2.06524e-06
8.97135e-07
1.7256e-06
1.02924e-06
1.39517e-06
1.13112e-06
1.07174e-06
1.20153e-06
7.52946e-07
1.23949e-06
4.36331e-07
1.24422e-06
1.19334e-07
1.21522e-06
-2.007e-07
1.15216e-06
-5.26519e-07
1.05501e-06
-8.60963e-07
9.24087e-07
-1.20695e-06
7.60136e-07
-1.56747e-06
5.645e-07
-1.94547e-06
3.3931e-07
-2.34385e-06
8.77308e-08
-2.76521e-06
-1.85728e-07
-3.21165e-06
-4.74853e-07
-3.68435e-06
-7.71326e-07
-4.18302e-06
-1.06432e-06
-4.70501e-06
-1.34017e-06
-5.24417e-06
-1.58224e-06
-5.78923e-06
-1.77124e-06
-6.3217e-06
-1.88615e-06
-6.81332e-06
-1.90638e-06
-7.22312e-06
-1.81525e-06
-7.49464e-06
-1.60544e-06
-7.55421e-06
-1.28589e-06
-7.31161e-06
-8.89406e-07
-6.66561e-06
-4.7847e-07
-5.51584e-06
-1.45322e-07
-3.78351e-06
-1.44432e-06
-1.53973e-07
1.41724e-06
-4.94194e-07
3.66287e-06
-8.94726e-07
5.26543e-06
-1.25851e-06
6.27847e-06
-1.52709e-06
6.8102e-06
-1.67528e-06
6.97812e-06
-1.70143e-06
6.88825e-06
-1.618e-06
6.62697e-06
-1.44428e-06
6.25984e-06
-1.20152e-06
5.83391e-06
-9.10039e-07
5.38148e-06
-5.87833e-07
4.92374e-06
-2.50034e-07
4.47391e-06
9.10487e-08
4.03963e-06
4.25657e-07
3.6248e-06
7.46197e-07
3.23082e-06
1.04684e-06
2.85749e-06
1.32317e-06
2.50363e-06
1.57184e-06
2.16743e-06
1.79035e-06
1.84673e-06
1.97678e-06
1.53917e-06
2.12967e-06
1.24228e-06
2.24789e-06
9.53519e-07
2.33051e-06
6.70324e-07
2.37677e-06
3.90076e-07
2.386e-06
1.10104e-07
2.35764e-06
-1.72337e-07
2.29121e-06
-4.60093e-07
2.18638e-06
-7.56129e-07
2.04298e-06
-1.06355e-06
1.86114e-06
-1.38562e-06
1.6414e-06
-1.72574e-06
1.38495e-06
-2.08739e-06
1.09381e-06
-2.47407e-06
7.71273e-07
-2.88911e-06
4.2227e-07
-3.33535e-06
5.39359e-08
-3.81468e-06
-3.23789e-07
-4.32728e-06
-6.97511e-07
-4.87045e-06
-1.04983e-06
-5.43691e-06
-1.35905e-06
-6.01248e-06
-1.59963e-06
-6.57275e-06
-1.74368e-06
-7.07906e-06
-1.76456e-06
-7.47377e-06
-1.64298e-06
-7.67578e-06
-1.3764e-06
-7.5782e-06
-9.90792e-07
-7.05121e-06
-5.52466e-07
-5.95417e-06
-1.7362e-07
-4.16236e-06
-1.61794e-06
-1.93278e-07
1.61051e-06
-5.93123e-07
4.06272e-06
-1.02699e-06
5.69929e-06
-1.3767e-06
6.62819e-06
-1.58341e-06
7.01691e-06
-1.63253e-06
7.02723e-06
-1.53636e-06
6.79208e-06
-1.32031e-06
6.41093e-06
-1.0137e-06
5.95323e-06
-6.44578e-07
5.46479e-06
-2.37285e-07
4.97419e-06
1.88274e-07
4.49818e-06
6.16487e-07
4.0457e-06
1.03548e-06
3.62064e-06
1.43643e-06
3.22385e-06
1.81293e-06
2.85432e-06
2.1604e-06
2.51002e-06
2.47564e-06
2.1884e-06
2.7564e-06
1.88666e-06
3.00117e-06
1.60196e-06
3.20888e-06
1.33146e-06
3.37876e-06
1.0724e-06
3.51023e-06
8.22052e-07
3.60278e-06
5.77777e-07
3.65591e-06
3.36939e-07
3.66913e-06
9.68915e-08
3.64185e-06
-1.45062e-07
3.57347e-06
-3.91715e-07
3.46335e-06
-6.46003e-07
3.31084e-06
-9.11046e-07
3.11541e-06
-1.19019e-06
2.87671e-06
-1.48704e-06
2.59479e-06
-1.80547e-06
2.27034e-06
-2.14962e-06
1.90501e-06
-2.52378e-06
1.50191e-06
-2.93225e-06
1.06623e-06
-3.379e-06
6.05995e-07
-3.86705e-06
1.33065e-07
-4.39752e-06
-3.35849e-07
-4.968e-06
-7.78198e-07
-5.57013e-06
-1.16505e-06
-6.1859e-06
-1.46162e-06
-6.78248e-06
-1.62999e-06
-7.30541e-06
-1.63527e-06
-7.6705e-06
-1.45706e-06
-7.75641e-06
-1.10652e-06
-7.40175e-06
-6.47413e-07
-6.41327e-06
-2.13209e-07
-4.59656e-06
-1.83115e-06
-2.50658e-07
1.86117e-06
-7.22837e-07
4.5349e-06
-1.17831e-06
6.15477e-06
-1.47984e-06
6.92972e-06
-1.57872e-06
7.11578e-06
-1.48138e-06
6.9299e-06
-1.22123e-06
6.53192e-06
-8.40036e-07
6.02974e-06
-3.77886e-07
5.49108e-06
1.31245e-07
4.95565e-06
6.60581e-07
4.44485e-06
1.19005e-06
3.96871e-06
1.70519e-06
3.53056e-06
2.1959e-06
3.12993e-06
2.65539e-06
2.76436e-06
3.07925e-06
2.43045e-06
3.46476e-06
2.12451e-06
3.81034e-06
1.84282e-06
4.11518e-06
1.58183e-06
4.37893e-06
1.33821e-06
4.60152e-06
1.10887e-06
4.78298e-06
8.90936e-07
4.92334e-06
6.81689e-07
5.02257e-06
4.7855e-07
5.08049e-06
2.79015e-07
5.09678e-06
8.06059e-08
5.0709e-06
-1.19186e-07
5.00215e-06
-3.22957e-07
4.88959e-06
-5.33448e-07
4.73216e-06
-7.5361e-07
4.52864e-06
-9.8667e-07
4.27779e-06
-1.2362e-06
3.97847e-06
-1.50616e-06
3.62984e-06
-1.80099e-06
3.23166e-06
-2.12559e-06
2.78472e-06
-2.48532e-06
2.29153e-06
-2.88581e-06
1.75714e-06
-3.33266e-06
1.19035e-06
-3.83072e-06
6.05198e-07
-4.38285e-06
2.27477e-08
-4.98768e-06
-5.27179e-07
-5.63597e-06
-1.00484e-06
-6.30482e-06
-1.36135e-06
-6.94891e-06
-1.5434e-06
-7.48844e-06
-1.50531e-06
-7.7945e-06
-1.23133e-06
-7.67573e-06
-7.69614e-07
-6.87499e-06
-2.70609e-07
-5.09557e-06
-2.10175e-06
-3.36752e-07
2.19793e-06
-8.90172e-07
5.08831e-06
-1.33438e-06
6.59897e-06
-1.52678e-06
7.12213e-06
-1.44916e-06
7.03816e-06
-1.14385e-06
6.62459e-06
-6.7262e-07
6.06069e-06
-9.52211e-08
5.45234e-06
5.39169e-07
4.85669e-06
1.1936e-06
4.30122e-06
1.84199e-06
3.79646e-06
2.46683e-06
3.34387e-06
3.05699e-06
2.94041e-06
3.60577e-06
2.58115e-06
4.10956e-06
2.26057e-06
4.56672e-06
1.97329e-06
4.9769e-06
1.71433e-06
5.34049e-06
1.47923e-06
5.65828e-06
1.26403e-06
5.93124e-06
1.06526e-06
6.1603e-06
8.79805e-07
6.34634e-06
7.04902e-07
6.49001e-06
5.3802e-07
6.59174e-06
3.76813e-07
6.65171e-06
2.19046e-07
6.66978e-06
6.25396e-08
6.64549e-06
-9.48983e-08
6.57807e-06
-2.55531e-07
6.46638e-06
-4.2176e-07
6.30896e-06
-5.96197e-07
6.10404e-06
-7.81744e-07
5.84953e-06
-9.81683e-07
5.54314e-06
-1.19977e-06
5.18249e-06
-1.44034e-06
4.76534e-06
-1.70844e-06
4.28991e-06
-2.00989e-06
3.75545e-06
-2.35135e-06
3.16307e-06
-2.74028e-06
2.51697e-06
-3.18463e-06
1.82624e-06
-3.69212e-06
1.10725e-06
-4.26869e-06
3.86735e-07
-4.91546e-06
-2.94908e-07
-5.62318e-06
-8.81164e-07
-6.36265e-06
-1.30037e-06
-7.06924e-06
-1.47498e-06
-7.61989e-06
-1.34649e-06
-7.80422e-06
-9.2374e-07
-7.29774e-06
-3.56275e-07
-5.66303e-06
-2.45803e-06
-4.67158e-07
2.66508e-06
-1.09303e-06
5.71419e-06
-1.45057e-06
6.95652e-06
-1.43129e-06
7.10284e-06
-1.08154e-06
6.68841e-06
-4.96405e-07
6.03946e-06
2.30281e-07
5.334e-06
1.02419e-06
4.65843e-06
1.83293e-06
4.04795e-06
2.62247e-06
3.51168e-06
3.37223e-06
3.0467e-06
4.07087e-06
2.64523e-06
4.71301e-06
2.29828e-06
5.29696e-06
1.9972e-06
5.82324e-06
1.73429e-06
6.29355e-06
1.50297e-06
6.71018e-06
1.2977e-06
7.07559e-06
1.11382e-06
7.39217e-06
9.47448e-07
7.66214e-06
7.95287e-07
7.88742e-06
6.54527e-07
8.0696e-06
5.22724e-07
8.20991e-06
3.97711e-07
8.3092e-06
2.77517e-07
8.36795e-06
1.60301e-07
8.3862e-06
4.42857e-08
8.3636e-06
-7.23017e-08
8.29936e-06
-1.91289e-07
8.19223e-06
-3.14623e-07
8.04047e-06
-4.44438e-07
7.84186e-06
-5.8314e-07
7.59368e-06
-7.33496e-07
7.29266e-06
-8.98753e-07
6.93509e-06
-1.08277e-06
6.51686e-06
-1.2902e-06
6.03363e-06
-1.52666e-06
5.48124e-06
-1.79896e-06
4.85627e-06
-2.11531e-06
4.15714e-06
-2.4855e-06
3.38578e-06
-2.92075e-06
2.55032e-06
-3.43323e-06
1.66908e-06
-4.03422e-06
7.76016e-07
-4.73011e-06
-7.27348e-08
-5.5139e-06
-7.93286e-07
-6.34869e-06
-1.27516e-06
-7.13801e-06
-1.401e-06
-7.67838e-06
-1.10343e-06
-7.59532e-06
-4.8495e-07
-6.28151e-06
-2.94298e-06
-6.56502e-07
3.32158e-06
-1.2924e-06
6.35009e-06
-1.41007e-06
7.07418e-06
-1.02129e-06
6.71407e-06
-2.82548e-07
5.94967e-06
6.48698e-07
5.10821e-06
1.65423e-06
4.32847e-06
2.65783e-06
3.65483e-06
3.61566e-06
3.09012e-06
4.50545e-06
2.6219e-06
5.3181e-06
2.23405e-06
6.05205e-06
1.91128e-06
6.70975e-06
1.64058e-06
7.29556e-06
1.41139e-06
7.81452e-06
1.21533e-06
8.27172e-06
1.04578e-06
8.67193e-06
8.97492e-07
9.01944e-06
7.6631e-07
9.31801e-06
6.48875e-07
9.57085e-06
5.4245e-07
9.78061e-06
4.44765e-07
9.94944e-06
3.53898e-07
1.0079e-05
2.68181e-07
1.01704e-05
1.86126e-07
1.02243e-05
1.06362e-07
1.0241e-05
2.75807e-08
1.02202e-05
-5.15138e-08
1.01612e-05
-1.32256e-07
1.00626e-05
-2.1607e-07
9.92272e-06
-3.0453e-07
9.73901e-06
-3.99429e-07
9.50838e-06
-5.02863e-07
9.22696e-06
-6.17338e-07
8.8901e-06
-7.4591e-07
8.49225e-06
-8.92358e-07
8.02702e-06
-1.06142e-06
7.48717e-06
-1.25912e-06
6.86496e-06
-1.4931e-06
6.15263e-06
-1.77316e-06
5.34364e-06
-2.11177e-06
4.43492e-06
-2.52451e-06
3.43072e-06
-3.03003e-06
2.34929e-06
-3.64867e-06
1.23292e-06
-4.39753e-06
1.61688e-07
-5.27745e-06
-7.33395e-07
-6.24293e-06
-1.27075e-06
-7.14102e-06
-1.26164e-06
-7.60443e-06
-6.68222e-07
-6.87493e-06
-3.6112e-06
-8.8803e-07
4.20961e-06
-1.33348e-06
6.79554e-06
-9.35244e-07
6.67594e-06
2.92323e-08
5.74959e-06
1.2609e-06
4.718e-06
2.55956e-06
3.80955e-06
3.81282e-06
3.07521e-06
4.96777e-06
2.49989e-06
6.00601e-06
2.05187e-06
6.92691e-06
1.701e-06
7.73789e-06
1.42306e-06
8.44936e-06
1.19981e-06
9.07213e-06
1.01781e-06
9.61631e-06
8.67214e-07
1.00908e-05
7.40792e-07
1.05035e-05
6.33155e-07
1.08607e-05
5.40247e-07
1.11681e-05
4.58961e-07
1.14301e-05
3.86879e-07
1.16504e-05
3.22082e-07
1.18322e-05
2.63015e-07
1.19777e-05
2.08389e-07
1.20888e-05
1.57106e-07
1.21667e-05
1.08201e-07
1.22122e-05
6.07956e-08
1.22258e-05
1.40604e-08
1.22071e-05
-3.28226e-08
1.21555e-05
-8.06937e-08
1.20699e-05
-1.30452e-07
1.19485e-05
-1.83097e-07
1.17888e-05
-2.39776e-07
1.15878e-05
-3.0185e-07
1.13414e-05
-3.70971e-07
1.10447e-05
-4.49192e-07
1.06915e-05
-5.39113e-07
1.02741e-05
-6.4409e-07
9.78355e-06
-7.68527e-07
9.20874e-06
-9.18289e-07
8.53688e-06
-1.1013e-06
7.7535e-06
-1.3284e-06
6.84347e-06
-1.61447e-06
5.79341e-06
-1.97997e-06
4.5971e-06
-2.45237e-06
3.26617e-06
-3.06661e-06
1.84942e-06
-3.8607e-06
4.62687e-07
-4.8562e-06
-6.76093e-07
-6.00224e-06
-1.23213e-06
-7.0484e-06
-8.81358e-07
-7.2257e-06
-4.49256e-06
-1.01533e-06
5.22495e-06
-7.47872e-07
6.52808e-06
5.83978e-07
5.34409e-06
2.29991e-06
4.03366e-06
4.01952e-06
2.99839e-06
5.58466e-06
2.2444e-06
6.94879e-06
1.71109e-06
8.1155e-06
1.33318e-06
9.10696e-06
1.06041e-06
9.94927e-06
8.58698e-07
1.06666e-05
7.05732e-07
1.12795e-05
5.86893e-07
1.18048e-05
4.92482e-07
1.22561e-05
4.15938e-07
1.26442e-05
3.52719e-07
1.29777e-05
2.99609e-07
1.32637e-05
2.54271e-07
1.35077e-05
2.14975e-07
1.37142e-05
1.80403e-07
1.38867e-05
1.49536e-07
1.40282e-05
1.2156e-07
1.41407e-05
9.58132e-08
1.42261e-05
7.17381e-08
1.42855e-05
4.88517e-08
1.43195e-05
2.67184e-08
1.43287e-05
4.92977e-09
1.43128e-05
-1.69152e-08
1.42713e-05
-3.92277e-08
1.42033e-05
-6.24484e-08
1.41073e-05
-8.70694e-08
1.39811e-05
-1.1366e-07
1.38222e-05
-1.42903e-07
1.36269e-05
-1.75634e-07
1.33906e-05
-2.12911e-07
1.31076e-05
-2.56097e-07
1.27705e-05
-3.0699e-07
1.237e-05
-3.68015e-07
1.18942e-05
-4.42513e-07
1.13281e-05
-5.35199e-07
1.06526e-05
-6.52892e-07
9.8438e-06
-8.05701e-07
8.87279e-06
-1.00895e-06
7.7067e-06
-1.28628e-06
6.3144e-06
-1.6743e-06
4.68182e-06
-2.22812e-06
2.84724e-06
-3.02162e-06
9.71005e-07
-4.126e-06
-5.42741e-07
-5.53465e-06
-9.63004e-07
-6.80543e-06
-5.45556e-06
-2.34976e-07
5.45992e-06
1.80398e-06
4.48912e-06
4.40146e-06
2.74662e-06
6.72176e-06
1.71336e-06
8.60683e-06
1.11332e-06
1.00972e-05
7.53982e-07
1.12737e-05
5.34625e-07
1.22108e-05
3.96115e-07
1.29667e-05
3.04435e-07
1.35847e-05
2.40741e-07
1.40959e-05
1.94532e-07
1.4523e-05
1.5975e-07
1.48828e-05
1.32745e-07
1.51875e-05
1.11226e-07
1.54465e-05
9.36898e-08
1.5667e-05
7.91161e-08
1.58545e-05
6.67863e-08
1.60133e-05
5.61794e-08
1.61468e-05
4.69079e-08
1.62577e-05
3.86751e-08
1.6348e-05
3.12484e-08
1.64193e-05
2.44403e-08
1.6473e-05
1.80946e-08
1.65098e-05
1.20771e-08
1.65302e-05
6.26763e-09
1.65346e-05
5.5428e-10
1.65228e-05
-5.17289e-09
1.64946e-05
-1.10259e-08
1.64493e-05
-1.71257e-08
1.63859e-05
-2.36072e-08
1.63028e-05
-3.06281e-08
1.61983e-05
-3.83779e-08
1.60698e-05
-4.70921e-08
1.59139e-05
-5.70711e-08
1.57265e-05
-6.87075e-08
1.55021e-05
-8.25276e-08
1.52333e-05
-9.92555e-08
1.49107e-05
-1.19916e-07
1.45215e-05
-1.46005e-07
1.40484e-05
-1.79796e-07
1.34676e-05
-2.24887e-07
1.27459e-05
-2.87249e-07
1.18369e-05
-3.77292e-07
1.06766e-05
-5.13946e-07
9.18066e-06
-7.32226e-07
7.25446e-06
-1.09542e-06
4.84335e-06
-1.7149e-06
2.10375e-06
-2.79506e-06
-1.0574e-07
-4.59594e-06
-5.5613e-06
5.45992e-06
9.94905e-06
1.26957e-05
1.4409e-05
1.55223e-05
1.62763e-05
1.68109e-05
1.72071e-05
1.75115e-05
1.77522e-05
1.79468e-05
1.81065e-05
1.82393e-05
1.83505e-05
1.84442e-05
1.85233e-05
1.85901e-05
1.86463e-05
1.86932e-05
1.87318e-05
1.87631e-05
1.87875e-05
1.88056e-05
1.88177e-05
1.8824e-05
1.88245e-05
1.88194e-05
1.88083e-05
1.87912e-05
1.87676e-05
1.8737e-05
1.86986e-05
1.86515e-05
1.85944e-05
1.85257e-05
1.84432e-05
1.83439e-05
1.8224e-05
1.8078e-05
1.78982e-05
1.76733e-05
1.73861e-05
1.70088e-05
1.64948e-05
1.57626e-05
1.46672e-05
1.29523e-05
1.01572e-05
5.5613e-06
)
;

boundaryField
{
    movingWall
    {
        type            calculated;
        value           uniform 0;
    }
    fixedWalls
    {
        type            calculated;
        value           uniform 0;
    }
    frontAndBack
    {
        type            empty;
        value           nonuniform List<scalar> 0();
    }
}


// ************************************************************************* //
