/*--------------------------------*- C++ -*----------------------------------*\
| =========                 |                                                 |
| \\      /  F ield         | OpenFOAM: The Open Source CFD Toolbox           |
|  \\    /   O peration     | Version:  v2012                                 |
|   \\  /    A nd           | Website:  www.openfoam.com                      |
|    \\/     M anipulation  |                                                 |
\*---------------------------------------------------------------------------*/
FoamFile
{
    version     2.0;
    format      ascii;
    class       volVectorField;
    location    "0.25";
    object      U;
}
// * * * * * * * * * * * * * * * * * * * * * * * * * * * * * * * * * * * * * //

dimensions      [0 1 -1 0 0 0 0];


internalField   nonuniform List<vector> 
2500
(
(3.27596e-05 -3.26958e-05 0)
(9.88824e-05 -4.064e-05 0)
(0.000137326 -2.09424e-05 0)
(0.000106215 7.8676e-06 0)
(-8.73694e-06 3.77294e-05 0)
(-0.000205993 6.53341e-05 0)
(-0.00047822 8.93686e-05 0)
(-0.000815602 0.000109419 0)
(-0.0012072 0.000125461 0)
(-0.00164175 0.000137632 0)
(-0.00210809 0.000146138 0)
(-0.00259543 0.000151211 0)
(-0.00309349 0.00015309 0)
(-0.00359255 0.000152019 0)
(-0.00408357 0.000148234 0)
(-0.00455814 0.000141969 0)
(-0.00500856 0.000133454 0)
(-0.00542783 0.000122913 0)
(-0.00580964 0.000110565 0)
(-0.00614839 9.66273e-05 0)
(-0.00643919 8.13175e-05 0)
(-0.00667787 6.48522e-05 0)
(-0.00686101 4.74514e-05 0)
(-0.0069859 2.9339e-05 0)
(-0.00705061 1.0745e-05 0)
(-0.00705401 -8.09328e-06 0)
(-0.00699574 -2.69304e-05 0)
(-0.00687631 -4.55118e-05 0)
(-0.00669705 -6.3574e-05 0)
(-0.0064602 -8.08453e-05 0)
(-0.00616887 -9.70466e-05 0)
(-0.00582709 -0.000111893 0)
(-0.00543982 -0.000125098 0)
(-0.00501292 -0.000136371 0)
(-0.00455314 -0.000145427 0)
(-0.00406811 -0.000151987 0)
(-0.0035663 -0.000155781 0)
(-0.00305692 -0.000156557 0)
(-0.00254989 -0.000154078 0)
(-0.0020557 -0.000148133 0)
(-0.00158534 -0.000138537 0)
(-0.00115006 -0.000125141 0)
(-0.000761212 -0.000107851 0)
(-0.000429927 -8.66643e-05 0)
(-0.000166602 -6.17649e-05 0)
(1.99058e-05 -3.37431e-05 0)
(0.000123659 -4.0805e-06 0)
(0.000144839 2.37726e-05 0)
(9.97843e-05 4.17505e-05 0)
(3.21158e-05 3.20433e-05 0)
(4.11201e-05 -9.90262e-05 0)
(9.39737e-05 -9.28594e-05 0)
(4.55189e-05 1.45495e-05 0)
(-0.000168681 0.000161833 0)
(-0.00057557 0.000318264 0)
(-0.00117649 0.000467833 0)
(-0.00195909 0.000602213 0)
(-0.00290312 0.000717342 0)
(-0.00398392 0.000811478 0)
(-0.00517458 0.000884161 0)
(-0.00644745 0.000935663 0)
(-0.00777499 0.000966696 0)
(-0.00913042 0.000978238 0)
(-0.0104881 0.00097143 0)
(-0.0118238 0.000947512 0)
(-0.0131148 0.00090779 0)
(-0.0143403 0.000853603 0)
(-0.0154812 0.000786316 0)
(-0.0165201 0.000707308 0)
(-0.0174417 0.000617973 0)
(-0.0182325 0.000519723 0)
(-0.0188813 0.000413988 0)
(-0.0193784 0.000302225 0)
(-0.0197168 0.000185924 0)
(-0.019891 6.66116e-05 0)
(-0.0198982 -5.41421e-05 0)
(-0.0197374 -0.000174722 0)
(-0.0194103 -0.000293465 0)
(-0.0189207 -0.000408667 0)
(-0.0182749 -0.000518581 0)
(-0.0174814 -0.000621436 0)
(-0.0165516 -0.000715442 0)
(-0.0154989 -0.00079881 0)
(-0.0143394 -0.000869772 0)
(-0.0130913 -0.000926609 0)
(-0.0117754 -0.000967672 0)
(-0.0104143 -0.000991424 0)
(-0.00903252 -0.000996469 0)
(-0.00765631 -0.000981601 0)
(-0.00631313 -0.000945851 0)
(-0.00503127 -0.000888555 0)
(-0.0038393 -0.000809457 0)
(-0.00276527 -0.000708863 0)
(-0.00183569 -0.000587925 0)
(-0.00107395 -0.000449147 0)
(-0.00049814 -0.000297373 0)
(-0.000117627 -0.00014162 0)
(7.24124e-05 1.62194e-06 0)
(0.000102908 0.000101798 0)
(4.21458e-05 9.9784e-05 0)
(2.2506e-05 -0.000139167 0)
(-9.99931e-06 -4.56618e-05 0)
(-0.000233986 0.000239609 0)
(-0.000705738 0.000609139 0)
(-0.00145106 0.00100253 0)
(-0.00247147 0.00138346 0)
(-0.00375119 0.00173038 0)
(-0.00526312 0.00203119 0)
(-0.00697319 0.00227956 0)
(-0.0088433 0.00247272 0)
(-0.0108334 0.00261021 0)
(-0.012903 0.00269304 0)
(-0.0150123 0.00272316 0)
(-0.0171225 0.0027032 0)
(-0.019197 0.0026362 0)
(-0.0212011 0.00252551 0)
(-0.0231027 0.00237467 0)
(-0.0248724 0.00218735 0)
(-0.0264836 0.00196732 0)
(-0.0279123 0.00171846 0)
(-0.029138 0.00144471 0)
(-0.0301428 0.00115007 0)
(-0.0309124 0.000838662 0)
(-0.0314353 0.000514683 0)
(-0.0317036 0.000182442 0)
(-0.0317127 -0.000153638 0)
(-0.0314616 -0.000489021 0)
(-0.0309528 -0.000819052 0)
(-0.0301923 -0.00113897 0)
(-0.02919 -0.00144394 0)
(-0.0279595 -0.00172906 0)
(-0.026518 -0.0019894 0)
(-0.0248866 -0.00222009 0)
(-0.0230899 -0.00241633 0)
(-0.0211562 -0.0025735 0)
(-0.0191169 -0.00268724 0)
(-0.0170066 -0.00275351 0)
(-0.0148626 -0.00276878 0)
(-0.0127244 -0.0027301 0)
(-0.010633 -0.00263531 0)
(-0.00863052 -0.00248324 0)
(-0.00675878 -0.00227402 0)
(-0.00505838 -0.00200959 0)
(-0.00356687 -0.00169437 0)
(-0.00231666 -0.00133649 0)
(-0.00133196 -0.00094984 0)
(-0.000624677 -0.000557459 0)
(-0.000188754 -0.000196592 0)
(7.08044e-06 7.27533e-05 0)
(2.5353e-05 0.000146432 0)
(-4.89565e-06 -0.000112213 0)
(-0.000153813 0.000164555 0)
(-0.000599924 0.000710188 0)
(-0.00137298 0.0013797 0)
(-0.00248767 0.00208501 0)
(-0.00394135 0.00276877 0)
(-0.00571339 0.00339439 0)
(-0.00777045 0.00393958 0)
(-0.0100709 0.0043916 0)
(-0.0125679 0.00474406 0)
(-0.0152118 0.00499486 0)
(-0.0179518 0.00514484 0)
(-0.0207374 0.00519685 0)
(-0.0235197 0.00515519 0)
(-0.0262514 0.00502511 0)
(-0.028888 0.00481258 0)
(-0.0313881 0.00452403 0)
(-0.0337135 0.00416628 0)
(-0.0358294 0.0037464 0)
(-0.0377051 0.0032717 0)
(-0.0393134 0.00274964 0)
(-0.0406314 0.0021879 0)
(-0.0416401 0.00159433 0)
(-0.0423249 0.000976962 0)
(-0.0426754 0.00034405 0)
(-0.0426859 -0.000295952 0)
(-0.0423549 -0.00093438 0)
(-0.041686 -0.00156237 0)
(-0.0406871 -0.00217088 0)
(-0.0393712 -0.00275074 0)
(-0.037756 -0.00329268 0)
(-0.0358642 -0.00378747 0)
(-0.033723 -0.00422594 0)
(-0.0313644 -0.00459918 0)
(-0.028825 -0.00489862 0)
(-0.0261454 -0.00511624 0)
(-0.0233699 -0.00524476 0)
(-0.0205465 -0.00527787 0)
(-0.0177253 -0.0052105 0)
(-0.0149586 -0.00503917 0)
(-0.0122993 -0.00476245 0)
(-0.00979996 -0.00438151 0)
(-0.00751093 -0.00390096 0)
(-0.00547852 -0.00333011 0)
(-0.00374246 -0.00268478 0)
(-0.00233284 -0.00199025 0)
(-0.00126581 -0.00128564 0)
(-0.000538641 -0.000629862 0)
(-0.000129763 -0.000110786 0)
(-5.94623e-07 0.000130205 0)
(-3.36789e-05 -3.29337e-06 0)
(-0.000309958 0.000567764 0)
(-0.00100004 0.00145801 0)
(-0.00209752 0.00249705 0)
(-0.00359936 0.00357461 0)
(-0.0054949 0.00461479 0)
(-0.00775647 0.00556653 0)
(-0.0103438 0.00639701 0)
(-0.0132081 0.00708633 0)
(-0.0162951 0.00762367 0)
(-0.019547 0.00800466 0)
(-0.0229046 0.00822957 0)
(-0.0263088 0.008302 0)
(-0.0297019 0.00822791 0)
(-0.0330281 0.00801501 0)
(-0.0362347 0.00767225 0)
(-0.0392725 0.0072095 0)
(-0.0420958 0.0066373 0)
(-0.0446633 0.00596672 0)
(-0.046938 0.00520925 0)
(-0.0488877 0.00437672 0)
(-0.0504847 0.0034813 0)
(-0.0517065 0.00253549 0)
(-0.0525355 0.00155208 0)
(-0.0529595 0.000544211 0)
(-0.0529714 -0.000474666 0)
(-0.0525699 -0.00149078 0)
(-0.051759 -0.00249005 0)
(-0.0505485 -0.00345817 0)
(-0.048954 -0.00438063 0)
(-0.0469966 -0.00524284 0)
(-0.0447035 -0.00603027 0)
(-0.0421073 -0.00672858 0)
(-0.0392462 -0.00732385 0)
(-0.0361635 -0.00780278 0)
(-0.0329074 -0.00815302 0)
(-0.0295308 -0.00836345 0)
(-0.0260899 -0.0084246 0)
(-0.0226441 -0.00832904 0)
(-0.0192548 -0.008072 0)
(-0.0159839 -0.00765198 0)
(-0.0128928 -0.00707169 0)
(-0.0100401 -0.00633922 0)
(-0.00747988 -0.00546965 0)
(-0.00525888 -0.00448746 0)
(-0.00341391 -0.00342988 0)
(-0.00196771 -0.00235177 0)
(-0.000924835 -0.00133159 0)
(-0.000279956 -0.000480091 0)
(-2.81787e-05 3.54312e-05 0)
(-6.11409e-05 0.000188442 0)
(-0.000465661 0.00117263 0)
(-0.00140627 0.00249683 0)
(-0.00283704 0.00397566 0)
(-0.00473361 0.00548256 0)
(-0.0070743 0.00692656 0)
(-0.00982233 0.00824391 0)
(-0.0129293 0.00939195 0)
(-0.016339 0.0103437 0)
(-0.0199899 0.0110837 0)
(-0.023817 0.0116051 0)
(-0.0277537 0.0119074 0)
(-0.0317336 0.0119948 0)
(-0.0356915 0.0118751 0)
(-0.0395648 0.0115586 0)
(-0.0432936 0.0110575 0)
(-0.0468222 0.0103855 0)
(-0.0500987 0.00955752 0)
(-0.0530763 0.00858906 0)
(-0.0557129 0.00749646 0)
(-0.0579717 0.00629663 0)
(-0.0598214 0.00500695 0)
(-0.0612362 0.00364531 0)
(-0.0621961 0.00223006 0)
(-0.0626873 0.000780022 0)
(-0.0627017 -0.000685518 0)
(-0.0622379 -0.00214684 0)
(-0.0613004 -0.00358383 0)
(-0.0599004 -0.00497605 0)
(-0.0580557 -0.00630281 0)
(-0.0557903 -0.00754339 0)
(-0.053135 -0.00867712 0)
(-0.0501269 -0.00968373 0)
(-0.0468092 -0.0105435 0)
(-0.0432312 -0.0112379 0)
(-0.0394474 -0.0117495 0)
(-0.0355173 -0.012063 0)
(-0.0315048 -0.0121652 0)
(-0.0274767 -0.0120463 0)
(-0.0235021 -0.0117002 0)
(-0.019651 -0.0111252 0)
(-0.0159923 -0.0103261 0)
(-0.0125924 -0.00931456 0)
(-0.00951284 -0.0081119 0)
(-0.00680789 -0.0067513 0)
(-0.00452237 -0.00528149 0)
(-0.00268776 -0.0037716 0)
(-0.00131892 -0.00231658 0)
(-0.000430438 -0.00104464 0)
(-5.4589e-05 -0.000139212 0)
(-8.64995e-05 0.00045972 0)
(-0.000615516 0.00197802 0)
(-0.0018046 0.00382878 0)
(-0.00356863 0.00581915 0)
(-0.00586042 0.0078116 0)
(-0.00864533 0.00970372 0)
(-0.0118757 0.0114214 0)
(-0.0154939 0.0129136 0)
(-0.0194356 0.0141469 0)
(-0.0236318 0.0151015 0)
(-0.0280106 0.0157682 0)
(-0.0324986 0.016146 0)
(-0.0370228 0.0162396 0)
(-0.0415118 0.0160589 0)
(-0.0458966 0.0156168 0)
(-0.0501116 0.0149293 0)
(-0.0540953 0.0140143 0)
(-0.057791 0.0128912 0)
(-0.061147 0.0115807 0)
(-0.064117 0.0101045 0)
(-0.0666604 0.00848502 0)
(-0.0687426 0.00674561 0)
(-0.0703354 0.00491014 0)
(-0.0714167 0.00300316 0)
(-0.0719711 0.00104985 0)
(-0.0719899 -0.000923995 0)
(-0.0714712 -0.00289201 0)
(-0.0704202 -0.00482733 0)
(-0.0688491 -0.00670268 0)
(-0.0667772 -0.00849051 0)
(-0.0642311 -0.0101632 0)
(-0.0612446 -0.0116934 0)
(-0.0578582 -0.0130541 0)
(-0.0541196 -0.0142193 0)
(-0.0500826 -0.0151644 0)
(-0.0458074 -0.0158666 0)
(-0.0413592 -0.0163058 0)
(-0.036808 -0.016465 0)
(-0.0322275 -0.0163315 0)
(-0.0276936 -0.0158975 0)
(-0.0232833 -0.0151617 0)
(-0.0190731 -0.0141302 0)
(-0.0151367 -0.0128186 0)
(-0.0115434 -0.0112541 0)
(-0.008356 -0.00947806 0)
(-0.00562856 -0.00754967 0)
(-0.00340311 -0.0055503 0)
(-0.0017068 -0.00358817 0)
(-0.000575664 -0.00180417 0)
(-7.89821e-05 -0.000390795 0)
(-0.000109769 0.000806188 0)
(-0.000757919 0.00297844 0)
(-0.00218937 0.00544973 0)
(-0.00428175 0.00802471 0)
(-0.00696495 0.0105591 0)
(-0.0101903 0.0129424 0)
(-0.0138982 0.0150927 0)
(-0.0180204 0.0169521 0)
(-0.0224839 0.018482 0)
(-0.027212 0.019659 0)
(-0.0321256 0.0204722 0)
(-0.0371449 0.02092 0)
(-0.0421907 0.0210084 0)
(-0.0471858 0.0207492 0)
(-0.0520559 0.0201587 0)
(-0.0567302 0.0192566 0)
(-0.0611425 0.0180653 0)
(-0.0652318 0.0166095 0)
(-0.0689423 0.0149152 0)
(-0.0722241 0.01301 0)
(-0.0750337 0.0109225 0)
(-0.0773337 0.00868216 0)
(-0.0790937 0.00631953 0)
(-0.0802898 0.00386587 0)
(-0.0809054 0.00135329 0)
(-0.0809311 -0.00118537 0)
(-0.0803646 -0.00371654 0)
(-0.0792114 -0.00620602 0)
(-0.0774845 -0.00861913 0)
(-0.0752045 -0.0109209 0)
(-0.0723998 -0.0130762 0)
(-0.0691065 -0.0150502 0)
(-0.0653682 -0.016809 0)
(-0.0612359 -0.0183194 0)
(-0.0567676 -0.0195505 0)
(-0.0520278 -0.0204734 0)
(-0.0470869 -0.0210628 0)
(-0.0420206 -0.0212974 0)
(-0.0369082 -0.0211612 0)
(-0.0318323 -0.0206448 0)
(-0.0268767 -0.0197462 0)
(-0.0221249 -0.0184731 0)
(-0.0176586 -0.0168445 0)
(-0.0135553 -0.0148928 0)
(-0.00988715 -0.0126666 0)
(-0.00671866 -0.0102342 0)
(-0.00410374 -0.00768697 0)
(-0.00208297 -0.00514364 0)
(-0.000714028 -0.00275403 0)
(-0.000101348 -0.000715232 0)
(-0.000131251 0.00122351 0)
(-0.00089308 0.00416683 0)
(-0.00255943 0.0073528 0)
(-0.00497317 0.0105865 0)
(-0.00804188 0.0137199 0)
(-0.0117024 0.0166375 0)
(-0.0158823 0.0192517 0)
(-0.0205023 0.0214997 0)
(-0.0254799 0.0233388 0)
(-0.0307299 0.0247435 0)
(-0.0361662 0.0257015 0)
(-0.0417023 0.0262115 0)
(-0.0472533 0.026281 0)
(-0.0527365 0.0259244 0)
(-0.0580726 0.0251615 0)
(-0.0631863 0.0240163 0)
(-0.0680075 0.0225162 0)
(-0.0724712 0.0206912 0)
(-0.0765184 0.0185733 0)
(-0.0800962 0.0161961 0)
(-0.0831585 0.0135948 0)
(-0.0856657 0.0108058 0)
(-0.0875853 0.00786639 0)
(-0.0888923 0.00481505 0)
(-0.0895688 0.00169122 0)
(-0.0896045 -0.00146476 0)
(-0.0889971 -0.00461165 0)
(-0.0877519 -0.00770749 0)
(-0.0858824 -0.0107097 0)
(-0.0834101 -0.0135753 0)
(-0.0803649 -0.0162614 0)
(-0.0767845 -0.0187252 0)
(-0.072715 -0.020925 0)
(-0.0682101 -0.0228202 0)
(-0.0633312 -0.0243728 0)
(-0.0581468 -0.0255476 0)
(-0.0527316 -0.0263134 0)
(-0.0471663 -0.0266442 0)
(-0.0415359 -0.0265202 0)
(-0.035929 -0.0259296 0)
(-0.0304362 -0.0248695 0)
(-0.0251486 -0.0233487 0)
(-0.0201558 -0.0213884 0)
(-0.0155445 -0.0190257 0)
(-0.0113969 -0.0163153 0)
(-0.00778895 -0.0133328 0)
(-0.00478738 -0.0101782 0)
(-0.00244675 -0.00697786 0)
(-0.000845879 -0.0038882 0)
(-0.000122003 -0.00110849 0)
(-0.000151322 0.00170791 0)
(-0.00102201 0.00553619 0)
(-0.00291602 0.0095304 0)
(-0.00564382 0.0134975 0)
(-0.00909161 0.0172881 0)
(-0.0131817 0.0207835 0)
(-0.0178284 0.0238928 0)
(-0.0229408 0.0265498 0)
(-0.0284261 0.0287098 0)
(-0.0341908 0.0303456 0)
(-0.0401408 0.0314449 0)
(-0.0461834 0.0320074 0)
(-0.0522276 0.0320429 0)
(-0.0581857 0.0315687 0)
(-0.0639736 0.0306088 0)
(-0.0695122 0.0291918 0)
(-0.0747276 0.0273505 0)
(-0.0795515 0.0251206 0)
(-0.0839222 0.0225405 0)
(-0.0877844 0.0196503 0)
(-0.0910895 0.0164921 0)
(-0.0937964 0.0131092 0)
(-0.095871 0.00954632 0)
(-0.0972869 0.00584943 0)
(-0.0980251 0.00206558 0)
(-0.0980749 -0.00175702 0)
(-0.0974332 -0.00556917 0)
(-0.0961053 -0.00932076 0)
(-0.094105 -0.0129609 0)
(-0.0914543 -0.0164385 0)
(-0.0881838 -0.0197019 0)
(-0.0843327 -0.0227003 0)
(-0.0799487 -0.0253836 0)
(-0.0750879 -0.0277034 0)
(-0.0698145 -0.0296141 0)
(-0.0642001 -0.0310733 0)
(-0.0583237 -0.0320436 0)
(-0.0522705 -0.0324935 0)
(-0.0461308 -0.0323989 0)
(-0.0399994 -0.0317448 0)
(-0.0339738 -0.0305269 0)
(-0.0281525 -0.0287539 0)
(-0.0226342 -0.0264487 0)
(-0.0175151 -0.0236518 0)
(-0.0128882 -0.0204228 0)
(-0.00884192 -0.0168434 0)
(-0.00545629 -0.01302 0)
(-0.00280006 -0.00908549 0)
(-0.00097247 -0.005201 0)
(-0.00014136 -0.00156719 0)
(-0.000170344 0.00225633 0)
(-0.00114601 0.00708044 0)
(-0.00326151 0.0119756 0)
(-0.00629686 0.0167511 0)
(-0.0101178 0.0212576 0)
(-0.0146322 0.025375 0)
(-0.0197411 0.0290109 0)
(-0.0253412 0.0320974 0)
(-0.0313295 0.034589 0)
(-0.0376032 0.0364584 0)
(-0.0440606 0.0376944 0)
(-0.0506019 0.0382985 0)
(-0.0571306 0.0382835 0)
(-0.0635536 0.0376706 0)
(-0.0697828 0.0364883 0)
(-0.0757352 0.0347705 0)
(-0.0813335 0.0325557 0)
(-0.086507 0.0298861 0)
(-0.0911914 0.0268063 0)
(-0.0953292 0.0233636 0)
(-0.0988703 0.0196071 0)
(-0.101772 0.0155875 0)
(-0.103998 0.011357 0)
(-0.105523 0.00696924 0)
(-0.106325 0.00247929 0)
(-0.106393 -0.00205666 0)
(-0.105724 -0.00658113 0)
(-0.104323 -0.0110356 0)
(-0.102203 -0.0153608 0)
(-0.0993858 -0.0194967 0)
(-0.0959036 -0.0233831 0)
(-0.0917959 -0.0269604 0)
(-0.0871117 -0.0301699 0)
(-0.0819087 -0.0329547 0)
(-0.0762535 -0.0352609 0)
(-0.0702206 -0.0370386 0)
(-0.0638926 -0.0382434 0)
(-0.0573589 -0.0388374 0)
(-0.0507153 -0.0387916 0)
(-0.0440626 -0.0380869 0)
(-0.0375052 -0.0367167 0)
(-0.0311501 -0.0346885 0)
(-0.0251048 -0.032026 0)
(-0.0194762 -0.0287718 0)
(-0.0143687 -0.0249892 0)
(-0.00988379 -0.0207645 0)
(-0.00611525 -0.0162096 0)
(-0.00314616 -0.0114624 0)
(-0.00109544 -0.00668806 0)
(-0.000159836 -0.00208882 0)
(-0.000188646 0.00286651 0)
(-0.00126646 0.00879479 0)
(-0.00359872 0.0146826 0)
(-0.00693652 0.0203416 0)
(-0.0111258 0.0256233 0)
(-0.0160604 0.0304076 0)
(-0.0216276 0.0346018 0)
(-0.027712 0.0381383 0)
(-0.0341995 0.0409719 0)
(-0.0409779 0.0430768 0)
(-0.0479376 0.0444438 0)
(-0.0549717 0.0450776 0)
(-0.0619779 0.0449948 0)
(-0.0688581 0.0442212 0)
(-0.0755202 0.0427906 0)
(-0.0818775 0.0407428 0)
(-0.08785 0.0381225 0)
(-0.0933645 0.0349786 0)
(-0.0983546 0.0313628 0)
(-0.102761 0.0273294 0)
(-0.106533 0.0229349 0)
(-0.109626 0.0182376 0)
(-0.112003 0.0132974 0)
(-0.113636 0.00817587 0)
(-0.114505 0.00293602 0)
(-0.114597 -0.00235772 0)
(-0.113908 -0.00763951 0)
(-0.112442 -0.0128423 0)
(-0.110213 -0.0178979 0)
(-0.107242 -0.0227375 0)
(-0.103561 -0.0272919 0)
(-0.0992099 -0.0314923 0)
(-0.0942383 -0.0352709 0)
(-0.0887054 -0.0385618 0)
(-0.0826793 -0.0413025 0)
(-0.0762373 -0.0434345 0)
(-0.0694652 -0.0449056 0)
(-0.0624565 -0.045671 0)
(-0.0553121 -0.0456955 0)
(-0.048139 -0.0449552 0)
(-0.041049 -0.0434397 0)
(-0.0341576 -0.0411545 0)
(-0.027582 -0.0381228 0)
(-0.0214401 -0.0343881 0)
(-0.0158487 -0.0300161 0)
(-0.0109228 -0.0250967 0)
(-0.00677038 -0.019746 0)
(-0.00348889 -0.0141064 0)
(-0.00121653 -0.0083468 0)
(-0.000177825 -0.00267186 0)
(-0.000206513 0.00353693 0)
(-0.00138466 0.0106759 0)
(-0.00393057 0.0176472 0)
(-0.00756738 0.0242648 0)
(-0.0121219 0.0303813 0)
(-0.0174736 0.0358778 0)
(-0.0234965 0.0406625 0)
(-0.0300624 0.0446693 0)
(-0.0370463 0.0478551 0)
(-0.0443261 0.0501967 0)
(-0.0517838 0.0516883 0)
(-0.0593057 0.052339 0)
(-0.0667834 0.0521701 0)
(-0.0741142 0.0512131 0)
(-0.0812016 0.0495078 0)
(-0.0879561 0.0471005 0)
(-0.094295 0.0440429 0)
(-0.100143 0.0403908 0)
(-0.105432 0.0362033 0)
(-0.110102 0.0315423 0)
(-0.1141 0.0264717 0)
(-0.117381 0.0210576 0)
(-0.119908 0.0153677 0)
(-0.121652 0.00947153 0)
(-0.122591 0.00344013 0)
(-0.122712 -0.00265378 0)
(-0.122011 -0.00873595 0)
(-0.12049 -0.0147306 0)
(-0.118163 -0.0205609 0)
(-0.11505 -0.0261486 0)
(-0.111183 -0.0314156 0)
(-0.106601 -0.0362833 0)
(-0.101355 -0.0406745 0)
(-0.095504 -0.0445138 0)
(-0.0891177 -0.0477291 0)
(-0.0822754 -0.050253 0)
(-0.0750657 -0.0520245 0)
(-0.0675864 -0.0529908 0)
(-0.0599432 -0.0531094 0)
(-0.0522494 -0.0523503 0)
(-0.0446245 -0.0506984 0)
(-0.0371926 -0.0481557 0)
(-0.0300816 -0.0447436 0)
(-0.0234207 -0.0405052 0)
(-0.0173399 -0.0355075 0)
(-0.0119682 -0.0298428 0)
(-0.00742834 -0.0236307 0)
(-0.00383233 -0.0170176 0)
(-0.0013375 -0.0101766 0)
(-0.000195687 -0.00331573 0)
(-0.000224191 0.00426674 0)
(-0.00150183 0.0127218 0)
(-0.00425989 0.0208672 0)
(-0.00819403 0.0285183 0)
(-0.013112 0.0355294 0)
(-0.0188795 0.0417834 0)
(-0.0253566 0.0471907 0)
(-0.0324023 0.0516881 0)
(-0.0398801 0.0552357 0)
(-0.0476584 0.0578145 0)
(-0.0556103 0.0594236 0)
(-0.0636151 0.0600774 0)
(-0.0715585 0.0598034 0)
(-0.079333 0.0586395 0)
(-0.0868384 0.0566326 0)
(-0.0939822 0.0538362 0)
(-0.10068 0.0503095 0)
(-0.106853 0.0461158 0)
(-0.112434 0.0413219 0)
(-0.117362 0.0359975 0)
(-0.121582 0.0302142 0)
(-0.125049 0.024046 0)
(-0.127725 0.0175685 0)
(-0.129581 0.0108589 0)
(-0.130595 0.0039965 0)
(-0.130752 -0.00293789 0)
(-0.130046 -0.00986159 0)
(-0.128481 -0.0166902 0)
(-0.126067 -0.0233379 0)
(-0.122825 -0.0297174 0)
(-0.118786 -0.0357409 0)
(-0.113987 -0.0413203 0)
(-0.10848 -0.0463683 0)
(-0.102323 -0.0507993 0)
(-0.095588 -0.0545312 0)
(-0.0883547 -0.0574866 0)
(-0.0807146 -0.0595948 0)
(-0.0727691 -0.0607938 0)
(-0.064629 -0.0610327 0)
(-0.0564137 -0.0602742 0)
(-0.0482506 -0.0584968 0)
(-0.0402731 -0.0556977 0)
(-0.0326198 -0.0518949 0)
(-0.0254325 -0.0471299 0)
(-0.0188544 -0.0414697 0)
(-0.0130296 -0.0350083 0)
(-0.00809593 -0.0278678 0)
(-0.00418052 -0.0201989 0)
(-0.00146002 -0.0121788 0)
(-0.000213746 -0.00402077 0)
(-0.000241893 0.0050557 0)
(-0.00161905 0.0149319 0)
(-0.0045893 0.0243416 0)
(-0.00882083 0.0331013 0)
(-0.0141024 0.0410668 0)
(-0.0202855 0.0481235 0)
(-0.0272163 0.0541854 0)
(-0.0347407 0.0591929 0)
(-0.0427107 0.0631113 0)
(-0.0509844 0.0659269 0)
(-0.0594264 0.0676452 0)
(-0.0679087 0.0682873 0)
(-0.0763112 0.0678881 0)
(-0.0845218 0.0664932 0)
(-0.0924367 0.0641571 0)
(-0.0999609 0.0609417 0)
(-0.107008 0.0569142 0)
(-0.113499 0.0521459 0)
(-0.119364 0.0467119 0)
(-0.124542 0.0406897 0)
(-0.128979 0.034159 0)
(-0.132629 0.0272014 0)
(-0.135454 0.0199003 0)
(-0.137424 0.0123409 0)
(-0.138515 0.00461035 0)
(-0.138714 -0.00320255 0)
(-0.138013 -0.0110068 0)
(-0.136414 -0.0187096 0)
(-0.133927 -0.0262161 0)
(-0.130571 -0.03343 0)
(-0.126374 -0.0402537 0)
(-0.121375 -0.046589 0)
(-0.115622 -0.0523385 0)
(-0.109174 -0.0574058 0)
(-0.102103 -0.0616979 0)
(-0.0944895 -0.0651266 0)
(-0.0864275 -0.0676103 0)
(-0.0780215 -0.0690766 0)
(-0.069387 -0.069465 0)
(-0.0606499 -0.068729 0)
(-0.0519453 -0.0668394 0)
(-0.0434163 -0.0637868 0)
(-0.0352129 -0.0595845 0)
(-0.0274896 -0.0542709 0)
(-0.0204043 -0.0479117 0)
(-0.0141164 -0.0406013 0)
(-0.00877986 -0.0324645 0)
(-0.00453738 -0.0236555 0)
(-0.00158568 -0.0143568 0)
(-0.000232302 -0.00478817 0)
(-0.000259799 0.00590413 0)
(-0.00173731 0.0173069 0)
(-0.00492121 0.0280714 0)
(-0.00945183 0.0380146 0)
(-0.0150986 0.0469941 0)
(-0.0216985 0.0548986 0)
(-0.0290835 0.0616461 0)
(-0.0370862 0.0671826 0)
(-0.0455465 0.0714795 0)
(-0.0543122 0.0745302 0)
(-0.0632392 0.076348 0)
(-0.0721924 0.0769623 0)
(-0.0810458 0.0764165 0)
(-0.089683 0.0747652 0)
(-0.0979971 0.0720719 0)
(-0.105891 0.0684073 0)
(-0.113276 0.0638473 0)
(-0.120073 0.0584723 0)
(-0.126213 0.0523655 0)
(-0.131634 0.0456126 0)
(-0.136281 0.0383013 0)
(-0.140109 0.0305212 0)
(-0.143081 0.0223632 0)
(-0.145165 0.0139203 0)
(-0.146339 0.00528705 0)
(-0.146587 -0.00343976 0)
(-0.145901 -0.0121612 0)
(-0.14428 -0.0207762 0)
(-0.141734 -0.0291811 0)
(-0.13828 -0.0372706 0)
(-0.133943 -0.0449372 0)
(-0.128761 -0.0520729 0)
(-0.12278 -0.058569 0)
(-0.116059 -0.0643183 0)
(-0.108667 -0.0692161 0)
(-0.100687 -0.0731621 0)
(-0.0922146 -0.076063 0)
(-0.0833559 -0.0778345 0)
(-0.0742315 -0.0784046 0)
(-0.0649733 -0.0777163 0)
(-0.0557245 -0.0757307 0)
(-0.0466381 -0.0724303 0)
(-0.0378758 -0.0678218 0)
(-0.0296059 -0.0619388 0)
(-0.0220013 -0.0548444 0)
(-0.0152378 -0.0466328 0)
(-0.00948657 -0.0374304 0)
(-0.00490669 -0.0273953 0)
(-0.00171598 -0.0167159 0)
(-0.000251628 -0.00561993 0)
(-0.000278074 0.00681281 0)
(-0.0018575 0.0198485 0)
(-0.00525783 0.0320589 0)
(-0.0100908 0.0432606 0)
(-0.0161058 0.0533135 0)
(-0.0231249 0.0621099 0)
(-0.0309653 0.0695731 0)
(-0.0394459 0.075656 0)
(-0.0483943 0.0803374 0)
(-0.0576477 0.0836198 0)
(-0.0670533 0.0855255 0)
(-0.0764687 0.086094 0)
(-0.0857625 0.0853788 0)
(-0.0948142 0.0834445 0)
(-0.103514 0.0803649 0)
(-0.111763 0.0762205 0)
(-0.119472 0.0710969 0)
(-0.126563 0.0650834 0)
(-0.132964 0.0582723 0)
(-0.138616 0.0507575 0)
(-0.143464 0.042635 0)
(-0.147465 0.0340017 0)
(-0.15058 0.0249564 0)
(-0.152779 0.0155992 0)
(-0.154039 0.00603195 0)
(-0.154342 -0.00364108 0)
(-0.153681 -0.0133134 0)
(-0.152052 -0.0228759 0)
(-0.149464 -0.0322166 0)
(-0.14593 -0.0412211 0)
(-0.141474 -0.0497725 0)
(-0.13613 -0.0577522 0)
(-0.129943 -0.0650406 0)
(-0.122969 -0.0715187 0)
(-0.115277 -0.0770693 0)
(-0.106949 -0.0815793 0)
(-0.0980797 -0.084942 0)
(-0.0887796 -0.0870599 0)
(-0.0791724 -0.0878479 0)
(-0.0693961 -0.0872364 0)
(-0.0596017 -0.0851749 0)
(-0.0499526 -0.0816358 0)
(-0.0406225 -0.076617 0)
(-0.0317941 -0.0701459 0)
(-0.0236563 -0.0622814 0)
(-0.0164026 -0.0531162 0)
(-0.0102222 -0.0427779 0)
(-0.00529202 -0.0314286 0)
(-0.00185236 -0.0192632 0)
(-0.00027198 -0.00651882 0)
(-0.000296861 0.00778297 0)
(-0.00198043 0.0225596 0)
(-0.00560121 0.0363077 0)
(-0.0107411 0.0488432 0)
(-0.0171288 0.0600283 0)
(-0.0245705 0.0697597 0)
(-0.032868 0.0779672 0)
(-0.041826 0.0846116 0)
(-0.0512594 0.0896814 0)
(-0.0609948 0.0931894 0)
(-0.0708703 0.0951691 0)
(-0.0807366 0.0956716 0)
(-0.090457 0.0947621 0)
(-0.0999073 0.0925168 0)
(-0.108976 0.0890208 0)
(-0.117562 0.0843655 0)
(-0.125577 0.0786469 0)
(-0.132942 0.0719642 0)
(-0.139588 0.0644187 0)
(-0.145457 0.056113 0)
(-0.150495 0.047151 0)
(-0.154659 0.0376372 0)
(-0.157912 0.0276774 0)
(-0.160224 0.0173788 0)
(-0.161571 0.00685006 0)
(-0.161938 -0.0037977 0)
(-0.161312 -0.0144509 0)
(-0.159691 -0.0249929 0)
(-0.157078 -0.0353039 0)
(-0.153485 -0.0452607 0)
(-0.148934 -0.0547369 0)
(-0.143454 -0.0636035 0)
(-0.137088 -0.0717298 0)
(-0.129887 -0.0789843 0)
(-0.12192 -0.0852366 0)
(-0.113265 -0.0903598 0)
(-0.104019 -0.0942323 0)
(-0.0942934 -0.0967419 0)
(-0.0842146 -0.0977883 0)
(-0.0739263 -0.0972873 0)
(-0.0635875 -0.0951746 0)
(-0.0533715 -0.0914099 0)
(-0.0434652 -0.0859806 0)
(-0.0340658 -0.0789055 0)
(-0.0253797 -0.0702377 0)
(-0.0176191 -0.0600671 0)
(-0.0109928 -0.0485219 0)
(-0.00569682 -0.0357679 0)
(-0.00199617 -0.0220074 0)
(-0.000293601 -0.0074883 0)
(-0.000316299 0.00881625 0)
(-0.00210689 0.025444 0)
(-0.00595328 0.0408228 0)
(-0.0114061 0.0547676 0)
(-0.0181719 0.0671429 0)
(-0.0260404 0.0778508 0)
(-0.034797 0.0868289 0)
(-0.0442315 0.0940474 0)
(-0.0541457 0.0995063 0)
(-0.0643551 0.103231 0)
(-0.074689 0.105267 0)
(-0.0849912 0.105681 0)
(-0.0951201 0.104549 0)
(-0.104948 0.101963 0)
(-0.114363 0.0980193 0)
(-0.123263 0.0928216 0)
(-0.13156 0.086477 0)
(-0.139177 0.0790953 0)
(-0.146047 0.0707871 0)
(-0.152112 0.0616638 0)
(-0.157323 0.051837 0)
(-0.161638 0.0414188 0)
(-0.165021 0.0305216 0)
(-0.167442 0.019259 0)
(-0.168879 0.0077458 0)
(-0.169315 -0.00390062 0)
(-0.168736 -0.0155603 0)
(-0.167138 -0.0271097 0)
(-0.164522 -0.0384217 0)
(-0.160897 -0.0493648 0)
(-0.156278 -0.0598035 0)
(-0.150692 -0.0695986 0)
(-0.144178 -0.0786077 0)
(-0.136783 -0.0866868 0)
(-0.12857 -0.0936915 0)
(-0.119619 -0.0994797 0)
(-0.110022 -0.103914 0)
(-0.0998914 -0.106865 0)
(-0.0893572 -0.108215 0)
(-0.0785674 -0.107864 0)
(-0.0676885 -0.10573 0)
(-0.0569041 -0.101759 0)
(-0.0464141 -0.0959231 0)
(-0.0364316 -0.0882318 0)
(-0.0271811 -0.0787301 0)
(-0.0188951 -0.0675034 0)
(-0.0118038 -0.0546797 0)
(-0.00612439 -0.0404282 0)
(-0.00214873 -0.024959 0)
(-0.00031673 -0.00853255 0)
(-0.000336524 0.00991466 0)
(-0.00223763 0.0285065 0)
(-0.00631598 0.0456105 0)
(-0.012089 0.06104 0)
(-0.0192396 0.0746627 0)
(-0.0275396 0.0863866 0)
(-0.0367572 0.0961585 0)
(-0.0466662 0.10396 0)
(-0.057055 0.109805 0)
(-0.0677276 0.113733 0)
(-0.0785046 0.115805 0)
(-0.0892231 0.116103 0)
(-0.0997373 0.114719 0)
(-0.109917 0.111759 0)
(-0.119649 0.107335 0)
(-0.128833 0.101562 0)
(-0.137381 0.094561 0)
(-0.145221 0.0864514 0)
(-0.152287 0.0773543 0)
(-0.158525 0.0673895 0)
(-0.163888 0.0566767 0)
(-0.168336 0.0453345 0)
(-0.171836 0.0334818 0)
(-0.174361 0.0212377 0)
(-0.175888 0.0087226 0)
(-0.176398 -0.00394084 0)
(-0.175879 -0.016627 0)
(-0.174322 -0.0292066 0)
(-0.171726 -0.0415456 0)
(-0.168096 -0.0535051 0)
(-0.163442 -0.0649409 0)
(-0.157787 -0.0757036 0)
(-0.151162 -0.0856396 0)
(-0.143611 -0.0945916 0)
(-0.135193 -0.102401 0)
(-0.12598 -0.108908 0)
(-0.116066 -0.11396 0)
(-0.105559 -0.117407 0)
(-0.0945926 -0.119113 0)
(-0.0833176 -0.118956 0)
(-0.0719076 -0.116838 0)
(-0.0605566 -0.112685 0)
(-0.0494776 -0.106454 0)
(-0.0389004 -0.0981391 0)
(-0.0290691 -0.0877763 0)
(-0.020238 -0.0754448 0)
(-0.0126607 -0.0612706 0)
(-0.00657798 -0.0454264 0)
(-0.00231136 -0.0281302 0)
(-0.000341605 -0.00965642 0)
(-0.000357679 0.0110807 0)
(-0.00237347 0.0317528 0)
(-0.00669131 0.050678 0)
(-0.012793 0.0676681 0)
(-0.0203361 0.0825937 0)
(-0.0290728 0.0953704 0)
(-0.0387528 0.105956 0)
(-0.0491331 0.114345 0)
(-0.0599878 0.120568 0)
(-0.0711093 0.12468 0)
(-0.0823094 0.126763 0)
(-0.093419 0.126913 0)
(-0.104289 0.125244 0)
(-0.114787 0.121875 0)
(-0.1248 0.116935 0)
(-0.134229 0.110554 0)
(-0.142992 0.102865 0)
(-0.151017 0.0940007 0)
(-0.158244 0.0840908 0)
(-0.164623 0.0732643 0)
(-0.17011 0.0616483 0)
(-0.17467 0.0493678 0)
(-0.178272 0.0365471 0)
(-0.180891 0.0233104 0)
(-0.182504 0.00978251 0)
(-0.183094 -0.00390961 0)
(-0.182646 -0.0176359 0)
(-0.18115 -0.0312619 0)
(-0.178601 -0.0446481 0)
(-0.174997 -0.0576489 0)
(-0.170347 -0.070112 0)
(-0.164664 -0.0818785 0)
(-0.157975 -0.0927834 0)
(-0.150315 -0.102656 0)
(-0.141737 -0.111323 0)
(-0.132309 -0.118607 0)
(-0.122119 -0.124335 0)
(-0.111274 -0.128338 0)
(-0.0999056 -0.130457 0)
(-0.0881688 -0.130549 0)
(-0.0762429 -0.128492 0)
(-0.0643317 -0.124189 0)
(-0.0526616 -0.11758 0)
(-0.04148 -0.108641 0)
(-0.0310516 -0.0973949 0)
(-0.0216549 -0.0839123 0)
(-0.0135689 -0.068316 0)
(-0.00706086 -0.0507814 0)
(-0.00248538 -0.0315347 0)
(-0.000368472 -0.0108654 0)
(-0.000379926 0.0123171 0)
(-0.0025153 0.0351897 0)
(-0.00708147 0.0560342 0)
(-0.0135218 0.0746603 0)
(-0.021466 0.0909427 0)
(-0.0306449 0.104806 0)
(-0.0407881 0.116219 0)
(-0.0516345 0.125195 0)
(-0.0629431 0.131781 0)
(-0.0744946 0.136054 0)
(-0.0860919 0.138115 0)
(-0.0975605 0.138082 0)
(-0.108748 0.136087 0)
(-0.119522 0.13227 0)
(-0.129771 0.126777 0)
(-0.1394 0.119755 0)
(-0.14833 0.111349 0)
(-0.156494 0.101703 0)
(-0.163839 0.0909597 0)
(-0.170319 0.0792552 0)
(-0.175896 0.0667239 0)
(-0.18054 0.0534968 0)
(-0.184222 0.0397027 0)
(-0.186921 0.0254696 0)
(-0.188616 0.0109257 0)
(-0.189289 -0.00379877 0)
(-0.188924 -0.0185706 0)
(-0.18751 -0.0332518 0)
(-0.185036 -0.0476982 0)
(-0.181496 -0.0617587 0)
(-0.176892 -0.0752738 0)
(-0.171231 -0.088076 0)
(-0.16453 -0.099989 0)
(-0.156818 -0.110829 0)
(-0.148138 -0.120406 0)
(-0.13855 -0.128527 0)
(-0.128137 -0.134995 0)
(-0.117001 -0.13962 0)
(-0.105272 -0.142218 0)
(-0.0931062 -0.14262 0)
(-0.0806873 -0.140676 0)
(-0.0682284 -0.136267 0)
(-0.0559697 -0.129306 0)
(-0.0441765 -0.11975 0)
(-0.0331358 -0.107604 0)
(-0.0231524 -0.0929281 0)
(-0.0145337 -0.0758392 0)
(-0.00757631 -0.0565142 0)
(-0.00267219 -0.0351877 0)
(-0.000397593 -0.0121658 0)
(-0.000403451 0.0136272 0)
(-0.00266417 0.0388251 0)
(-0.00748899 0.0616891 0)
(-0.0142795 0.0820267 0)
(-0.0226345 0.0997171 0)
(-0.0322613 0.114695 0)
(-0.0428674 0.126946 0)
(-0.0541721 0.1365 0)
(-0.0659186 0.143428 0)
(-0.0778754 0.147829 0)
(-0.0898372 0.149829 0)
(-0.101624 0.149569 0)
(-0.113082 0.147205 0)
(-0.124081 0.142898 0)
(-0.13451 0.136812 0)
(-0.144281 0.129112 0)
(-0.15332 0.119959 0)
(-0.161568 0.10951 0)
(-0.168977 0.0979151 0)
(-0.17551 0.0853213 0)
(-0.181135 0.0718688 0)
(-0.185826 0.0576937 0)
(-0.189562 0.0429285 0)
(-0.192322 0.0277039 0)
(-0.19409 0.0121501 0)
(-0.194847 -0.00360111 0)
(-0.194578 -0.0194147 0)
(-0.193267 -0.0351505 0)
(-0.190899 -0.0506614 0)
(-0.187465 -0.0657919 0)
(-0.182957 -0.0803769 0)
(-0.177375 -0.0942407 0)
(-0.170724 -0.107197 0)
(-0.163026 -0.119049 0)
(-0.154312 -0.12959 0)
(-0.144633 -0.138608 0)
(-0.134062 -0.145884 0)
(-0.122696 -0.151203 0)
(-0.110659 -0.154353 0)
(-0.0981069 -0.155135 0)
(-0.0852274 -0.15337 0)
(-0.0722414 -0.148907 0)
(-0.0594024 -0.141632 0)
(-0.0469944 -0.131476 0)
(-0.0353283 -0.118422 0)
(-0.0247372 -0.102515 0)
(-0.0155604 -0.0838648 0)
(-0.00812783 -0.0626476 0)
(-0.00287325 -0.0391062 0)
(-0.000429251 -0.0135645 0)
(-0.000428487 0.0150151 0)
(-0.00282134 0.0426682 0)
(-0.00791694 0.0676545 0)
(-0.0150708 0.0897785 0)
(-0.0238476 0.108925 0)
(-0.033928 0.125041 0)
(-0.0449951 0.13813 0)
(-0.0567472 0.148247 0)
(-0.0689104 0.155485 0)
(-0.0812412 0.159973 0)
(-0.0935259 0.161864 0)
(-0.105581 0.161327 0)
(-0.117252 0.158543 0)
(-0.128411 0.153698 0)
(-0.138953 0.146978 0)
(-0.148796 0.138564 0)
(-0.157875 0.128635 0)
(-0.166138 0.11736 0)
(-0.173547 0.104901 0)
(-0.180074 0.0914123 0)
(-0.185694 0.0770398 0)
(-0.19039 0.0619237 0)
(-0.194145 0.046199 0)
(-0.196944 0.0299977 0)
(-0.198771 0.0134505 0)
(-0.199612 -0.00331084 0)
(-0.199448 -0.0201513 0)
(-0.198263 -0.0369302 0)
(-0.196037 -0.0534993 0)
(-0.192754 -0.0697006 0)
(-0.188397 -0.0853645 0)
(-0.182958 -0.100309 0)
(-0.176431 -0.114338 0)
(-0.168823 -0.127242 0)
(-0.160156 -0.138799 0)
(-0.150468 -0.148776 0)
(-0.13982 -0.156932 0)
(-0.128298 -0.163023 0)
(-0.11602 -0.166807 0)
(-0.103139 -0.168052 0)
(-0.0898431 -0.166542 0)
(-0.0763606 -0.162092 0)
(-0.0629574 -0.154554 0)
(-0.0499367 -0.143825 0)
(-0.0376347 -0.129865 0)
(-0.0264158 -0.112697 0)
(-0.0166548 -0.0924193 0)
(-0.00871915 -0.0692066 0)
(-0.00309019 -0.0433091 0)
(-0.000463769 -0.0150693 0)
(-0.000455323 0.0164854 0)
(-0.00298837 0.04673 0)
(-0.00836909 0.0739441 0)
(-0.0159018 0.0979285 0)
(-0.0251127 0.118575 0)
(-0.0356524 0.135845 0)
(-0.0471768 0.149765 0)
(-0.0593611 0.160416 0)
(-0.0719138 0.167922 0)
(-0.0845786 0.172445 0)
(-0.0971347 0.174169 0)
(-0.109396 0.173295 0)
(-0.121209 0.170035 0)
(-0.13245 0.164599 0)
(-0.143024 0.157197 0)
(-0.152855 0.148033 0)
(-0.161889 0.137301 0)
(-0.170086 0.125182 0)
(-0.17742 0.111851 0)
(-0.18387 0.0974679 0)
(-0.189424 0.0821846 0)
(-0.194071 0.0661439 0)
(-0.197803 0.0494819 0)
(-0.20061 0.0323302 0)
(-0.20248 0.0148182 0)
(-0.2034 -0.00292407 0)
(-0.203352 -0.0207636 0)
(-0.202315 -0.0385616 0)
(-0.200268 -0.0561704 0)
(-0.197185 -0.0734314 0)
(-0.193042 -0.0901727 0)
(-0.187819 -0.106207 0)
(-0.181498 -0.121331 0)
(-0.174073 -0.135323 0)
(-0.165548 -0.147945 0)
(-0.155947 -0.158944 0)
(-0.145317 -0.168055 0)
(-0.133731 -0.175003 0)
(-0.121297 -0.179512 0)
(-0.108159 -0.181312 0)
(-0.094506 -0.180149 0)
(-0.0805699 -0.175794 0)
(-0.0666286 -0.168057 0)
(-0.0530043 -0.1568 0)
(-0.0400602 -0.141946 0)
(-0.0281951 -0.123496 0)
(-0.0178231 -0.10153 0)
(-0.00935444 -0.0762181 0)
(-0.00332486 -0.0478169 0)
(-0.000501517 -0.0166889 0)
(-0.000484332 0.0180435 0)
(-0.00316728 0.0510235 0)
(-0.00885022 0.080574 0)
(-0.01678 0.106492 0)
(-0.0264389 0.128676 0)
(-0.0374435 0.147108 0)
(-0.0494189 0.16184 0)
(-0.0620153 0.172984 0)
(-0.0749222 0.180702 0)
(-0.087871 0.185194 0)
(-0.100634 0.186681 0)
(-0.113025 0.185401 0)
(-0.124894 0.181597 0)
(-0.136125 0.175512 0)
(-0.146631 0.167381 0)
(-0.15635 0.157429 0)
(-0.165241 0.145866 0)
(-0.173277 0.132891 0)
(-0.180444 0.118685 0)
(-0.186735 0.103416 0)
(-0.192149 0.0872407 0)
(-0.196685 0.0703026 0)
(-0.200344 0.0527374 0)
(-0.203122 0.0346746 0)
(-0.205012 0.0162404 0)
(-0.206003 -0.00243938 0)
(-0.206078 -0.0212358 0)
(-0.205214 -0.040014 0)
(-0.203383 -0.0586295 0)
(-0.200555 -0.0769256 0)
(-0.196695 -0.0947301 0)
(-0.19177 -0.111853 0)
(-0.185749 -0.128084 0)
(-0.178609 -0.143192 0)
(-0.170337 -0.156924 0)
(-0.160939 -0.169007 0)
(-0.150441 -0.179149 0)
(-0.138902 -0.187044 0)
(-0.126414 -0.19238 0)
(-0.113112 -0.194843 0)
(-0.0991782 -0.194132 0)
(-0.0848468 -0.189971 0)
(-0.0704058 -0.18212 0)
(-0.0561962 -0.170395 0)
(-0.0426096 -0.154678 0)
(-0.030082 -0.134935 0)
(-0.0190719 -0.111226 0)
(-0.0100385 -0.0837114 0)
(-0.00357942 -0.0526524 0)
(-0.000542934 -0.0184329 0)
(-0.000516 0.0196963 0)
(-0.00336063 0.0555645 0)
(-0.00936642 0.0875636 0)
(-0.0177149 0.115485 0)
(-0.0278377 0.139239 0)
(-0.0393123 0.158828 0)
(-0.0517294 0.174338 0)
(-0.0647112 0.185919 0)
(-0.0779276 0.193778 0)
(-0.0910978 0.198157 0)
(-0.10399 0.199323 0)
(-0.116418 0.197555 0)
(-0.128239 0.193134 0)
(-0.139347 0.186335 0)
(-0.149669 0.177422 0)
(-0.159159 0.166643 0)
(-0.16779 0.154227 0)
(-0.175552 0.140385 0)
(-0.182447 0.125309 0)
(-0.188483 0.109173 0)
(-0.193672 0.0921347 0)
(-0.198024 0.0743387 0)
(-0.20155 0.0559181 0)
(-0.204255 0.036998 0)
(-0.206136 0.0176994 0)
(-0.207187 -0.0018584 0)
(-0.20739 -0.021553 0)
(-0.20672 -0.0412561 0)
(-0.205147 -0.0608289 0)
(-0.202631 -0.0801193 0)
(-0.199129 -0.0989574 0)
(-0.194593 -0.117153 0)
(-0.188977 -0.134492 0)
(-0.182239 -0.150735 0)
(-0.174347 -0.165615 0)
(-0.165283 -0.17884 0)
(-0.155054 -0.190091 0)
(-0.143696 -0.19903 0)
(-0.13128 -0.205302 0)
(-0.117927 -0.208549 0)
(-0.10381 -0.208415 0)
(-0.0891606 -0.204567 0)
(-0.0742738 -0.196709 0)
(-0.059509 -0.184597 0)
(-0.0452869 -0.168065 0)
(-0.0320842 -0.147035 0)
(-0.0204091 -0.121538 0)
(-0.0107768 -0.0917181 0)
(-0.00385642 -0.0578411 0)
(-0.000588553 -0.0203124 0)
(-0.00055096 0.0214519 0)
(-0.00357176 0.0603719 0)
(-0.0099255 0.0949358 0)
(-0.0187184 0.124929 0)
(-0.0293236 0.150274 0)
(-0.0412727 0.171003 0)
(-0.0541176 0.187239 0)
(-0.06745 0.199182 0)
(-0.0809192 0.207089 0)
(-0.0942331 0.211256 0)
(-0.107157 0.212 0)
(-0.11951 0.209649 0)
(-0.131158 0.204526 0)
(-0.142011 0.196942 0)
(-0.152013 0.187192 0)
(-0.161135 0.175548 0)
(-0.169371 0.162259 0)
(-0.176731 0.147548 0)
(-0.183233 0.131615 0)
(-0.188904 0.11464 0)
(-0.193768 0.0967812 0)
(-0.197853 0.0781808 0)
(-0.201177 0.0589675 0)
(-0.203756 0.0392603 0)
(-0.205594 0.0191721 0)
(-0.206687 -0.0011864 0)
(-0.207019 -0.0217022 0)
(-0.206567 -0.0422561 0)
(-0.205292 -0.0627183 0)
(-0.20315 -0.0829439 0)
(-0.200084 -0.102769 0)
(-0.196036 -0.122005 0)
(-0.190941 -0.140437 0)
(-0.184737 -0.157821 0)
(-0.177369 -0.173879 0)
(-0.168794 -0.188299 0)
(-0.158992 -0.200736 0)
(-0.147971 -0.210818 0)
(-0.13578 -0.218148 0)
(-0.122517 -0.222313 0)
(-0.108339 -0.222899 0)
(-0.0934707 -0.219508 0)
(-0.0782115 -0.211773 0)
(-0.0629362 -0.199384 0)
(-0.0480957 -0.182108 0)
(-0.0342101 -0.159815 0)
(-0.0218438 -0.132495 0)
(-0.0115762 -0.100273 0)
(-0.00415901 -0.0634112 0)
(-0.000639037 -0.0223396 0)
(-0.000590046 0.0233206 0)
(-0.00380499 0.0654692 0)
(-0.0105375 0.102719 0)
(-0.0198061 0.134847 0)
(-0.0309146 0.161794 0)
(-0.0433417 0.183626 0)
(-0.0565948 0.200516 0)
(-0.0702324 0.212721 0)
(-0.0838826 0.220561 0)
(-0.0972437 0.224394 0)
(-0.110082 0.224599 0)
(-0.122223 0.221555 0)
(-0.133551 0.215634 0)
(-0.143993 0.207189 0)
(-0.153514 0.196545 0)
(-0.162109 0.184 0)
(-0.169796 0.169822 0)
(-0.176605 0.154246 0)
(-0.182577 0.137481 0)
(-0.187757 0.119707 0)
(-0.192187 0.101083 0)
(-0.195908 0.0817471 0)
(-0.198952 0.0618207 0)
(-0.201345 0.041414 0)
(-0.203097 0.0206297 0)
(-0.20421 -0.000432859 0)
(-0.204672 -0.0216728 0)
(-0.204455 -0.0429832 0)
(-0.20352 -0.064246 0)
(-0.201813 -0.0853269 0)
(-0.19927 -0.106071 0)
(-0.195816 -0.126296 0)
(-0.191368 -0.14579 0)
(-0.185844 -0.164306 0)
(-0.179161 -0.181558 0)
(-0.171249 -0.197216 0)
(-0.162056 -0.210914 0)
(-0.151558 -0.222241 0)
(-0.139773 -0.230756 0)
(-0.126769 -0.23599 0)
(-0.112683 -0.237461 0)
(-0.0977242 -0.234695 0)
(-0.0821899 -0.227244 0)
(-0.066468 -0.214715 0)
(-0.0510388 -0.196797 0)
(-0.0364696 -0.173289 0)
(-0.0233871 -0.14413 0)
(-0.012445 -0.109413 0)
(-0.00449112 -0.0693948 0)
(-0.00069522 -0.0245289 0)
(-0.000634365 0.025315 0)
(-0.00406598 0.0708854 0)
(-0.0112154 0.110947 0)
(-0.0209973 0.145268 0)
(-0.0326334 0.173812 0)
(-0.0455399 0.196688 0)
(-0.0591737 0.214131 0)
(-0.0730572 0.22647 0)
(-0.0867976 0.2341 0)
(-0.100087 0.237454 0)
(-0.112695 0.236979 0)
(-0.124463 0.233118 0)
(-0.135294 0.226294 0)
(-0.145141 0.216904 0)
(-0.153996 0.205308 0)
(-0.161883 0.191829 0)
(-0.168843 0.176754 0)
(-0.174936 0.160328 0)
(-0.180224 0.142766 0)
(-0.184773 0.124249 0)
(-0.188645 0.104932 0)
(-0.191897 0.0849457 0)
(-0.194574 0.0644036 0)
(-0.196711 0.0434043 0)
(-0.198329 0.0220374 0)
(-0.199436 0.000388097 0)
(-0.20002 -0.0214576 0)
(-0.200056 -0.0434079 0)
(-0.1995 -0.0653597 0)
(-0.198293 -0.0871932 0)
(-0.19636 -0.108766 0)
(-0.193611 -0.129906 0)
(-0.189947 -0.150409 0)
(-0.18526 -0.170028 0)
(-0.179441 -0.188473 0)
(-0.172388 -0.205403 0)
(-0.164012 -0.220426 0)
(-0.154253 -0.233101 0)
(-0.143087 -0.242936 0)
(-0.130549 -0.249402 0)
(-0.116742 -0.251945 0)
(-0.101853 -0.250002 0)
(-0.0861704 -0.243031 0)
(-0.0700895 -0.230537 0)
(-0.0541183 -0.212112 0)
(-0.0388738 -0.187469 0)
(-0.0250523 -0.156475 0)
(-0.0133935 -0.11918 0)
(-0.00485774 -0.0758282 0)
(-0.000758176 -0.0268968 0)
(-0.000685385 0.0274512 0)
(-0.00436211 0.0766567 0)
(-0.011976 0.119661 0)
(-0.0223168 0.156225 0)
(-0.0345078 0.186339 0)
(-0.0478916 0.210172 0)
(-0.0618675 0.228034 0)
(-0.0759194 0.240345 0)
(-0.0896351 0.24759 0)
(-0.102704 0.25029 0)
(-0.114907 0.248974 0)
(-0.126107 0.244153 0)
(-0.136235 0.236311 0)
(-0.145274 0.22589 0)
(-0.153251 0.213285 0)
(-0.160221 0.198846 0)
(-0.166258 0.182873 0)
(-0.171449 0.165625 0)
(-0.175883 0.147316 0)
(-0.179649 0.128127 0)
(-0.182829 0.108206 0)
(-0.185495 0.0876748 0)
(-0.187709 0.0666343 0)
(-0.189516 0.0451694 0)
(-0.190946 0.0233542 0)
(-0.192012 0.00125733 0)
(-0.192709 -0.021053 0)
(-0.19301 -0.0435032 0)
(-0.192871 -0.0660084 0)
(-0.192226 -0.0884666 0)
(-0.190991 -0.110752 0)
(-0.189064 -0.132708 0)
(-0.186326 -0.154141 0)
(-0.182647 -0.174811 0)
(-0.177887 -0.194429 0)
(-0.171909 -0.212644 0)
(-0.164585 -0.229048 0)
(-0.15581 -0.243166 0)
(-0.145515 -0.254459 0)
(-0.133687 -0.262335 0)
(-0.120386 -0.266158 0)
(-0.105768 -0.265267 0)
(-0.0901009 -0.259009 0)
(-0.073779 -0.24677 0)
(-0.0573346 -0.228019 0)
(-0.0414357 -0.202359 0)
(-0.0268562 -0.169563 0)
(-0.014435 -0.129621 0)
(-0.00526529 -0.0827536 0)
(-0.00082931 -0.0294628 0)
(-0.000745078 0.0297498 0)
(-0.00470311 0.0828286 0)
(-0.0128408 0.128915 0)
(-0.0237958 0.167758 0)
(-0.0365721 0.199389 0)
(-0.0504248 0.224053 0)
(-0.0646885 0.24216 0)
(-0.078807 0.254237 0)
(-0.092352 0.260884 0)
(-0.105017 0.262725 0)
(-0.116603 0.260381 0)
(-0.127003 0.254444 0)
(-0.136184 0.245459 0)
(-0.14417 0.233918 0)
(-0.151027 0.220253 0)
(-0.156848 0.204835 0)
(-0.161744 0.18798 0)
(-0.165831 0.169952 0)
(-0.169228 0.150964 0)
(-0.172047 0.131193 0)
(-0.17439 0.110777 0)
(-0.176348 0.0898247 0)
(-0.177996 0.0684234 0)
(-0.179391 0.046641 0)
(-0.180573 0.0245337 0)
(-0.181562 0.00215057 0)
(-0.182355 -0.0204602 0)
(-0.18293 -0.0432459 0)
(-0.18324 -0.0661434 0)
(-0.183217 -0.0890719 0)
(-0.182768 -0.111927 0)
(-0.181779 -0.13457 0)
(-0.180114 -0.156826 0)
(-0.177619 -0.178467 0)
(-0.174125 -0.19921 0)
(-0.169459 -0.218703 0)
(-0.163448 -0.236524 0)
(-0.155937 -0.25217 0)
(-0.146801 -0.265058 0)
(-0.135972 -0.27453 0)
(-0.123454 -0.279863 0)
(-0.109356 -0.280288 0)
(-0.093912 -0.275021 0)
(-0.0775055 -0.263306 0)
(-0.0606855 -0.244463 0)
(-0.0441707 -0.217952 0)
(-0.0288196 -0.183425 0)
(-0.0155864 -0.140787 0)
(-0.00572222 -0.0902205 0)
(-0.000910487 -0.0322503 0)
(-0.000816113 0.0322369 0)
(-0.00510184 0.0894587 0)
(-0.0138378 0.13877 0)
(-0.0254738 0.179912 0)
(-0.0388675 0.212971 0)
(-0.0531705 0.238294 0)
(-0.0676452 0.256417 0)
(-0.0816956 0.268008 0)
(-0.0948836 0.273799 0)
(-0.106917 0.27454 0)
(-0.117628 0.270958 0)
(-0.126952 0.263732 0)
(-0.134904 0.253476 0)
(-0.141557 0.240731 0)
(-0.147023 0.225961 0)
(-0.15144 0.209561 0)
(-0.154956 0.191855 0)
(-0.157723 0.173108 0)
(-0.159888 0.15353 0)
(-0.161587 0.133288 0)
(-0.162945 0.112507 0)
(-0.164067 0.0912799 0)
(-0.165043 0.0696767 0)
(-0.165942 0.0477463 0)
(-0.166812 0.0255244 0)
(-0.16768 0.00303866 0)
(-0.16855 -0.0196852 0)
(-0.169401 -0.0426181 0)
(-0.170188 -0.0657209 0)
(-0.17084 -0.0889378 0)
(-0.171259 -0.112189 0)
(-0.171322 -0.135361 0)
(-0.170876 -0.1583 0)
(-0.169747 -0.180799 0)
(-0.167736 -0.202587 0)
(-0.164633 -0.22332 0)
(-0.160219 -0.242569 0)
(-0.154282 -0.25981 0)
(-0.146637 -0.274422 0)
(-0.137144 -0.285681 0)
(-0.125739 -0.292773 0)
(-0.112466 -0.29481 0)
(-0.0975095 -0.290861 0)
(-0.0812241 -0.279999 0)
(-0.0641643 -0.261363 0)
(-0.0470958 -0.234229 0)
(-0.0309686 -0.198093 0)
(-0.0168699 -0.152737 0)
(-0.00623973 -0.0982876 0)
(-0.00100423 -0.0352879 0)
(-0.000902153 0.0349466 0)
(-0.00557549 0.0966202 0)
(-0.0150033 0.149306 0)
(-0.0273999 0.19274 0)
(-0.0414423 0.22709 0)
(-0.05616 0.252837 0)
(-0.0707367 0.270686 0)
(-0.0845399 0.281475 0)
(-0.0971328 0.286104 0)
(-0.108252 0.285467 0)
(-0.117777 0.280414 0)
(-0.1257 0.271717 0)
(-0.132097 0.260061 0)
(-0.1371 0.246034 0)
(-0.140875 0.230133 0)
(-0.143609 0.212766 0)
(-0.145493 0.194262 0)
(-0.146713 0.174882 0)
(-0.147445 0.154827 0)
(-0.14785 0.134249 0)
(-0.148071 0.113255 0)
(-0.14823 0.0919223 0)
(-0.148429 0.0702978 0)
(-0.148746 0.0484098 0)
(-0.149239 0.0262717 0)
(-0.149942 0.00388808 0)
(-0.150863 -0.0187397 0)
(-0.151986 -0.0416078 0)
(-0.153269 -0.0647038 0)
(-0.154642 -0.0879996 0)
(-0.156003 -0.111444 0)
(-0.157222 -0.134953 0)
(-0.158135 -0.1584 0)
(-0.15855 -0.181605 0)
(-0.158243 -0.204321 0)
(-0.156965 -0.226218 0)
(-0.15445 -0.246872 0)
(-0.150429 -0.265749 0)
(-0.144644 -0.282194 0)
(-0.136877 -0.295426 0)
(-0.126976 -0.304539 0)
(-0.114903 -0.308517 0)
(-0.100765 -0.306264 0)
(-0.0848689 -0.296654 0)
(-0.0677562 -0.278601 0)
(-0.0502301 -0.251153 0)
(-0.0333361 -0.213593 0)
(-0.0183146 -0.165539 0)
(-0.00683291 -0.107026 0)
(-0.00111402 -0.0386109 0)
(-0.0010083 0.0379234 0)
(-0.0061472 0.104406 0)
(-0.0163847 0.160619 0)
(-0.0296355 0.2063 0)
(-0.0443521 0.241736 0)
(-0.0594213 0.267596 0)
(-0.073944 0.284798 0)
(-0.0872607 0.294402 0)
(-0.0989531 0.297508 0)
(-0.108807 0.29518 0)
(-0.116772 0.288402 0)
(-0.122913 0.278048 0)
(-0.127383 0.264872 0)
(-0.130383 0.249505 0)
(-0.132142 0.232468 0)
(-0.132899 0.214176 0)
(-0.132888 0.194956 0)
(-0.132331 0.175058 0)
(-0.131432 0.154667 0)
(-0.130372 0.133913 0)
(-0.129312 0.112885 0)
(-0.128385 0.0916366 0)
(-0.127706 0.070192 0)
(-0.12736 0.0485565 0)
(-0.127413 0.0267198 0)
(-0.127903 0.00466206 0)
(-0.128847 -0.0176407 0)
(-0.130232 -0.0402111 0)
(-0.132022 -0.0630648 0)
(-0.134147 -0.0862036 0)
(-0.136509 -0.109608 0)
(-0.138975 -0.133227 0)
(-0.141375 -0.15697 0)
(-0.143502 -0.180689 0)
(-0.145111 -0.20417 0)
(-0.145921 -0.22711 0)
(-0.145621 -0.249101 0)
(-0.14388 -0.269613 0)
(-0.140365 -0.287971 0)
(-0.134765 -0.303345 0)
(-0.126828 -0.314744 0)
(-0.116404 -0.32102 0)
(-0.103501 -0.320894 0)
(-0.088343 -0.31301 0)
(-0.0714322 -0.296012 0)
(-0.0535923 -0.268656 0)
(-0.035963 -0.229946 0)
(-0.0199587 -0.179269 0)
(-0.00752242 -0.116523 0)
(-0.00124475 -0.042264 0)
(-0.00114183 0.041226 0)
(-0.00684867 0.112937 0)
(-0.0180441 0.172825 0)
(-0.032256 0.220652 0)
(-0.0476573 0.256881 0)
(-0.0629703 0.282437 0)
(-0.0772155 0.298525 0)
(-0.0897246 0.306481 0)
(-0.100125 0.307646 0)
(-0.108281 0.30328 0)
(-0.114237 0.294514 0)
(-0.118156 0.282324 0)
(-0.12028 0.267526 0)
(-0.120893 0.25079 0)
(-0.120292 0.232646 0)
(-0.118769 0.213509 0)
(-0.116601 0.193691 0)
(-0.114044 0.173423 0)
(-0.111325 0.152867 0)
(-0.108643 0.132127 0)
(-0.10617 0.111268 0)
(-0.104051 0.090316 0)
(-0.102404 0.0692721 0)
(-0.101323 0.0481166 0)
(-0.100877 0.0268147 0)
(-0.101111 0.0053222 0)
(-0.102045 -0.0164104 0)
(-0.103675 -0.0384325 0)
(-0.105969 -0.0607884 0)
(-0.108865 -0.083511 0)
(-0.112269 -0.106614 0)
(-0.116051 -0.130085 0)
(-0.120041 -0.153871 0)
(-0.124027 -0.177867 0)
(-0.127748 -0.201899 0)
(-0.130898 -0.225705 0)
(-0.133127 -0.248909 0)
(-0.134045 -0.271 0)
(-0.13324 -0.291304 0)
(-0.130301 -0.308958 0)
(-0.124857 -0.322896 0)
(-0.116622 -0.331841 0)
(-0.105469 -0.334323 0)
(-0.0915009 -0.328724 0)
(-0.075139 -0.313363 0)
(-0.0571972 -0.28663 0)
(-0.0388997 -0.247159 0)
(-0.0218534 -0.194015 0)
(-0.00833695 -0.126888 0)
(-0.00140344 -0.0463049 0)
(-0.00131336 0.044933 0)
(-0.00772393 0.122367 0)
(-0.0200632 0.186066 0)
(-0.0353529 0.235853 0)
(-0.0514174 0.272457 0)
(-0.0667963 0.297161 0)
(-0.0804429 0.31155 0)
(-0.0917131 0.317306 0)
(-0.10032 0.316058 0)
(-0.106246 0.309285 0)
(-0.109663 0.29827 0)
(-0.110857 0.284086 0)
(-0.110177 0.267604 0)
(-0.107996 0.249512 0)
(-0.104681 0.230339 0)
(-0.10058 0.210482 0)
(-0.0960084 0.190229 0)
(-0.0912479 0.169779 0)
(-0.0865439 0.149264 0)
(-0.0821072 0.128757 0)
(-0.0781161 0.108293 0)
(-0.0747188 0.0878704 0)
(-0.072036 0.0674643 0)
(-0.070163 0.0470297 0)
(-0.0691711 0.026508 0)
(-0.0691089 0.00583076 0)
(-0.0700019 -0.0150757 0)
(-0.0718517 -0.0362867 0)
(-0.0746346 -0.0578744 0)
(-0.0782986 -0.0799027 0)
(-0.0827598 -0.10242 0)
(-0.0878976 -0.125453 0)
(-0.0935497 -0.148992 0)
(-0.0995061 -0.17298 0)
(-0.105503 -0.197295 0)
(-0.11122 -0.221727 0)
(-0.116274 -0.24595 0)
(-0.120226 -0.269494 0)
(-0.12259 -0.291708 0)
(-0.122849 -0.311721 0)
(-0.120497 -0.328417 0)
(-0.11509 -0.340402 0)
(-0.106321 -0.346011 0)
(-0.0941234 -0.34334 0)
(-0.0787809 -0.330327 0)
(-0.061048 -0.304905 0)
(-0.0422059 -0.265216 0)
(-0.0240671 -0.209877 0)
(-0.00931709 -0.138257 0)
(-0.00160051 -0.0508096 0)
(-0.00153896 0.0491514 0)
(-0.00883551 0.132896 0)
(-0.02255 0.200506 0)
(-0.0390335 0.25194 0)
(-0.0556792 0.288331 0)
(-0.0708355 0.311468 0)
(-0.083423 0.323436 0)
(-0.092876 0.326349 0)
(-0.0990514 0.322169 0)
(-0.102102 0.312614 0)
(-0.102364 0.299116 0)
(-0.100272 0.28283 0)
(-0.0962976 0.264659 0)
(-0.0909072 0.245289 0)
(-0.084538 0.225226 0)
(-0.0775847 0.204833 0)
(-0.0703943 0.184357 0)
(-0.0632659 0.163957 0)
(-0.0564535 0.143725 0)
(-0.0501701 0.123699 0)
(-0.0445926 0.103879 0)
(-0.0398657 0.0842358 0)
(-0.0361064 0.0647164 0)
(-0.0334072 0.045252 0)
(-0.0318384 0.0257611 0)
(-0.0314495 0.00615352 0)
(-0.0322699 -0.0136669 0)
(-0.0343082 -0.0337989 0)
(-0.0375505 -0.0543404 0)
(-0.0419574 -0.0753845 0)
(-0.0474601 -0.0970138 0)
(-0.0539546 -0.119293 0)
(-0.0612949 -0.14226 0)
(-0.0692852 -0.16591 0)
(-0.0776712 -0.190182 0)
(-0.0861309 -0.214929 0)
(-0.0942678 -0.239896 0)
(-0.101606 -0.264677 0)
(-0.107593 -0.288673 0)
(-0.111613 -0.311041 0)
(-0.113016 -0.330645 0)
(-0.111175 -0.346008 0)
(-0.105563 -0.355282 0)
(-0.0958774 -0.35626 0)
(-0.0821908 -0.346448 0)
(-0.0651204 -0.323214 0)
(-0.0459492 -0.284059 0)
(-0.0266909 -0.226963 0)
(-0.0105214 -0.150807 0)
(-0.00185189 -0.0558806 0)
(-0.0018438 0.054029 0)
(-0.0102741 0.144783 0)
(-0.0256468 0.216332 0)
(-0.043416 0.268907 0)
(-0.0604507 0.304264 0)
(-0.074925 0.324908 0)
(-0.0857956 0.33358 0)
(-0.0926612 0.33292 0)
(-0.0956033 0.32527 0)
(-0.0950063 0.312584 0)
(-0.0914154 0.296429 0)
(-0.085436 0.27801 0)
(-0.077669 0.258232 0)
(-0.068673 0.237747 0)
(-0.0589455 0.217013 0)
(-0.0489167 0.196336 0)
(-0.0389506 0.175908 0)
(-0.0293504 0.155837 0)
(-0.0203659 0.136167 0)
(-0.012201 0.116896 0)
(-0.00502106 0.0979885 0)
(0.00104076 0.0793846 0)
(0.00587792 0.0610064 0)
(0.00940622 0.0427624 0)
(0.0115607 0.024551 0)
(0.0122933 0.00626313 0)
(0.0115724 -0.0122161 0)
(0.00938273 -0.0310051 0)
(0.00572704 -0.050224 0)
(0.000629022 -0.0699916 0)
(-0.00586232 -0.0904214 0)
(-0.0136665 -0.111616 0)
(-0.0226639 -0.133658 0)
(-0.0326853 -0.1566 0)
(-0.0435011 -0.180445 0)
(-0.0548078 -0.205124 0)
(-0.0662145 -0.230468 0)
(-0.077231 -0.25616 0)
(-0.0872602 -0.28169 0)
(-0.0956002 -0.306286 0)
(-0.101463 -0.328841 0)
(-0.10402 -0.347841 0)
(-0.102487 -0.361294 0)
(-0.0962539 -0.366702 0)
(-0.0850803 -0.36109 0)
(-0.0693328 -0.341153 0)
(-0.0501963 -0.303554 0)
(-0.0298462 -0.245382 0)
(-0.0120364 -0.164762 0)
(-0.00218287 -0.06166 0)
(-0.00226902 0.0597764 0)
(-0.0121744 0.158367 0)
(-0.0295394 0.233739 0)
(-0.0486131 0.286654 0)
(-0.0656518 0.31984 0)
(-0.0787235 0.336809 0)
(-0.0869463 0.341153 0)
(-0.0902122 0.336135 0)
(-0.0889318 0.324494 0)
(-0.0837934 0.308409 0)
(-0.0755894 0.289531 0)
(-0.0651097 0.269072 0)
(-0.0530815 0.247887 0)
(-0.0401415 0.226559 0)
(-0.0268283 0.205466 0)
(-0.0135867 0.184835 0)
(-0.000777558 0.164789 0)
(0.0113102 0.145372 0)
(0.022447 0.126575 0)
(0.0324518 0.108354 0)
(0.041182 0.0906381 0)
(0.0485251 0.0733376 0)
(0.0543923 0.0563519 0)
(0.0587137 0.0395703 0)
(0.0614336 0.0228752 0)
(0.0625089 0.00614293 0)
(0.0619075 -0.0107552 0)
(0.0596081 -0.0279523 0)
(0.0556015 -0.0455853 0)
(0.0498936 -0.0637935 0)
(0.0425092 -0.0827164 0)
(0.0334986 -0.102489 0)
(0.022946 -0.123238 0)
(0.0109803 -0.14507 0)
(-0.00221073 -0.168055 0)
(-0.0163638 -0.19221 0)
(-0.0311206 -0.217465 0)
(-0.0460071 -0.243621 0)
(-0.0604143 -0.27029 0)
(-0.0735843 -0.296822 0)
(-0.0846117 -0.322206 0)
(-0.092471 -0.344962 0)
(-0.0960875 -0.363026 0)
(-0.0944744 -0.373649 0)
(-0.086957 -0.373368 0)
(-0.0734896 -0.3581 0)
(-0.0549911 -0.323438 0)
(-0.0336908 -0.265225 0)
(-0.0139917 -0.180415 0)
(-0.00263522 -0.0683503 0)
(-0.00288458 0.0667012 0)
(-0.0147401 0.174083 0)
(-0.0344617 0.252892 0)
(-0.0546877 0.304903 0)
(-0.0710161 0.334361 0)
(-0.0815746 0.346186 0)
(-0.085853 0.345036 0)
(-0.0842176 0.334873 0)
(-0.0775344 0.318823 0)
(-0.0668642 0.299219 0)
(-0.0532719 0.277728 0)
(-0.0377261 0.25549 0)
(-0.0210576 0.233255 0)
(-0.00395024 0.211488 0)
(0.0130484 0.190454 0)
(0.0295093 0.170283 0)
(0.0451018 0.151011 0)
(0.0595738 0.132613 0)
(0.0727348 0.115026 0)
(0.0844414 0.0981621 0)
(0.0945854 0.0819165 0)
(0.103085 0.0661756 0)
(0.109875 0.0508192 0)
(0.114907 0.0357226 0)
(0.118138 0.0207572 0)
(0.119532 0.00579061 0)
(0.119061 -0.00931382 0)
(0.116696 -0.0246977 0)
(0.112418 -0.0405081 0)
(0.106212 -0.0568977 0)
(0.0980777 -0.0740247 0)
(0.0880283 -0.0920507 0)
(0.0761044 -0.111137 0)
(0.0623827 -0.13144 0)
(0.0469915 -0.153096 0)
(0.0301302 -0.176208 0)
(0.0120934 -0.200816 0)
(-0.00669982 -0.226855 0)
(-0.0256737 -0.254098 0)
(-0.044064 -0.282068 0)
(-0.0608938 -0.309929 0)
(-0.0749711 -0.336335 0)
(-0.0849303 -0.359257 0)
(-0.0893496 -0.3758 0)
(-0.0869884 -0.38206 0)
(-0.0771765 -0.373107 0)
(-0.0603017 -0.343218 0)
(-0.038419 -0.286514 0)
(-0.0165857 -0.198139 0)
(-0.00328056 -0.0762497 0)
(-0.00381332 0.0752688 0)
(-0.0182822 0.192481 0)
(-0.0406816 0.273841 0)
(-0.0615483 0.323044 0)
(-0.0759056 0.346688 0)
(-0.0822774 0.351608 0)
(-0.0808521 0.343745 0)
(-0.072703 0.327769 0)
(-0.0592809 0.307104 0)
(-0.0420652 0.284119 0)
(-0.0223839 0.260373 0)
(-0.00134578 0.236844 0)
(0.0201661 0.214103 0)
(0.0414723 0.192448 0)
(0.0620636 0.172004 0)
(0.0815669 0.152781 0)
(0.0997138 0.134725 0)
(0.116315 0.11774 0)
(0.131238 0.10171 0)
(0.144392 0.0865058 0)
(0.155716 0.0719969 0)
(0.165164 0.0580498 0)
(0.172704 0.0445316 0)
(0.178311 0.0313097 0)
(0.181959 0.0182513 0)
(0.183625 0.00522156 0)
(0.18328 -0.00791729 0)
(0.180897 -0.0213081 0)
(0.176442 -0.0351003 0)
(0.169884 -0.049452 0)
(0.161191 -0.0645307 0)
(0.15034 -0.0805145 0)
(0.137321 -0.0975908 0)
(0.122148 -0.115954 0)
(0.104875 -0.135798 0)
(0.0856154 -0.157306 0)
(0.0645668 -0.180627 0)
(0.0420493 -0.205842 0)
(0.0185479 -0.232909 0)
(-0.00523619 -0.261578 0)
(-0.0283317 -0.291267 0)
(-0.0494532 -0.320885 0)
(-0.0669907 -0.348596 0)
(-0.079074 -0.371536 0)
(-0.0837817 -0.385503 0)
(-0.0795677 -0.384747 0)
(-0.0659017 -0.362011 0)
(-0.0442376 -0.309108 0)
(-0.0201217 -0.218396 0)
(-0.00424514 -0.0858135 0)
(-0.00527455 0.0862078 0)
(-0.0232686 0.214212 0)
(-0.0484255 0.296336 0)
(-0.0687116 0.339873 0)
(-0.0789625 0.355002 0)
(-0.0787064 0.351058 0)
(-0.0692905 0.335381 0)
(-0.0527511 0.313237 0)
(-0.0312143 0.288138 0)
(-0.0065625 0.26229 0)
(0.0196832 0.236987 0)
(0.0463625 0.212927 0)
(0.0726262 0.19043 0)
(0.0978745 0.169588 0)
(0.121697 0.15036 0)
(0.143825 0.132634 0)
(0.164085 0.116265 0)
(0.182377 0.101091 0)
(0.198644 0.0869514 0)
(0.212862 0.0736872 0)
(0.225021 0.0611479 0)
(0.235122 0.0491896 0)
(0.243167 0.0376745 0)
(0.249158 0.0264698 0)
(0.25309 0.0154453 0)
(0.254951 0.00447107 0)
(0.254719 -0.00658464 0)
(0.252363 -0.0178584 0)
(0.247843 -0.029494 0)
(0.241107 -0.0416454 0)
(0.232098 -0.0544797 0)
(0.220754 -0.0681793 0)
(0.207013 -0.0829442 0)
(0.190821 -0.0989928 0)
(0.172148 -0.116561 0)
(0.151002 -0.135895 0)
(0.127454 -0.157243 0)
(0.101683 -0.180825 0)
(0.0740178 -0.206795 0)
(0.0450095 -0.235163 0)
(0.0155135 -0.265675 0)
(-0.0132174 -0.297623 0)
(-0.0394494 -0.329564 0)
(-0.0609369 -0.358922 0)
(-0.0750349 -0.381489 0)
(-0.0790793 -0.390895 0)
(-0.0711149 -0.37827 0)
(-0.0512721 -0.332483 0)
(-0.025052 -0.241709 0)
(-0.00575399 -0.0977604 0)
(-0.00765442 0.100683 0)
(-0.0303552 0.23992 0)
(-0.057632 0.319432 0)
(-0.0747841 0.353153 0)
(-0.0774728 0.3565 0)
(-0.0672048 0.3418 0)
(-0.0470373 0.317667 0)
(-0.0201606 0.289604 0)
(0.0106534 0.260858 0)
(0.0432525 0.233185 0)
(0.076084 0.207428 0)
(0.108086 0.183891 0)
(0.138568 0.162587 0)
(0.167103 0.143377 0)
(0.193449 0.126056 0)
(0.217485 0.110397 0)
(0.239168 0.096177 0)
(0.258505 0.0831849 0)
(0.275529 0.0712283 0)
(0.290286 0.0601328 0)
(0.302826 0.0497401 0)
(0.313194 0.039906 0)
(0.32143 0.0304974 0)
(0.327561 0.021389 0)
(0.331604 0.0124607 0)
(0.333559 0.00359466 0)
(0.333411 -0.0053282 0)
(0.331129 -0.0144308 0)
(0.326667 -0.0238435 0)
(0.31996 -0.0337072 0)
(0.310925 -0.0441775 0)
(0.299466 -0.0554287 0)
(0.285472 -0.0676579 0)
(0.268825 -0.0810892 0)
(0.249405 -0.0959774 0)
(0.227107 -0.11261 0)
(0.20186 -0.131304 0)
(0.173659 -0.152397 0)
(0.142621 -0.17622 0)
(0.109051 -0.203048 0)
(0.0735539 -0.232999 0)
(0.0371672 -0.265857 0)
(0.00153195 -0.30078 0)
(-0.030943 -0.335818 0)
(-0.0570085 -0.367217 0)
(-0.0727626 -0.388475 0)
(-0.0742803 -0.389359 0)
(-0.0592851 -0.355322 0)
(-0.031992 -0.268523 0)
(-0.0081992 -0.113241 0)
(-0.0115741 0.120523 0)
(-0.0402533 0.269849 0)
(-0.0672417 0.340744 0)
(-0.0763682 0.358993 0)
(-0.0662444 0.347101 0)
(-0.0416723 0.32041 0)
(-0.00786106 0.288173 0)
(0.0309056 0.255442 0)
(0.0714828 0.224666 0)
(0.111762 0.19683 0)
(0.150433 0.172141 0)
(0.186741 0.150441 0)
(0.220302 0.131417 0)
(0.25096 0.114713 0)
(0.278703 0.0999851 0)
(0.303593 0.0869221 0)
(0.325738 0.0752509 0)
(0.34526 0.064736 0)
(0.362282 0.0551754 0)
(0.376921 0.0463951 0)
(0.389281 0.0382438 0)
(0.39945 0.0305885 0)
(0.407499 0.0233097 0)
(0.413482 0.0162979 0)
(0.417429 0.00944998 0)
(0.419356 0.00266582 0)
(0.419255 -0.00415465 0)
(0.417096 -0.0111147 0)
(0.41283 -0.0183243 0)
(0.406381 -0.0259036 0)
(0.397653 -0.0339869 0)
(0.386519 -0.042728 0)
(0.372832 -0.0523052 0)
(0.356415 -0.0629284 0)
(0.337071 -0.0748458 0)
(0.314587 -0.0883521 0)
(0.288744 -0.103796 0)
(0.259342 -0.121584 0)
(0.226241 -0.142179 0)
(0.189424 -0.166077 0)
(0.149104 -0.193754 0)
(0.105884 -0.225535 0)
(0.0610007 -0.26134 0)
(0.0166291 -0.300207 0)
(-0.0237769 -0.339445 0)
(-0.0552864 -0.373287 0)
(-0.0716724 -0.390991 0)
(-0.0669133 -0.37474 0)
(-0.0415366 -0.298748 0)
(-0.0121936 -0.134045 0)
(-0.0177485 0.148551 0)
(-0.0528822 0.30281 0)
(-0.0732996 0.355066 0)
(-0.0658504 0.351044 0)
(-0.0357691 0.321363 0)
(0.00765566 0.28317 0)
(0.0572116 0.244932 0)
(0.108131 0.210185 0)
(0.157547 0.179979 0)
(0.203917 0.15424 0)
(0.246538 0.132466 0)
(0.285196 0.114045 0)
(0.319947 0.0983909 0)
(0.350979 0.0849977 0)
(0.378537 0.073442 0)
(0.402882 0.0633778 0)
(0.424263 0.0545243 0)
(0.442908 0.0466531 0)
(0.459018 0.0395772 0)
(0.472768 0.0331419 0)
(0.484304 0.0272173 0)
(0.493746 0.0216923 0)
(0.501188 0.0164696 0)
(0.506699 0.0114618 0)
(0.510327 0.00658792 0)
(0.512093 0.00177026 0)
(0.511997 -0.00306826 0)
(0.510014 -0.00800709 0)
(0.506093 -0.013131 0)
(0.500158 -0.0185333 0)
(0.492101 -0.0243199 0)
(0.481785 -0.0306139 0)
(0.469035 -0.0375614 0)
(0.453639 -0.0453387 0)
(0.435344 -0.0541614 0)
(0.413849 -0.0642962 0)
(0.388812 -0.076075 0)
(0.359855 -0.0899113 0)
(0.326579 -0.106318 0)
(0.288608 -0.12592 0)
(0.245667 -0.149455 0)
(0.197724 -0.177721 0)
(0.145246 -0.211437 0)
(0.0896076 -0.250869 0)
(0.0336923 -0.295037 0)
(-0.0173587 -0.340115 0)
(-0.0554218 -0.376581 0)
(-0.069731 -0.384944 0)
(-0.0532979 -0.330658 0)
(-0.0183758 -0.162888 0)
(-0.0258806 0.189372 0)
(-0.0643844 0.333673 0)
(-0.064398 0.351754 0)
(-0.0272765 0.319466 0)
(0.0304601 0.272791 0)
(0.0955005 0.227021 0)
(0.160219 0.18748 0)
(0.220816 0.155019 0)
(0.275747 0.128863 0)
(0.324683 0.107851 0)
(0.367876 0.0908854 0)
(0.405813 0.0770577 0)
(0.439046 0.0656577 0)
(0.468108 0.0561418 0)
(0.493477 0.0480971 0)
(0.515571 0.041209 0)
(0.534747 0.0352356 0)
(0.551302 0.0299892 0)
(0.565486 0.0253216 0)
(0.577504 0.0211142 0)
(0.587525 0.0172699 0)
(0.595681 0.0137077 0)
(0.602077 0.0103581 0)
(0.606789 0.00715982 0)
(0.60987 0.00405677 0)
(0.611346 0.000995771 0)
(0.611222 -0.00207566 0)
(0.609477 -0.00521149 0)
(0.606065 -0.00846942 0)
(0.600914 -0.0119135 0)
(0.59392 -0.0156169 0)
(0.584946 -0.0196663 0)
(0.573815 -0.024166 0)
(0.560305 -0.029245 0)
(0.544138 -0.0350651 0)
(0.524973 -0.0418335 0)
(0.502394 -0.0498178 0)
(0.4759 -0.0593691 0)
(0.444895 -0.0709515 0)
(0.40869 -0.0851811 0)
(0.366526 -0.102873 0)
(0.317647 -0.125083 0)
(0.261477 -0.153118 0)
(0.197982 -0.18841 0)
(0.128393 -0.232031 0)
(0.0564287 -0.283307 0)
(-0.00983838 -0.336563 0)
(-0.0558668 -0.374863 0)
(-0.0627814 -0.358347 0)
(-0.0261687 -0.204117 0)
(-0.0296292 0.246724 0)
(-0.0583987 0.346547 0)
(-0.0119574 0.311495 0)
(0.0703988 0.251533 0)
(0.159094 0.196214 0)
(0.242193 0.152097 0)
(0.31563 0.118864 0)
(0.378759 0.0942139 0)
(0.432446 0.0758285 0)
(0.478009 0.0619121 0)
(0.516747 0.0511826 0)
(0.549791 0.0427479 0)
(0.578073 0.0359895 0)
(0.602347 0.0304752 0)
(0.623217 0.0258987 0)
(0.641165 0.0220392 0)
(0.656579 0.0187344 0)
(0.669769 0.0158626 0)
(0.680982 0.0133308 0)
(0.690419 0.0110661 0)
(0.698239 0.00901053 0)
(0.704567 0.0071163 0)
(0.709498 0.00534326 0)
(0.713104 0.00365641 0)
(0.715433 0.00202416 0)
(0.716512 0.000416768 0)
(0.716346 -0.00119494 0)
(0.714921 -0.00284091 0)
(0.712199 -0.00455323 0)
(0.708119 -0.00636768 0)
(0.702594 -0.0083256 0)
(0.695505 -0.0104763 0)
(0.686696 -0.0128802 0)
(0.675967 -0.0156132 0)
(0.663062 -0.0187727 0)
(0.647657 -0.0224865 0)
(0.62934 -0.0269251 0)
(0.607589 -0.0323214 0)
(0.581739 -0.0389988 0)
(0.550944 -0.0474158 0)
(0.514137 -0.0582324 0)
(0.469993 -0.0724102 0)
(0.416929 -0.0913499 0)
(0.353234 -0.117049 0)
(0.277533 -0.152156 0)
(0.189959 -0.199438 0)
(0.0943115 -0.259599 0)
(0.00284602 -0.32558 0)
(-0.052831 -0.364955 0)
(-0.0285072 -0.260371 0)
(0.0100401 0.28671 0)
(0.0248624 0.299723 0)
(0.150353 0.214158 0)
(0.281623 0.145882 0)
(0.387786 0.100249 0)
(0.47134 0.0705509 0)
(0.537221 0.0512907 0)
(0.589413 0.0385739 0)
(0.631221 0.0298977 0)
(0.665176 0.0237548 0)
(0.693113 0.019248 0)
(0.716356 0.0158337 0)
(0.735865 0.0131732 0)
(0.752353 0.0110484 0)
(0.766352 0.00931462 0)
(0.778267 0.00787231 0)
(0.788409 0.00665115 0)
(0.797021 0.00559999 0)
(0.804293 0.00468067 0)
(0.810373 0.00386398 0)
(0.815381 0.00312696 0)
(0.819406 0.00245109 0)
(0.822519 0.00182097 0)
(0.824771 0.00122333 0)
(0.826197 0.000646286 0)
(0.826816 7.87634e-05 0)
(0.826634 -0.000490081 0)
(0.825642 -0.00107136 0)
(0.823813 -0.00167701 0)
(0.821108 -0.00232039 0)
(0.817466 -0.00301706 0)
(0.812803 -0.00378575 0)
(0.80701 -0.0046497 0)
(0.799945 -0.00563851 0)
(0.791421 -0.00679088 0)
(0.781198 -0.00815855 0)
(0.768963 -0.00981258 0)
(0.754305 -0.0118531 0)
(0.736678 -0.0144254 0)
(0.715347 -0.0177476 0)
(0.689307 -0.0221584 0)
(0.657165 -0.0282035 0)
(0.616965 -0.036792 0)
(0.565962 -0.0494766 0)
(0.500471 -0.0689025 0)
(0.415933 -0.0993373 0)
(0.306696 -0.146963 0)
(0.169408 -0.218966 0)
(0.0356164 -0.308497 0)
(0.0145891 -0.294729 0)
(0.301251 0.14701 0)
(0.400424 0.127488 0)
(0.564643 0.0751789 0)
(0.682464 0.0427889 0)
(0.752591 0.0251228 0)
(0.797597 0.0154523 0)
(0.828866 0.0100763 0)
(0.851606 0.00698486 0)
(0.868782 0.0051083 0)
(0.88219 0.00389651 0)
(0.892925 0.00306669 0)
(0.901681 0.0024689 0)
(0.908922 0.00201989 0)
(0.914969 0.00167102 0)
(0.920054 0.00139231 0)
(0.924345 0.00116437 0)
(0.92797 0.000974058 0)
(0.931026 0.000812174 0)
(0.93359 0.00067202 0)
(0.935719 0.000548586 0)
(0.937459 0.000438011 0)
(0.938844 0.000337229 0)
(0.939903 0.000243725 0)
(0.940654 0.000155362 0)
(0.941111 7.02424e-05 0)
(0.941281 -1.33903e-05 0)
(0.941166 -9.72459e-05 0)
(0.940764 -0.000183084 0)
(0.940063 -0.000272796 0)
(0.93905 -0.000368514 0)
(0.937702 -0.000472747 0)
(0.935986 -0.000588553 0)
(0.933862 -0.000719777 0)
(0.931275 -0.000871404 0)
(0.928152 -0.00105007 0)
(0.924399 -0.00126488 0)
(0.919892 -0.00152866 0)
(0.914464 -0.00186022 0)
(0.907886 -0.0022882 0)
(0.89984 -0.00285843 0)
(0.889866 -0.00364844 0)
(0.877279 -0.00479723 0)
(0.860998 -0.0065684 0)
(0.839241 -0.00948374 0)
(0.809014 -0.0145901 0)
(0.765011 -0.0239422 0)
(0.695657 -0.0414637 0)
(0.577236 -0.074311 0)
(0.408944 -0.128032 0)
(0.304996 -0.148435 0)
)
;

boundaryField
{
    movingWall
    {
        type            fixedValue;
        value           uniform (1 0 0);
    }
    fixedWalls
    {
        type            noSlip;
    }
    frontAndBack
    {
        type            empty;
    }
}


// ************************************************************************* //
