/*--------------------------------*- C++ -*----------------------------------*\
| =========                 |                                                 |
| \\      /  F ield         | OpenFOAM: The Open Source CFD Toolbox           |
|  \\    /   O peration     | Version:  v2012                                 |
|   \\  /    A nd           | Website:  www.openfoam.com                      |
|    \\/     M anipulation  |                                                 |
\*---------------------------------------------------------------------------*/
FoamFile
{
    version     2.0;
    format      ascii;
    class       surfaceScalarField;
    location    "0.25";
    object      phi;
}
// * * * * * * * * * * * * * * * * * * * * * * * * * * * * * * * * * * * * * //

dimensions      [0 3 -1 0 0 0 0];
oriented        oriented;


internalField   nonuniform List<scalar> 
4900
(
1.17861e-09
-1.18631e-09
2.41777e-09
-1.23911e-09
2.51746e-09
-9.96589e-11
1.03957e-09
1.47792e-09
-2.09633e-09
3.13592e-09
-6.80227e-09
4.70597e-09
-1.2908e-08
6.10576e-09
-2.02059e-08
7.29784e-09
-2.84739e-08
8.26803e-09
-3.74882e-08
9.01431e-09
-4.70295e-08
9.54137e-09
-5.68873e-08
9.85778e-09
-6.68617e-08
9.97442e-09
-7.67652e-08
9.90354e-09
-8.64233e-08
9.65821e-09
-9.56753e-08
9.25199e-09
-1.04374e-07
8.6987e-09
-1.12386e-07
8.01231e-09
-1.19593e-07
7.2069e-09
-1.2589e-07
6.29665e-09
-1.31186e-07
5.29586e-09
-1.35405e-07
4.21904e-09
-1.38486e-07
3.08093e-09
-1.40382e-07
1.89658e-09
-1.41064e-07
6.81468e-10
-1.40515e-07
-5.48534e-10
-1.38738e-07
-1.77703e-09
-1.35751e-07
-2.98716e-09
-1.31589e-07
-4.16159e-09
-1.26307e-07
-5.2826e-09
-1.19975e-07
-6.33211e-09
-1.12683e-07
-7.29184e-09
-1.04539e-07
-8.14349e-09
-9.56703e-08
-8.86895e-09
-8.62197e-08
-9.45054e-09
-7.63484e-08
-9.87131e-09
-6.6233e-08
-1.01153e-08
-5.60651e-08
-1.0168e-08
-4.60485e-08
-1.00165e-08
-3.6398e-08
-9.65051e-09
-2.73358e-08
-9.06228e-09
-1.90877e-08
-8.24805e-09
-1.18784e-08
-7.20928e-09
-5.9231e-09
-5.95531e-09
-1.41452e-09
-4.50855e-09
1.50063e-09
-2.91512e-09
2.76588e-09
-1.26524e-09
2.4975e-09
2.68403e-10
1.1748e-09
1.3227e-09
1.1748e-09
1.24972e-09
-2.436e-09
1.44828e-09
-1.4376e-09
-1.1603e-09
2.50899e-09
-7.38321e-09
7.70089e-09
-1.74707e-08
1.32234e-08
-3.13144e-08
1.85498e-08
-4.85891e-08
2.33805e-08
-6.88451e-08
2.75538e-08
-9.15664e-08
3.09894e-08
-1.16208e-07
3.36555e-08
-1.42217e-07
3.55504e-08
-1.6905e-07
3.66917e-08
-1.96185e-07
3.71091e-08
-2.23122e-07
3.68403e-08
-2.49392e-07
3.59284e-08
-2.7456e-07
3.44201e-08
-2.98225e-07
3.23642e-08
-3.20024e-07
2.98114e-08
-3.39631e-07
2.68133e-08
-3.56757e-07
2.34226e-08
-3.71154e-07
1.9693e-08
-3.82614e-07
1.56792e-08
-3.9097e-07
1.14367e-08
-3.96096e-07
7.02282e-09
-3.97911e-07
2.49587e-09
-3.96375e-07
-2.08407e-09
-3.91497e-07
-6.65527e-09
-3.83329e-07
-1.11545e-08
-3.71974e-07
-1.55169e-08
-3.5758e-07
-1.96764e-08
-3.40346e-07
-2.35662e-08
-3.20519e-07
-2.7119e-08
-2.98395e-07
-3.02678e-08
-2.74317e-07
-3.2947e-08
-2.48674e-07
-3.50929e-08
-2.219e-07
-3.66452e-08
-1.94468e-07
-3.75481e-08
-1.66883e-07
-3.77521e-08
-1.39685e-07
-3.72153e-08
-1.13429e-07
-3.59064e-08
-8.86844e-08
-3.38067e-08
-6.60175e-08
-3.09149e-08
-4.59738e-08
-2.7253e-08
-2.90524e-08
-2.28766e-08
-1.5669e-08
-1.78919e-08
-6.09782e-09
-1.24863e-08
-3.81735e-10
-6.98129e-09
1.80513e-09
-1.91845e-09
1.33461e-09
1.79323e-09
2.50941e-09
1.54458e-10
-2.5904e-09
-2.40477e-09
1.12169e-09
-9.35149e-09
9.45576e-09
-2.15231e-08
1.98726e-08
-3.91857e-08
3.0886e-08
-6.21929e-08
4.15569e-08
-9.01152e-08
5.13028e-08
-1.22341e-07
5.97795e-08
-1.58148e-07
6.67965e-08
-1.96755e-07
7.22625e-08
-2.37357e-07
7.61521e-08
-2.79149e-07
7.84841e-08
-3.21347e-07
7.9307e-08
-3.63197e-07
7.869e-08
-4.03985e-07
7.67166e-08
-4.43044e-07
7.34798e-08
-4.7976e-07
6.90798e-08
-5.1357e-07
6.36216e-08
-5.43971e-07
5.72138e-08
-5.70516e-07
4.99682e-08
-5.92822e-07
4.19992e-08
-6.10567e-07
3.34238e-08
-6.23492e-07
2.43617e-08
-6.31405e-07
1.49355e-08
-6.3418e-07
5.27087e-09
-6.3176e-07
-4.50327e-09
-6.24161e-07
-1.42547e-08
-6.11467e-07
-2.3848e-08
-5.93839e-07
-3.31451e-08
-5.7151e-07
-4.20056e-08
-5.44788e-07
-5.02876e-08
-5.14058e-07
-5.78495e-08
-4.79775e-07
-6.45505e-08
-4.42469e-07
-7.02532e-08
-4.02736e-07
-7.48257e-08
-3.61237e-07
-7.81438e-08
-3.18691e-07
-8.00943e-08
-2.75865e-07
-8.05784e-08
-2.33565e-07
-7.95158e-08
-1.92621e-07
-7.68498e-08
-1.53874e-07
-7.25542e-08
-1.18147e-07
-6.66417e-08
-8.62219e-08
-5.91778e-08
-5.87991e-08
-5.02994e-08
-3.64446e-08
-4.02464e-08
-1.95202e-08
-2.94107e-08
-8.08618e-09
-1.84153e-08
-1.78088e-09
-8.22374e-09
3.29973e-10
-3.17625e-10
2.83938e-09
-1.37751e-09
-1.21285e-09
-7.52453e-09
7.26874e-09
-1.97089e-08
2.16402e-08
-3.85718e-08
3.87354e-08
-6.42584e-08
5.65726e-08
-9.65204e-08
7.3819e-08
-1.34815e-07
8.95978e-08
-1.78395e-07
1.03359e-07
-2.26373e-07
1.14775e-07
-2.77786e-07
1.23675e-07
-3.31628e-07
1.29994e-07
-3.86888e-07
1.33744e-07
-4.4257e-07
1.34989e-07
-4.97712e-07
1.33832e-07
-5.51397e-07
1.30402e-07
-6.02767e-07
1.24849e-07
-6.51023e-07
1.17336e-07
-6.95438e-07
1.08036e-07
-7.35355e-07
9.71315e-08
-7.70196e-07
8.48094e-08
-7.99461e-07
7.12633e-08
-8.22728e-07
5.66914e-08
-8.39664e-07
4.12973e-08
-8.50017e-07
2.52892e-08
-8.53628e-07
8.88109e-09
-8.50423e-07
-7.70804e-09
-8.40424e-07
-2.42538e-08
-8.23745e-07
-4.05268e-08
-8.00596e-07
-5.62934e-08
-7.71285e-07
-7.1317e-08
-7.36214e-07
-8.53589e-08
-6.95882e-07
-9.81814e-08
-6.50882e-07
-1.0955e-07
-6.01901e-07
-1.19235e-07
-5.49708e-07
-1.27019e-07
-4.95155e-07
-1.32697e-07
-4.39162e-07
-1.36087e-07
-3.82712e-07
-1.37029e-07
-3.2683e-07
-1.35398e-07
-2.72566e-07
-1.31114e-07
-2.20975e-07
-1.24145e-07
-1.73087e-07
-1.1453e-07
-1.29869e-07
-1.02396e-07
-9.21801e-08
-8.7988e-08
-6.0719e-08
-7.17074e-08
-3.59501e-08
-5.41796e-08
-1.80208e-08
-3.63445e-08
-6.66861e-09
-1.95759e-08
-1.128e-09
-5.85823e-09
1.71138e-09
-3.02014e-09
1.80732e-09
-1.311e-08
1.73586e-08
-3.0981e-08
3.95112e-08
-5.69423e-08
6.46967e-08
-9.09172e-08
9.05475e-08
-1.32493e-07
1.15394e-07
-1.80984e-07
1.3809e-07
-2.35504e-07
1.57878e-07
-2.9502e-07
1.74291e-07
-3.58412e-07
1.87067e-07
-4.24509e-07
1.96092e-07
-4.9213e-07
2.01365e-07
-5.60105e-07
2.02964e-07
-6.273e-07
2.01027e-07
-6.92631e-07
1.95733e-07
-7.55076e-07
1.87295e-07
-8.13688e-07
1.75948e-07
-8.67598e-07
1.61946e-07
-9.16022e-07
1.45555e-07
-9.58267e-07
1.27055e-07
-9.93735e-07
1.06731e-07
-1.02192e-06
8.48804e-08
-1.04243e-06
6.18058e-08
-1.05496e-06
3.78193e-08
-1.05932e-06
1.32403e-08
-1.05543e-06
-1.16038e-08
-1.0433e-06
-3.63782e-08
-1.02309e-06
-6.07408e-08
-9.95037e-07
-8.43441e-08
-9.59518e-07
-1.06836e-07
-9.17012e-07
-1.27864e-07
-8.68118e-07
-1.47076e-07
-8.13543e-07
-1.64125e-07
-7.54102e-07
-1.78675e-07
-6.90713e-07
-1.90408e-07
-6.24383e-07
-1.99026e-07
-5.56205e-07
-2.04265e-07
-4.87336e-07
-2.05898e-07
-4.18982e-07
-2.03753e-07
-3.52376e-07
-1.97719e-07
-2.88753e-07
-1.87768e-07
-2.29311e-07
-1.73971e-07
-1.75179e-07
-1.56529e-07
-1.27364e-07
-1.35803e-07
-8.67001e-08
-1.12371e-07
-5.37878e-08
-8.70919e-08
-2.89262e-08
-6.12061e-08
-1.20545e-08
-3.64477e-08
-2.70748e-09
-1.52052e-08
-9.96088e-10
-4.63988e-09
6.4472e-09
-1.87498e-08
3.14685e-08
-4.24621e-08
6.32236e-08
-7.56864e-08
9.7921e-08
-1.18059e-07
1.3292e-07
-1.68951e-07
1.66286e-07
-2.27502e-07
1.96641e-07
-2.92671e-07
2.23047e-07
-3.63279e-07
2.449e-07
-4.38061e-07
2.61848e-07
-5.15701e-07
2.73731e-07
-5.94869e-07
2.80533e-07
-6.7425e-07
2.82345e-07
-7.52564e-07
2.79341e-07
-8.28586e-07
2.71755e-07
-9.01162e-07
2.5987e-07
-9.69214e-07
2.44e-07
-1.03176e-06
2.24489e-07
-1.0879e-06
2.01699e-07
-1.13685e-06
1.7601e-07
-1.17794e-06
1.47817e-07
-1.21059e-06
1.17526e-07
-1.23433e-06
8.55538e-08
-1.24885e-06
5.23309e-08
-1.2539e-06
1.82968e-08
-1.24941e-06
-1.60977e-08
-1.23539e-06
-5.03917e-08
-1.21202e-06
-8.41155e-08
-1.17957e-06
-1.16792e-07
-1.13847e-06
-1.47938e-07
-1.08926e-06
-1.77072e-07
-1.03263e-06
-2.03711e-07
-9.69368e-07
-2.27384e-07
-9.00409e-07
-2.47634e-07
-8.26788e-07
-2.64029e-07
-7.49648e-07
-2.76167e-07
-6.70219e-07
-2.83693e-07
-5.8981e-07
-2.86307e-07
-5.09781e-07
-2.83782e-07
-4.31521e-07
-2.75979e-07
-3.5642e-07
-2.62869e-07
-2.85832e-07
-2.4456e-07
-2.21035e-07
-2.21326e-07
-1.63188e-07
-1.9365e-07
-1.1328e-07
-1.62279e-07
-7.20789e-08
-1.28293e-07
-4.00903e-08
-9.31948e-08
-1.752e-08
-5.90179e-08
-4.27199e-09
-2.84532e-08
-5.26807e-09
-6.18497e-09
1.26322e-08
-2.42495e-08
4.9533e-08
-5.37825e-08
9.27566e-08
-9.42752e-08
1.38414e-07
-1.45041e-07
1.83686e-07
-2.05199e-07
2.26444e-07
-2.73686e-07
2.65128e-07
-3.49286e-07
2.98647e-07
-4.30667e-07
3.26281e-07
-5.16418e-07
3.47599e-07
-6.05087e-07
3.62401e-07
-6.95211e-07
3.70657e-07
-7.85345e-07
3.72479e-07
-8.74084e-07
3.6808e-07
-9.60083e-07
3.57754e-07
-1.04207e-06
3.41859e-07
-1.11887e-06
3.20796e-07
-1.18939e-06
2.95007e-07
-1.25265e-06
2.64959e-07
-1.30778e-06
2.31144e-07
-1.35404e-06
1.94074e-07
-1.39079e-06
1.54277e-07
-1.41753e-06
1.12295e-07
-1.43389e-06
6.86884e-08
-1.43962e-06
2.40291e-08
-1.43462e-06
-2.10964e-08
-1.41892e-06
-6.60886e-08
-1.3927e-06
-1.10337e-07
-1.35627e-06
-1.53222e-07
-1.31009e-06
-1.94118e-07
-1.25477e-06
-2.32398e-07
-1.19104e-06
-2.67441e-07
-1.11978e-06
-2.98635e-07
-1.04203e-06
-3.25392e-07
-9.58903e-07
-3.47153e-07
-8.71666e-07
-3.63404e-07
-7.81671e-07
-3.73689e-07
-6.90351e-07
-3.77626e-07
-5.99205e-07
-3.74928e-07
-5.09761e-07
-3.65422e-07
-4.23554e-07
-3.49076e-07
-3.42085e-07
-3.26028e-07
-2.66787e-07
-2.96624e-07
-1.98979e-07
-2.61458e-07
-1.39826e-07
-2.21432e-07
-9.02987e-08
-1.7782e-07
-5.11427e-08
-1.32351e-07
-2.28681e-08
-8.72925e-08
-5.76782e-09
-4.55535e-08
-1.10359e-08
-7.64338e-09
2.02755e-08
-2.95365e-08
7.1426e-08
-6.478e-08
1.28e-07
-1.12455e-07
1.86089e-07
-1.71539e-07
2.4277e-07
-2.40877e-07
2.95782e-07
-3.19178e-07
3.4343e-07
-4.05037e-07
3.84505e-07
-4.96954e-07
4.18198e-07
-5.93372e-07
4.44017e-07
-6.92702e-07
4.6173e-07
-7.93354e-07
4.7131e-07
-8.93765e-07
4.7289e-07
-9.92418e-07
4.66733e-07
-1.08786e-06
4.53199e-07
-1.17873e-06
4.32726e-07
-1.26375e-06
4.05813e-07
-1.34175e-06
3.73005e-07
-1.41167e-06
3.34883e-07
-1.47258e-06
2.92059e-07
-1.52368e-06
2.45171e-07
-1.56428e-06
1.94877e-07
-1.59384e-06
1.41857e-07
-1.61196e-06
8.68067e-08
-1.61837e-06
3.04424e-08
-1.61297e-06
-2.65042e-08
-1.59577e-06
-8.32849e-08
-1.56697e-06
-1.39138e-07
-1.5269e-06
-1.93292e-07
-1.47605e-06
-2.44966e-07
-1.41507e-06
-2.93379e-07
-1.34475e-06
-3.37758e-07
-1.26605e-06
-3.77342e-07
-1.18004e-06
-4.11399e-07
-1.08796e-06
-4.39235e-07
-9.91149e-07
-4.60212e-07
-8.91075e-07
-4.73763e-07
-7.89286e-07
-4.79416e-07
-6.87401e-07
-4.76813e-07
-5.87084e-07
-4.6574e-07
-4.90007e-07
-4.46152e-07
-3.97825e-07
-4.18211e-07
-3.12128e-07
-3.8232e-07
-2.34413e-07
-3.39173e-07
-1.66041e-07
-2.89804e-07
-1.08209e-07
-2.35653e-07
-6.19283e-08
-1.78631e-07
-2.80279e-08
-1.21193e-07
-7.18258e-09
-6.63988e-08
-1.82185e-08
-9.02095e-09
2.92965e-08
-3.46021e-08
9.70072e-08
-7.54114e-08
1.68809e-07
-1.30141e-07
2.40818e-07
-1.97432e-07
3.10061e-07
-2.75843e-07
3.74193e-07
-3.63842e-07
4.31429e-07
-4.59818e-07
4.80481e-07
-5.62095e-07
5.20475e-07
-6.68958e-07
5.50881e-07
-7.78683e-07
5.71455e-07
-8.89555e-07
5.82182e-07
-9.99898e-07
5.83233e-07
-1.10809e-06
5.74926e-07
-1.21259e-06
5.57698e-07
-1.31194e-06
5.32077e-07
-1.40479e-06
4.98663e-07
-1.4899e-06
4.58114e-07
-1.56615e-06
4.11134e-07
-1.63255e-06
3.58461e-07
-1.68825e-06
3.00866e-07
-1.73252e-06
2.39147e-07
-1.76478e-06
1.74124e-07
-1.78462e-06
1.06642e-07
-1.79174e-06
3.75649e-08
-1.78603e-06
-3.22209e-08
-1.7675e-06
-1.01811e-07
-1.73635e-06
-1.70286e-07
-1.69293e-06
-2.36709e-07
-1.63776e-06
-3.00141e-07
-1.5715e-06
-3.59636e-07
-1.495e-06
-4.14257e-07
-1.40926e-06
-4.63087e-07
-1.31542e-06
-5.05238e-07
-1.21478e-06
-5.3987e-07
-1.10879e-06
-5.66209e-07
-9.9898e-07
-5.83569e-07
-8.8702e-07
-5.91375e-07
-7.74646e-07
-5.89188e-07
-6.63648e-07
-5.76738e-07
-5.55842e-07
-5.53958e-07
-4.53036e-07
-5.21017e-07
-3.56995e-07
-4.78361e-07
-2.69405e-07
-4.26763e-07
-1.91843e-07
-3.67366e-07
-1.2575e-07
-3.01746e-07
-7.2418e-08
-2.31963e-07
-3.29968e-08
-1.60614e-07
-8.52342e-09
-9.08722e-08
-2.67419e-08
-1.03306e-08
3.96271e-08
-3.94692e-08
1.26146e-07
-8.56988e-08
2.15039e-07
-1.47346e-07
3.02466e-07
-2.22723e-07
3.85438e-07
-3.10099e-07
4.61568e-07
-4.07689e-07
5.2902e-07
-5.13666e-07
5.86458e-07
-6.26167e-07
6.32975e-07
-7.43314e-07
6.68029e-07
-8.63242e-07
6.91382e-07
-9.8411e-07
7.03051e-07
-1.10413e-06
7.03256e-07
-1.22159e-06
6.92386e-07
-1.33486e-06
6.70964e-07
-1.4424e-06
6.39617e-07
-1.54279e-06
5.99057e-07
-1.63474e-06
5.50062e-07
-1.71707e-06
4.93463e-07
-1.78874e-06
4.30135e-07
-1.84887e-06
3.60987e-07
-1.89668e-06
2.86962e-07
-1.93159e-06
2.09029e-07
-1.95313e-06
1.28183e-07
-1.96101e-06
4.54452e-08
-1.95509e-06
-3.81402e-08
-1.93539e-06
-1.21506e-07
-1.90211e-06
-2.03567e-07
-1.8556e-06
-2.8322e-07
-1.79639e-06
-3.59354e-07
-1.72517e-06
-4.30852e-07
-1.64282e-06
-4.96608e-07
-1.55037e-06
-5.55535e-07
-1.44903e-06
-6.06581e-07
-1.34015e-06
-6.48749e-07
-1.22524e-06
-6.81118e-07
-1.10594e-06
-7.02867e-07
-9.84013e-07
-7.13305e-07
-8.61301e-07
-7.119e-07
-7.39729e-07
-6.98311e-07
-6.21258e-07
-6.72429e-07
-5.07861e-07
-6.34414e-07
-4.01486e-07
-5.84736e-07
-3.04026e-07
-5.24223e-07
-2.17287e-07
-4.54105e-07
-1.4297e-07
-3.76063e-07
-8.26542e-08
-2.92279e-07
-3.7807e-08
-2.05461e-07
-9.80578e-09
-1.18873e-07
-3.65476e-08
-1.15875e-08
5.12146e-08
-4.41751e-08
1.58733e-07
-9.56979e-08
2.66562e-07
-1.6414e-07
3.70908e-07
-2.47492e-07
4.6879e-07
-3.43733e-07
5.57809e-07
-4.50823e-07
6.3611e-07
-5.66707e-07
7.02342e-07
-6.89327e-07
7.55595e-07
-8.16638e-07
7.9534e-07
-9.46625e-07
8.21369e-07
-1.07733e-06
8.33751e-07
-1.20684e-06
8.32773e-07
-1.33337e-06
8.18909e-07
-1.45518e-06
7.9278e-07
-1.57069e-06
7.55125e-07
-1.67841e-06
7.06776e-07
-1.77699e-06
6.4864e-07
-1.86521e-06
5.81685e-07
-1.942e-06
5.06924e-07
-2.00643e-06
4.25414e-07
-2.05771e-06
3.38245e-07
-2.09522e-06
2.46539e-07
-2.11848e-06
1.51447e-07
-2.12719e-06
5.41491e-08
-2.12118e-06
-4.41474e-08
-2.10048e-06
-1.4221e-07
-2.06526e-06
-2.38782e-07
-2.01589e-06
-3.32589e-07
-1.9529e-06
-4.22343e-07
-1.877e-06
-5.06751e-07
-1.78908e-06
-5.84528e-07
-1.69021e-06
-6.54408e-07
-1.58163e-06
-7.15164e-07
-1.46475e-06
-7.65632e-07
-1.34114e-06
-8.04728e-07
-1.21252e-06
-8.31486e-07
-1.08074e-06
-8.45079e-07
-9.47779e-07
-8.44864e-07
-8.15676e-07
-8.30413e-07
-6.8655e-07
-8.01555e-07
-5.62545e-07
-7.58419e-07
-4.45805e-07
-7.01476e-07
-3.38443e-07
-6.31585e-07
-2.42511e-07
-5.50037e-07
-1.59978e-07
-4.58596e-07
-9.27176e-08
-3.59539e-07
-4.25078e-08
-2.55671e-07
-1.10482e-08
-1.50333e-07
-4.75958e-08
-1.28067e-08
6.40213e-08
-4.87621e-08
1.94689e-07
-1.0548e-07
3.23279e-07
-1.80617e-07
4.46046e-07
-2.71855e-07
5.60028e-07
-3.76882e-07
6.62836e-07
-4.93397e-07
7.52626e-07
-6.19116e-07
8.2806e-07
-7.51775e-07
8.88255e-07
-8.89156e-07
9.32721e-07
-1.02909e-06
9.61307e-07
-1.1695e-06
9.74154e-07
-1.30836e-06
9.71637e-07
-1.44379e-06
9.54333e-07
-1.57398e-06
9.22974e-07
-1.69728e-06
8.78424e-07
-1.81215e-06
8.21646e-07
-1.91719e-06
7.53687e-07
-2.01116e-06
6.75654e-07
-2.09295e-06
5.8871e-07
-2.16159e-06
4.94059e-07
-2.21629e-06
3.92946e-07
-2.2564e-06
2.86646e-07
-2.28142e-06
1.76469e-07
-2.29103e-06
6.37571e-08
-2.28506e-06
-5.01189e-08
-2.26351e-06
-1.63758e-07
-2.22656e-06
-2.75732e-07
-2.17456e-06
-3.8459e-07
-2.10804e-06
-4.88863e-07
-2.02772e-06
-5.87076e-07
-1.93449e-06
-6.77756e-07
-1.82944e-06
-7.59453e-07
-1.71385e-06
-8.30755e-07
-1.58917e-06
-8.90313e-07
-1.45703e-06
-9.36871e-07
-1.31922e-06
-9.69296e-07
-1.17769e-06
-9.86611e-07
-1.03451e-06
-9.8804e-07
-8.9188e-07
-9.73045e-07
-7.52064e-07
-9.41371e-07
-6.17393e-07
-8.9309e-07
-4.90217e-07
-8.28651e-07
-3.72884e-07
-7.48919e-07
-2.67702e-07
-6.5522e-07
-1.76919e-07
-5.49379e-07
-1.02708e-07
-4.3375e-07
-4.71557e-08
-3.11224e-07
-1.22697e-08
-1.85219e-07
-5.98655e-08
-1.40025e-08
7.80238e-08
-5.32727e-08
2.33959e-07
-1.15119e-07
3.85126e-07
-1.96886e-07
5.27813e-07
-2.95948e-07
6.59089e-07
-4.09705e-07
7.76593e-07
-5.35593e-07
8.78514e-07
-6.71089e-07
9.63557e-07
-8.13726e-07
1.03089e-06
-9.61101e-07
1.0801e-06
-1.1109e-06
1.1111e-06
-1.26089e-06
1.12415e-06
-1.40898e-06
1.11972e-06
-1.55316e-06
1.09851e-06
-1.69158e-06
1.06139e-06
-1.82251e-06
1.00936e-06
-1.94438e-06
9.43515e-07
-2.05575e-06
8.65057e-07
-2.15534e-06
7.75244e-07
-2.24202e-06
6.7539e-07
-2.31482e-06
5.66852e-07
-2.3729e-06
4.5103e-07
-2.41561e-06
3.29356e-07
-2.44244e-06
2.03299e-07
-2.45304e-06
7.43616e-08
-2.44724e-06
-5.59209e-08
-2.42502e-06
-1.85979e-07
-2.38654e-06
-3.14212e-07
-2.33214e-06
-4.3899e-07
-2.26234e-06
-5.58662e-07
-2.17785e-06
-6.71566e-07
-2.07957e-06
-7.76036e-07
-1.9686e-06
-8.70426e-07
-1.84622e-06
-9.53129e-07
-1.71394e-06
-1.0226e-06
-1.57342e-06
-1.07739e-06
-1.42653e-06
-1.11619e-06
-1.2753e-06
-1.13784e-06
-1.12193e-06
-1.14141e-06
-9.6874e-07
-1.12623e-06
-8.1817e-07
-1.09194e-06
-6.7274e-07
-1.03852e-06
-5.3502e-07
-9.6637e-07
-4.07603e-07
-8.76336e-07
-2.93067e-07
-7.69755e-07
-1.93952e-07
-6.48493e-07
-1.12734e-07
-5.14968e-07
-5.18091e-08
-3.72148e-07
-1.3489e-08
-2.23539e-07
-7.33545e-08
-1.51875e-08
9.32114e-08
-5.77474e-08
2.76519e-07
-1.24691e-07
4.5207e-07
-2.13055e-07
6.16177e-07
-3.19909e-07
7.65942e-07
-4.42365e-07
8.9905e-07
-5.77593e-07
1.01374e-06
-7.22828e-07
1.10879e-06
-8.75389e-07
1.18345e-06
-1.03269e-06
1.2374e-06
-1.19226e-06
1.27067e-06
-1.35174e-06
1.28363e-06
-1.50892e-06
1.2769e-06
-1.66172e-06
1.25131e-06
-1.80821e-06
1.20789e-06
-1.94662e-06
1.14777e-06
-2.07533e-06
1.07223e-06
-2.19288e-06
9.82607e-07
-2.29797e-06
8.80329e-07
-2.38944e-06
7.66863e-07
-2.46631e-06
6.43724e-07
-2.52775e-06
5.12467e-07
-2.57308e-06
3.74681e-07
-2.60177e-06
2.31993e-07
-2.61347e-06
8.60633e-08
-2.60798e-06
-6.14089e-08
-2.58527e-06
-2.08688e-07
-2.54548e-06
-3.54001e-07
-2.48893e-06
-4.95542e-07
-2.41612e-06
-6.31476e-07
-2.32774e-06
-7.59946e-07
-2.22468e-06
-8.79093e-07
-2.10804e-06
-9.87065e-07
-1.97912e-06
-1.08205e-06
-1.83943e-06
-1.16229e-06
-1.6907e-06
-1.22613e-06
-1.53484e-06
-1.27204e-06
-1.37399e-06
-1.2987e-06
-1.21043e-06
-1.30497e-06
-1.04665e-06
-1.29002e-06
-8.85237e-07
-1.25335e-06
-7.28929e-07
-1.19483e-06
-5.80521e-07
-1.11478e-06
-4.42866e-07
-1.01399e-06
-3.18825e-07
-8.93796e-07
-2.11241e-07
-7.56078e-07
-1.22903e-07
-6.03306e-07
-5.65256e-08
-4.38526e-07
-1.47238e-08
-2.65341e-07
-8.80783e-08
-1.63734e-08
1.09585e-07
-6.22236e-08
3.22369e-07
-1.34265e-07
5.24111e-07
-2.29227e-07
7.11138e-07
-3.43873e-07
8.80588e-07
-4.75024e-07
1.0302e-06
-6.19576e-07
1.15829e-06
-7.7452e-07
1.26374e-06
-9.36956e-07
1.34589e-06
-1.10411e-06
1.40455e-06
-1.27336e-06
1.43991e-06
-1.4422e-06
1.45248e-06
-1.60833e-06
1.44303e-06
-1.76959e-06
1.41257e-06
-1.92398e-06
1.36228e-06
-2.06969e-06
1.29348e-06
-2.20507e-06
1.2076e-06
-2.32863e-06
1.10617e-06
-2.43907e-06
9.90764e-07
-2.53522e-06
8.63014e-07
-2.61609e-06
7.24595e-07
-2.68084e-06
5.77218e-07
-2.72879e-06
4.22628e-07
-2.7594e-06
2.62606e-07
-2.7723e-06
9.89684e-08
-2.76729e-06
-6.64279e-08
-2.74429e-06
-2.31685e-07
-2.70343e-06
-3.94861e-07
-2.645e-06
-5.53975e-07
-2.56947e-06
-7.07007e-07
-2.4775e-06
-8.51909e-07
-2.36998e-06
-9.86618e-07
-2.24797e-06
-1.10907e-06
-2.11278e-06
-1.21724e-06
-1.96593e-06
-1.30914e-06
-1.80918e-06
-1.38288e-06
-1.6445e-06
-1.43672e-06
-1.47409e-06
-1.4691e-06
-1.30037e-06
-1.47868e-06
-1.12596e-06
-1.46444e-06
-9.53617e-07
-1.42569e-06
-7.86292e-07
-1.36215e-06
-6.27024e-07
-1.27405e-06
-4.78937e-07
-1.16208e-06
-3.45191e-07
-1.02754e-06
-2.28947e-07
-8.72322e-07
-1.33323e-07
-6.98929e-07
-6.13605e-08
-5.10489e-07
-1.59906e-08
-3.1071e-07
-1.04069e-07
-1.75703e-08
1.27155e-07
-6.67353e-08
3.71534e-07
-1.43907e-07
6.01283e-07
-2.45499e-07
8.1273e-07
-3.67965e-07
1.00305e-06
-5.07827e-07
1.17006e-06
-6.61704e-07
1.31217e-06
-8.26333e-07
1.42836e-06
-9.98593e-07
1.51815e-06
-1.17552e-06
1.58148e-06
-1.35432e-06
1.61872e-06
-1.53239e-06
1.63055e-06
-1.70729e-06
1.61794e-06
-1.87681e-06
1.58208e-06
-2.03888e-06
1.52435e-06
-2.19167e-06
1.44626e-06
-2.3335e-06
1.34943e-06
-2.46287e-06
1.23555e-06
-2.57847e-06
1.10637e-06
-2.67915e-06
9.63691e-07
-2.76391e-06
8.09354e-07
-2.83191e-06
6.45221e-07
-2.88247e-06
4.73189e-07
-2.91506e-06
2.95188e-07
-2.92927e-06
1.13184e-07
-2.92489e-06
-7.08134e-08
-2.90182e-06
-2.54751e-07
-2.86016e-06
-4.36524e-07
-2.80015e-06
-6.1398e-07
-2.72224e-06
-7.84918e-07
-2.62705e-06
-9.47098e-07
-2.51542e-06
-1.09825e-06
-2.3884e-06
-1.23609e-06
-2.24727e-06
-1.35837e-06
-2.09356e-06
-1.46285e-06
-1.92903e-06
-1.54741e-06
-1.75571e-06
-1.61004e-06
-1.57588e-06
-1.64893e-06
-1.39206e-06
-1.66251e-06
-1.20698e-06
-1.64951e-06
-1.02363e-06
-1.60904e-06
-8.45141e-07
-1.54064e-06
-6.74817e-07
-1.44437e-06
-5.16069e-07
-1.32083e-06
-3.72374e-07
-1.17124e-06
-2.47227e-07
-9.97468e-07
-1.44095e-07
-8.02061e-07
-6.63665e-08
-5.88218e-07
-1.73051e-08
-3.59772e-07
-1.21374e-07
-1.87874e-08
1.45942e-07
-7.13135e-08
4.2406e-07
-1.53675e-07
6.83644e-07
-2.6196e-07
9.21016e-07
-3.92301e-07
1.13339e-06
-5.40911e-07
1.31867e-06
-7.04121e-07
1.47538e-06
-8.78409e-07
1.60265e-06
-1.06043e-06
1.70017e-06
-1.24702e-06
1.76807e-06
-1.43523e-06
1.80693e-06
-1.62232e-06
1.81764e-06
-1.80577e-06
1.80139e-06
-1.98329e-06
1.7596e-06
-2.15278e-06
1.69384e-06
-2.31236e-06
1.60585e-06
-2.46035e-06
1.49743e-06
-2.59527e-06
1.37046e-06
-2.7158e-06
1.2269e-06
-2.82081e-06
1.0687e-06
-2.9093e-06
8.9785e-07
-2.98046e-06
7.16381e-07
-3.0336e-06
5.26331e-07
-3.06819e-06
3.29772e-07
-3.08382e-06
1.28814e-07
-3.08024e-06
-7.43929e-08
-3.05734e-06
-2.77647e-07
-3.01518e-06
-4.78691e-07
-2.95395e-06
-6.75208e-07
-2.87405e-06
-8.64819e-07
-2.77605e-06
-1.04509e-06
-2.66074e-06
-1.21356e-06
-2.52914e-06
-1.3677e-06
-2.38248e-06
-1.50503e-06
-2.22227e-06
-1.62305e-06
-2.0503e-06
-1.71938e-06
-1.8686e-06
-1.79173e-06
-1.67953e-06
-1.83801e-06
-1.48569e-06
-1.85635e-06
-1.28999e-06
-1.84522e-06
-1.09555e-06
-1.80348e-06
-9.05753e-07
-1.73044e-06
-7.24167e-07
-1.62596e-06
-5.54502e-07
-1.49049e-06
-4.00572e-07
-1.32517e-06
-2.66231e-07
-1.13181e-06
-1.55318e-07
-9.12974e-07
-7.15939e-08
-6.71942e-07
-1.86819e-08
-4.12684e-07
-1.40056e-07
-2.00331e-08
1.65976e-07
-7.59869e-08
4.80014e-07
-1.63625e-07
7.71282e-07
-2.78693e-07
1.03608e-06
-4.16986e-07
1.27169e-06
-5.74394e-07
1.47608e-06
-7.4695e-07
1.64794e-06
-9.30863e-07
1.78657e-06
-1.12255e-06
1.89185e-06
-1.31866e-06
1.96418e-06
-1.51608e-06
2.00435e-06
-1.71194e-06
2.01351e-06
-1.90365e-06
1.9931e-06
-2.08884e-06
1.94478e-06
-2.26538e-06
1.87039e-06
-2.43139e-06
1.77186e-06
-2.58519e-06
1.65123e-06
-2.72531e-06
1.51058e-06
-2.85046e-06
1.35205e-06
-2.95952e-06
1.17776e-06
-3.05154e-06
9.89871e-07
-3.12571e-06
7.90551e-07
-3.18136e-06
5.81983e-07
-3.21796e-06
3.6637e-07
-3.2351e-06
1.45953e-07
-3.2325e-06
-7.69884e-08
-3.21004e-06
-3.00116e-07
-3.1677e-06
-5.2103e-07
-3.10565e-06
-7.37258e-07
-3.02421e-06
-9.46256e-07
-2.9239e-06
-1.1454e-06
-2.80544e-06
-1.33202e-06
-2.66977e-06
-1.50337e-06
-2.51809e-06
-1.65671e-06
-2.35186e-06
-1.78928e-06
-2.17286e-06
-1.89839e-06
-1.98314e-06
-1.98145e-06
-1.78509e-06
-2.03605e-06
-1.58142e-06
-2.06002e-06
-1.37515e-06
-2.05149e-06
-1.1696e-06
-2.00903e-06
-9.68371e-07
-1.93166e-06
-7.75312e-07
-1.81901e-06
-5.94455e-07
-1.67135e-06
-4.2997e-07
-1.48965e-06
-2.861e-07
-1.27568e-06
-1.67085e-07
-1.03199e-06
-7.70908e-08
-7.61936e-07
-2.01351e-08
-4.69639e-07
-1.60191e-07
-2.13155e-08
1.87291e-07
-8.07828e-08
5.39481e-07
-1.73808e-07
8.64308e-07
-2.95775e-07
1.15805e-06
-4.42117e-07
1.41803e-06
-6.08385e-07
1.64235e-06
-7.90296e-07
1.82985e-06
-9.83782e-07
1.98005e-06
-1.18502e-06
2.09309e-06
-1.39045e-06
2.16961e-06
-1.59681e-06
2.21071e-06
-1.80112e-06
2.21782e-06
-2.00069e-06
2.19267e-06
-2.19312e-06
2.13721e-06
-2.37626e-06
2.05353e-06
-2.54823e-06
1.94382e-06
-2.70737e-06
1.81037e-06
-2.85224e-06
1.65546e-06
-2.9816e-06
1.4814e-06
-3.09436e-06
1.29052e-06
-3.18962e-06
1.08513e-06
-3.26659e-06
8.67525e-07
-3.32464e-06
6.40027e-07
-3.36323e-06
4.0496e-07
-3.38195e-06
1.64678e-07
-3.38052e-06
-7.84196e-08
-3.35876e-06
-3.21877e-07
-3.31662e-06
-5.63167e-07
-3.2542e-06
-7.99675e-07
-3.17176e-06
-1.0287e-06
-3.06972e-06
-1.24744e-06
-2.94872e-06
-1.45302e-06
-2.80962e-06
-1.64247e-06
-2.65355e-06
-1.81278e-06
-2.48191e-06
-1.96092e-06
-2.29642e-06
-2.08387e-06
-2.09915e-06
-2.17872e-06
-1.8925e-06
-2.2427e-06
-1.67926e-06
-2.27326e-06
-1.46257e-06
-2.26818e-06
-1.24593e-06
-2.22566e-06
-1.03319e-06
-2.14441e-06
-8.2846e-07
-2.02374e-06
-6.36127e-07
-1.86368e-06
-4.60743e-07
-1.66504e-06
-3.06969e-07
-1.42945e-06
-1.79485e-07
-1.15947e-06
-8.29037e-08
-8.58518e-07
-2.16785e-08
-5.30865e-07
-1.81869e-07
-2.26424e-08
2.09933e-07
-8.57282e-08
6.02567e-07
-1.84278e-07
9.62857e-07
-3.13281e-07
1.28705e-06
-4.67786e-07
1.57254e-06
-6.4298e-07
1.81754e-06
-8.34247e-07
2.02112e-06
-1.03722e-06
2.18303e-06
-1.24784e-06
2.3037e-06
-1.46233e-06
2.38411e-06
-1.67729e-06
2.42566e-06
-1.88961e-06
2.43014e-06
-2.09656e-06
2.39961e-06
-2.29567e-06
2.33632e-06
-2.48482e-06
2.24268e-06
-2.66215e-06
2.12115e-06
-2.82603e-06
1.97425e-06
-2.97509e-06
1.80451e-06
-3.10812e-06
1.61444e-06
-3.22413e-06
1.40653e-06
-3.32224e-06
1.18324e-06
-3.40173e-06
9.47015e-07
-3.46199e-06
7.00282e-07
-3.5025e-06
4.45474e-07
-3.52287e-06
1.85046e-07
-3.52278e-06
-7.85092e-08
-3.50202e-06
-3.42633e-07
-3.4605e-06
-6.04688e-07
-3.39824e-06
-8.6194e-07
-3.3154e-06
-1.11154e-06
-3.21231e-06
-1.35053e-06
-3.08951e-06
-1.57582e-06
-2.94776e-06
-1.78423e-06
-2.78806e-06
-1.97247e-06
-2.61175e-06
-2.13723e-06
-2.42048e-06
-2.27514e-06
-2.21627e-06
-2.38294e-06
-2.00154e-06
-2.45743e-06
-1.77912e-06
-2.49568e-06
-1.55227e-06
-2.49504e-06
-1.32465e-06
-2.45328e-06
-1.10035e-06
-2.36871e-06
-8.83785e-07
-2.24031e-06
-6.79696e-07
-2.06777e-06
-4.93051e-07
-1.85168e-06
-3.28966e-07
-1.59354e-06
-1.92606e-07
-1.29583e-06
-8.90783e-08
-9.62045e-07
-2.33257e-08
-5.96617e-07
-2.05195e-07
-2.40221e-08
2.33956e-07
-9.08513e-08
6.69396e-07
-1.95086e-07
1.06709e-06
-3.31286e-07
1.42325e-06
-4.94084e-07
1.73533e-06
-6.78271e-07
2.00173e-06
-8.78875e-07
2.22172e-06
-1.09122e-06
2.39538e-06
-1.31099e-06
2.52347e-06
-1.5342e-06
2.60732e-06
-1.7573e-06
2.64876e-06
-1.97709e-06
2.64993e-06
-2.19076e-06
2.61329e-06
-2.39587e-06
2.54143e-06
-2.5903e-06
2.4371e-06
-2.77222e-06
2.30307e-06
-2.9401e-06
2.14213e-06
-3.09262e-06
1.95703e-06
-3.22868e-06
1.75049e-06
-3.34733e-06
1.52519e-06
-3.44781e-06
1.28371e-06
-3.52943e-06
1.02864e-06
-3.59164e-06
7.62492e-07
-3.63396e-06
4.87794e-07
-3.65599e-06
2.07078e-07
-3.65741e-06
-7.70879e-08
-3.63798e-06
-3.62068e-07
-3.59753e-06
-6.4514e-07
-3.536e-06
-9.23466e-07
-3.45347e-06
-1.19408e-06
-3.35014e-06
-1.45386e-06
-3.22641e-06
-1.69954e-06
-3.08292e-06
-1.92772e-06
-2.92054e-06
-2.13485e-06
-2.74049e-06
-2.31728e-06
-2.54431e-06
-2.47133e-06
-2.33395e-06
-2.59329e-06
-2.11182e-06
-2.67957e-06
-1.88076e-06
-2.72673e-06
-1.64413e-06
-2.73167e-06
-1.40576e-06
-2.69165e-06
-1.16994e-06
-2.60453e-06
-9.41424e-07
-2.46883e-06
-7.25319e-07
-2.28388e-06
-5.27044e-07
-2.04996e-06
-3.52215e-07
-1.76837e-06
-2.06533e-07
-1.44151e-06
-9.56605e-08
-1.07292e-06
-2.50903e-08
-6.67187e-07
-2.30285e-07
-2.54638e-08
2.59419e-07
-9.6183e-08
7.40116e-07
-2.06291e-07
1.1772e-06
-3.49874e-07
1.56684e-06
-5.21105e-07
1.90656e-06
-7.14347e-07
2.19497e-06
-9.24244e-07
2.43162e-06
-1.14579e-06
2.61693e-06
-1.37439e-06
2.75207e-06
-1.60588e-06
2.83881e-06
-1.83654e-06
2.87942e-06
-2.0631e-06
2.87649e-06
-2.28271e-06
2.8329e-06
-2.49295e-06
2.75167e-06
-2.69173e-06
2.63588e-06
-2.87731e-06
2.48866e-06
-3.04825e-06
2.31307e-06
-3.20335e-06
2.11212e-06
-3.34159e-06
1.88874e-06
-3.46216e-06
1.64576e-06
-3.56437e-06
1.38592e-06
-3.64763e-06
1.1119e-06
-3.71144e-06
8.26307e-07
-3.75538e-06
5.31731e-07
-3.77906e-06
2.30755e-07
-3.78214e-06
-7.40019e-08
-3.76436e-06
-3.79856e-07
-3.72547e-06
-6.84025e-07
-3.66534e-06
-9.83597e-07
-3.58391e-06
-1.27551e-06
-3.48126e-06
-1.55651e-06
-3.35764e-06
-1.82316e-06
-3.21351e-06
-2.07186e-06
-3.04958e-06
-2.29877e-06
-2.86691e-06
-2.49996e-06
-2.6669e-06
-2.67133e-06
-2.45141e-06
-2.80878e-06
-2.22276e-06
-2.90821e-06
-1.98381e-06
-2.96569e-06
-1.73796e-06
-2.97752e-06
-1.48917e-06
-2.94043e-06
-1.24199e-06
-2.85171e-06
-1.00147e-06
-2.70935e-06
-7.73128e-07
-2.51222e-06
-5.62861e-07
-2.26022e-06
-3.76837e-07
-1.95439e-06
-2.21354e-07
-1.597e-06
-1.02697e-07
-1.19158e-06
-2.69867e-08
-7.42898e-07
-2.57272e-07
-2.69782e-08
2.86398e-07
-1.01759e-07
8.14897e-07
-2.17958e-07
1.2934e-06
-3.69136e-07
1.71801e-06
-5.48955e-07
2.08638e-06
-7.51306e-07
2.39732e-06
-9.70415e-07
2.65073e-06
-1.20093e-06
2.84744e-06
-1.43796e-06
2.9891e-06
-1.67714e-06
3.078e-06
-1.91463e-06
3.1169e-06
-2.14708e-06
3.10894e-06
-2.37165e-06
3.05747e-06
-2.58593e-06
2.96595e-06
-2.78793e-06
2.83789e-06
-2.97603e-06
2.67676e-06
-3.14889e-06
2.48593e-06
-3.30547e-06
2.26869e-06
-3.44488e-06
2.02816e-06
-3.56646e-06
1.76733e-06
-3.66962e-06
1.48908e-06
-3.75389e-06
1.19617e-06
-3.81885e-06
8.91273e-07
-3.86414e-06
5.77014e-07
-3.88939e-06
2.56004e-07
-3.89427e-06
-6.91212e-08
-3.87846e-06
-3.95661e-07
-3.84168e-06
-7.20807e-07
-3.78367e-06
-1.04161e-06
-3.70425e-06
-1.35492e-06
-3.60334e-06
-1.65741e-06
-3.48102e-06
-1.94549e-06
-3.33753e-06
-2.21534e-06
-3.1734e-06
-2.4629e-06
-2.98948e-06
-2.68388e-06
-2.78698e-06
-2.87383e-06
-2.56761e-06
-3.02815e-06
-2.33358e-06
-3.14225e-06
-2.08769e-06
-3.21158e-06
-1.83337e-06
-3.23184e-06
-1.57471e-06
-3.19909e-06
-1.31646e-06
-3.10996e-06
-1.06398e-06
-2.96182e-06
-8.23234e-07
-2.75297e-06
-6.00633e-07
-2.48282e-06
-4.02952e-07
-2.15207e-06
-2.37156e-07
-1.76279e-06
-1.10238e-07
-1.31849e-06
-2.90303e-08
-8.24106e-07
-2.86302e-07
-2.85782e-08
3.14976e-07
-1.07623e-07
8.93942e-07
-2.30168e-07
1.41594e-06
-3.89182e-07
1.87703e-06
-5.77755e-07
2.27496e-06
-7.89254e-07
2.60882e-06
-1.01745e-06
2.87892e-06
-1.2566e-06
3.08659e-06
-1.50154e-06
3.23404e-06
-1.74769e-06
3.32415e-06
-1.99109e-06
3.3603e-06
-2.22835e-06
3.3462e-06
-2.45665e-06
3.28576e-06
-2.67366e-06
3.18296e-06
-2.87751e-06
3.04174e-06
-3.06672e-06
2.86597e-06
-3.24013e-06
2.65935e-06
-3.39686e-06
2.42542e-06
-3.53622e-06
2.16752e-06
-3.65769e-06
1.8888e-06
-3.76085e-06
1.59224e-06
-3.84536e-06
1.28067e-06
-3.91089e-06
9.56808e-07
-3.95716e-06
6.23279e-07
-3.98384e-06
2.82687e-07
-3.99061e-06
-6.23488e-08
-3.97713e-06
-4.09149e-07
-3.94302e-06
-7.54917e-07
-3.88793e-06
-1.0967e-06
-3.81153e-06
-1.43132e-06
-3.71358e-06
-1.75537e-06
-3.59391e-06
-2.06516e-06
-3.45257e-06
-2.35668e-06
-3.28983e-06
-2.62564e-06
-3.10628e-06
-2.86743e-06
-2.90292e-06
-3.07719e-06
-2.68121e-06
-3.24986e-06
-2.44321e-06
-3.38024e-06
-2.19162e-06
-3.46317e-06
-1.92985e-06
-3.49361e-06
-1.66206e-06
-3.46688e-06
-1.3932e-06
-3.37883e-06
-1.12896e-06
-3.22606e-06
-8.75723e-07
-3.0062e-06
-6.40484e-07
-2.71806e-06
-4.30682e-07
-2.36187e-06
-2.54036e-07
-1.93944e-06
-1.18337e-07
-1.45419e-06
-3.12382e-08
-9.11205e-07
-3.17541e-07
-3.02802e-08
3.45256e-07
-1.13829e-07
9.7749e-07
-2.43018e-07
1.54513e-06
-4.10144e-07
2.04415e-06
-6.07651e-07
2.47246e-06
-8.28318e-07
2.82949e-06
-1.06541e-06
3.11601e-06
-1.31278e-06
3.33396e-06
-1.56495e-06
3.48621e-06
-1.81716e-06
3.57636e-06
-2.06533e-06
3.60847e-06
-2.30607e-06
3.58694e-06
-2.53661e-06
3.5163e-06
-2.75476e-06
3.4011e-06
-2.9588e-06
3.24578e-06
-3.14744e-06
3.05461e-06
-3.31976e-06
2.83166e-06
-3.47507e-06
2.58073e-06
-3.6129e-06
2.30536e-06
-3.73295e-06
2.00884e-06
-3.83496e-06
1.69425e-06
-3.91875e-06
1.36447e-06
-3.98414e-06
1.0222e-06
-4.03091e-06
6.70051e-07
-4.05881e-06
3.10589e-07
-4.06753e-06
-5.36318e-08
-4.05669e-06
-4.19992e-07
-4.02585e-06
-7.85754e-07
-3.97455e-06
-1.148e-06
-3.9023e-06
-1.50357e-06
-3.80864e-06
-1.84903e-06
-3.6932e-06
-2.1806e-06
-3.55574e-06
-2.49414e-06
-3.39624e-06
-2.78514e-06
-3.21499e-06
-3.04868e-06
-3.01269e-06
-3.2795e-06
-2.79052e-06
-3.47202e-06
-2.55032e-06
-3.62045e-06
-2.2946e-06
-3.71889e-06
-2.02669e-06
-3.76152e-06
-1.75079e-06
-3.74278e-06
-1.47201e-06
-3.65761e-06
-1.19635e-06
-3.50173e-06
-9.30659e-07
-3.27189e-06
-6.82533e-07
-2.96619e-06
-4.60157e-07
-2.58425e-06
-2.72094e-07
-2.1275e-06
-1.27055e-07
-1.59923e-06
-3.36296e-08
-1.00463e-06
-3.5117e-07
-3.21047e-08
3.77361e-07
-1.20443e-07
1.06583e-06
-2.56631e-07
1.68132e-06
-4.3219e-07
2.21971e-06
-6.38826e-07
2.6791e-06
-8.68654e-07
3.05932e-06
-1.11437e-06
3.36173e-06
-1.36941e-06
3.58899e-06
-1.62796e-06
3.74477e-06
-1.88508e-06
3.83348e-06
-2.13662e-06
3.86001e-06
-2.37922e-06
3.82954e-06
-2.61021e-06
3.7473e-06
-2.82758e-06
3.61847e-06
-3.02983e-06
3.44803e-06
-3.21592e-06
3.24071e-06
-3.38519e-06
3.00093e-06
-3.53721e-06
2.73276e-06
-3.6718e-06
2.43994e-06
-3.78885e-06
2.12589e-06
-3.88835e-06
1.79376e-06
-3.97031e-06
1.44642e-06
-4.03467e-06
1.08656e-06
-4.08135e-06
7.16733e-07
-4.11017e-06
3.39403e-07
-4.12083e-06
-4.29722e-08
-4.11294e-06
-4.27884e-07
-4.08599e-06
-8.12696e-07
-4.03941e-06
-1.19458e-06
-3.97253e-06
-1.57045e-06
-3.88469e-06
-1.93687e-06
-3.77523e-06
-2.29005e-06
-3.64362e-06
-2.62575e-06
-3.4895e-06
-2.93926e-06
-3.3128e-06
-3.22538e-06
-3.11384e-06
-3.47846e-06
-2.89348e-06
-3.69238e-06
-2.65321e-06
-3.86072e-06
-2.39531e-06
-3.97679e-06
-2.12295e-06
-4.03388e-06
-1.84029e-06
-4.02543e-06
-1.55256e-06
-3.94534e-06
-1.26605e-06
-3.78824e-06
-9.88077e-07
-3.54987e-06
-7.26898e-07
-3.22737e-06
-4.91514e-07
-2.81963e-06
-2.91449e-07
-2.32757e-06
-1.36459e-07
-1.75422e-06
-3.6227e-08
-1.10486e-06
-3.87397e-07
-3.40783e-08
4.11439e-07
-1.27554e-07
1.1593e-06
-2.71163e-07
1.82493e-06
-4.55529e-07
2.40408e-06
-6.71505e-07
2.89508e-06
-9.10452e-07
3.29826e-06
-1.16444e-06
3.61572e-06
-1.42642e-06
3.85097e-06
-1.69029e-06
4.00864e-06
-1.95091e-06
4.0941e-06
-2.20411e-06
4.11321e-06
-2.44659e-06
4.07202e-06
-2.67588e-06
3.97659e-06
-2.89018e-06
3.83277e-06
-3.0883e-06
3.64614e-06
-3.2695e-06
3.42191e-06
-3.43343e-06
3.16486e-06
-3.58001e-06
2.87933e-06
-3.70932e-06
2.56925e-06
-3.82156e-06
2.23814e-06
-3.91697e-06
1.88917e-06
-3.99576e-06
1.52521e-06
-4.05806e-06
1.14887e-06
-4.10392e-06
7.62594e-07
-4.13324e-06
3.68724e-07
-4.14578e-06
-3.04391e-08
-4.14112e-06
-4.32544e-07
-4.1187e-06
-8.35115e-07
-4.07781e-06
-1.23547e-06
-4.01763e-06
-1.63063e-06
-3.93725e-06
-2.01725e-06
-3.83573e-06
-2.39157e-06
-3.71219e-06
-2.74929e-06
-3.5659e-06
-3.08556e-06
-3.39635e-06
-3.39493e-06
-3.20343e-06
-3.67137e-06
-2.98755e-06
-3.90826e-06
-2.74981e-06
-4.09846e-06
-2.49213e-06
-4.23448e-06
-2.21743e-06
-4.30858e-06
-1.92976e-06
-4.3131e-06
-1.63439e-06
-4.24071e-06
-1.33786e-06
-4.08476e-06
-1.04798e-06
-3.83974e-06
-7.73696e-07
-3.50166e-06
-5.24909e-07
-3.06842e-06
-3.12233e-07
-2.54024e-06
-1.46633e-07
-1.91982e-06
-3.90574e-08
-1.21244e-06
-4.26455e-07
-3.62355e-08
4.47674e-07
-1.35272e-07
1.25834e-06
-2.86814e-07
1.97647e-06
-4.80426e-07
2.59769e-06
-7.05972e-07
3.12062e-06
-9.53945e-07
3.54623e-06
-1.21572e-06
3.8775e-06
-1.48374e-06
4.11899e-06
-1.75156e-06
4.27646e-06
-2.01394e-06
4.35647e-06
-2.2667e-06
4.36597e-06
-2.50671e-06
4.31203e-06
-2.73172e-06
4.2016e-06
-2.94026e-06
4.04131e-06
-3.1315e-06
3.83738e-06
-3.30508e-06
3.59549e-06
-3.46104e-06
3.32082e-06
-3.59966e-06
3.01795e-06
-3.72138e-06
2.69097e-06
-3.82673e-06
2.34349e-06
-3.91622e-06
1.97866e-06
-3.99031e-06
1.5993e-06
-4.04934e-06
1.2079e-06
-4.09351e-06
8.06758e-07
-4.12281e-06
3.98032e-07
-4.13707e-06
-1.61798e-08
-4.13588e-06
-4.33739e-07
-4.11861e-06
-8.52384e-07
-4.08444e-06
-1.26963e-06
-4.03237e-06
-1.6827e-06
-3.96124e-06
-2.08839e-06
-3.86981e-06
-2.483e-06
-3.75682e-06
-2.86227e-06
-3.62111e-06
-3.22127e-06
-3.46168e-06
-3.55436e-06
-3.27791e-06
-3.85514e-06
-3.06969e-06
-4.11649e-06
-2.83757e-06
-4.33058e-06
-2.58303e-06
-4.48902e-06
-2.30861e-06
-4.58299e-06
-2.01815e-06
-4.60357e-06
-1.71688e-06
-4.54198e-06
-1.41152e-06
-4.39011e-06
-1.11035e-06
-4.14092e-06
-8.23048e-07
-3.78896e-06
-5.60519e-07
-3.33095e-06
-3.34607e-07
-2.76616e-06
-1.57676e-07
-2.09675e-06
-4.2154e-08
-1.32796e-06
-4.68608e-07
-3.86212e-08
4.86296e-07
-1.43742e-07
1.36346e-06
-3.03837e-07
2.13657e-06
-5.07217e-07
2.80107e-06
-7.42578e-07
3.35598e-06
-9.99416e-07
3.80307e-06
-1.26833e-06
4.14641e-06
-1.5412e-06
4.39186e-06
-1.81131e-06
4.54658e-06
-2.0733e-06
4.61846e-06
-2.32309e-06
4.61576e-06
-2.55778e-06
4.54672e-06
-2.77547e-06
4.41929e-06
-2.97509e-06
4.24093e-06
-3.15625e-06
4.01854e-06
-3.31907e-06
3.75831e-06
-3.46403e-06
3.46577e-06
-3.59184e-06
3.14576e-06
-3.70335e-06
2.80248e-06
-3.79944e-06
2.43958e-06
-3.88095e-06
2.06017e-06
-3.94861e-06
1.66695e-06
-4.00298e-06
1.26226e-06
-4.04442e-06
8.48204e-07
-4.07308e-06
4.2669e-07
-4.08883e-06
-4.30546e-10
-4.09128e-06
-4.31289e-07
-4.07977e-06
-8.63898e-07
-4.05335e-06
-1.29605e-06
-4.01086e-06
-1.72519e-06
-3.95089e-06
-2.14836e-06
-3.87188e-06
-2.56202e-06
-3.77216e-06
-2.96199e-06
-3.6501e-06
-3.34334e-06
-3.50415e-06
-3.7003e-06
-3.33311e-06
-4.02618e-06
-3.1362e-06
-4.31339e-06
-2.91338e-06
-4.55341e-06
-2.6655e-06
-4.7369e-06
-2.3946e-06
-4.85389e-06
-2.10415e-06
-4.89402e-06
-1.79921e-06
-4.84692e-06
-1.48664e-06
-4.70268e-06
-1.17512e-06
-4.45244e-06
-8.7508e-07
-4.089e-06
-5.98551e-07
-3.60748e-06
-3.58764e-07
-3.00594e-06
-1.69709e-07
-2.28581e-06
-4.55579e-08
-1.45211e-06
-5.14166e-07
-4.12942e-08
5.2759e-07
-1.53151e-07
1.47532e-06
-3.22559e-07
2.30598e-06
-5.36323e-07
3.01483e-06
-7.81756e-07
3.60142e-06
-1.0472e-06
4.06851e-06
-1.32237e-06
4.42158e-06
-1.59861e-06
4.6681e-06
-1.8689e-06
4.81687e-06
-2.12787e-06
4.87742e-06
-2.37162e-06
4.85952e-06
-2.59761e-06
4.77271e-06
-2.80439e-06
4.62606e-06
-2.9914e-06
4.42795e-06
-3.15881e-06
4.18595e-06
-3.30728e-06
3.90678e-06
-3.43781e-06
3.5963e-06
-3.55161e-06
3.25956e-06
-3.64998e-06
2.90085e-06
-3.73419e-06
2.52379e-06
-3.80542e-06
2.13141e-06
-3.86471e-06
1.72623e-06
-3.91285e-06
1.31041e-06
-3.95041e-06
8.85763e-07
-3.97766e-06
4.5394e-07
-3.99456e-06
1.64759e-08
-4.00077e-06
-4.25087e-07
-3.99557e-06
-8.69094e-07
-3.97795e-06
-1.31367e-06
-3.94656e-06
-1.75659e-06
-3.89974e-06
-2.19517e-06
-3.83562e-06
-2.62614e-06
-3.75212e-06
-3.04549e-06
-3.64707e-06
-3.44839e-06
-3.51836e-06
-3.82901e-06
-3.36407e-06
-4.18047e-06
-3.18273e-06
-4.49474e-06
-2.97348e-06
-4.76265e-06
-2.73646e-06
-4.97393e-06
-2.473e-06
-5.11735e-06
-2.18604e-06
-5.18099e-06
-1.88032e-06
-5.15264e-06
-1.56267e-06
-5.02032e-06
-1.24214e-06
-4.77298e-06
-9.29927e-07
-4.40121e-06
-6.39251e-07
-3.89815e-06
-3.84943e-07
-3.26025e-06
-1.82887e-07
-2.48786e-06
-4.93219e-08
-1.58568e-06
-5.63488e-07
-4.43313e-08
5.71921e-07
-1.6374e-07
1.59473e-06
-3.43397e-07
2.48563e-06
-5.68271e-07
3.23971e-06
-8.24028e-07
3.85717e-06
-1.09767e-06
4.34215e-06
-1.37795e-06
4.70187e-06
-1.65562e-06
4.94577e-06
-1.92346e-06
5.08471e-06
-2.17617e-06
5.13014e-06
-2.4102e-06
5.09355e-06
-2.62347e-06
4.98598e-06
-2.81513e-06
4.81772e-06
-2.98529e-06
4.59811e-06
-3.13475e-06
4.33541e-06
-3.26481e-06
4.03684e-06
-3.37709e-06
3.70858e-06
-3.47334e-06
3.35581e-06
-3.55533e-06
2.98285e-06
-3.62479e-06
2.59324e-06
-3.68324e-06
2.18987e-06
-3.73204e-06
1.77503e-06
-3.77225e-06
1.35061e-06
-3.80462e-06
9.18136e-07
-3.82959e-06
4.78908e-07
-3.84722e-06
3.41053e-08
-3.8572e-06
-4.15109e-07
-3.85882e-06
-8.67471e-07
-3.85098e-06
-1.3215e-06
-3.8322e-06
-1.77537e-06
-3.80059e-06
-2.22678e-06
-3.75395e-06
-2.67278e-06
-3.68978e-06
-3.10966e-06
-3.60539e-06
-3.53278e-06
-3.49802e-06
-3.93638e-06
-3.36502e-06
-4.31347e-06
-3.20404e-06
-4.65572e-06
-3.01335e-06
-4.95334e-06
-2.79212e-06
-5.19515e-06
-2.54084e-06
-5.36863e-06
-2.26166e-06
-5.46017e-06
-1.9588e-06
-5.4555e-06
-1.6389e-06
-5.34023e-06
-1.31122e-06
-5.10065e-06
-9.87722e-07
-4.7247e-06
-6.8292e-07
-4.20296e-06
-4.13446e-07
-3.52972e-06
-1.97407e-07
-2.7039e-06
-5.35139e-08
-1.72957e-06
-6.17002e-07
-4.78342e-08
6.19755e-07
-1.75824e-07
1.72272e-06
-3.6688e-07
2.67669e-06
-6.03718e-07
3.47655e-06
-8.7002e-07
4.12348e-06
-1.15123e-06
4.62336e-06
-1.43505e-06
4.98569e-06
-1.71168e-06
5.2224e-06
-1.97378e-06
5.3468e-06
-2.21627e-06
5.37264e-06
-2.43612e-06
5.3134e-06
-2.63192e-06
5.18178e-06
-2.80359e-06
4.98939e-06
-2.95201e-06
4.74653e-06
-3.07878e-06
4.46218e-06
-3.18595e-06
4.14401e-06
-3.27577e-06
3.7984e-06
-3.3506e-06
3.43064e-06
-3.41275e-06
3.045e-06
-3.46437e-06
2.64486e-06
-3.50738e-06
2.23288e-06
-3.54344e-06
1.81109e-06
-3.57387e-06
1.38104e-06
-3.59965e-06
9.43911e-07
-3.62135e-06
5.00614e-07
-3.63917e-06
5.1923e-08
-3.65285e-06
-4.01427e-07
-3.66171e-06
-8.58617e-07
-3.66458e-06
-1.31862e-06
-3.65987e-06
-1.78008e-06
-3.6455e-06
-2.24114e-06
-3.61897e-06
-2.69931e-06
-3.57738e-06
-3.15126e-06
-3.5175e-06
-3.59266e-06
-3.43592e-06
-4.01797e-06
-3.32916e-06
-4.42023e-06
-3.19394e-06
-4.79093e-06
-3.02749e-06
-5.1198e-06
-2.82785e-06
-5.39479e-06
-2.59439e-06
-5.60209e-06
-2.32824e-06
-5.72633e-06
-2.03281e-06
-5.75092e-06
-1.7143e-06
-5.65874e-06
-1.38202e-06
-5.43294e-06
-1.0486e-06
-5.05812e-06
-7.29918e-07
-4.52164e-06
-4.44652e-07
-3.81499e-06
-2.13526e-07
-2.93503e-06
-5.82232e-08
-1.88487e-06
-6.75225e-07
-5.19378e-08
6.71693e-07
-1.89812e-07
1.86059e-06
-3.93685e-07
2.88056e-06
-6.4347e-07
3.72633e-06
-9.20451e-07
4.40046e-06
-1.20828e-06
4.91119e-06
-1.49353e-06
5.27094e-06
-1.76591e-06
5.49477e-06
-2.01811e-06
5.599e-06
-2.24554e-06
5.60007e-06
-2.44588e-06
5.51374e-06
-2.61863e-06
5.35453e-06
-2.76466e-06
5.13542e-06
-2.88584e-06
4.86771e-06
-2.98466e-06
4.561e-06
-3.06398e-06
4.22332e-06
-3.1268e-06
3.86122e-06
-3.17611e-06
3.47995e-06
-3.21475e-06
3.08364e-06
-3.24532e-06
2.67543e-06
-3.27011e-06
2.25767e-06
-3.29109e-06
1.83207e-06
-3.30984e-06
1.39979e-06
-3.32754e-06
9.61603e-07
-3.34492e-06
5.17999e-07
-3.3623e-06
6.93017e-08
-3.37951e-06
-3.8422e-07
-3.39589e-06
-8.42234e-07
-3.41029e-06
-1.30423e-06
-3.42101e-06
-1.76936e-06
-3.42584e-06
-2.23632e-06
-3.42202e-06
-2.70313e-06
-3.40627e-06
-3.167e-06
-3.37489e-06
-3.62404e-06
-3.32377e-06
-4.06909e-06
-3.24861e-06
-4.49539e-06
-3.14512e-06
-4.89442e-06
-3.00931e-06
-5.2556e-06
-2.83794e-06
-5.56616e-06
-2.62898e-06
-5.81106e-06
-2.38221e-06
-5.97309e-06
-2.09992e-06
-6.03321e-06
-1.78749e-06
-5.97116e-06
-1.45402e-06
-5.76641e-06
-1.11267e-06
-5.39948e-06
-7.80682e-07
-4.85362e-06
-4.79047e-07
-4.11663e-06
-2.31576e-07
-3.1825e-06
-6.35687e-08
-2.05288e-06
-7.38794e-07
-5.68228e-08
7.28516e-07
-2.06241e-07
2.01001e-06
-4.24672e-07
3.09899e-06
-6.88507e-07
3.99017e-06
-9.76126e-07
4.68808e-06
-1.26912e-06
5.20419e-06
-1.55292e-06
5.55474e-06
-1.81687e-06
5.75872e-06
-2.05397e-06
5.8361e-06
-2.2604e-06
5.80649e-06
-2.43486e-06
5.6882e-06
-2.57804e-06
5.49771e-06
-2.69202e-06
5.2494e-06
-2.77978e-06
4.95547e-06
-2.84487e-06
4.62609e-06
-2.89104e-06
4.26949e-06
-2.92206e-06
3.89225e-06
-2.94158e-06
3.49947e-06
-2.95295e-06
3.09501e-06
-2.95921e-06
2.68168e-06
-2.96301e-06
2.26147e-06
-2.96658e-06
1.83565e-06
-2.97174e-06
1.40495e-06
-2.97985e-06
9.6971e-07
-2.9918e-06
5.29956e-07
-3.00804e-06
8.55379e-08
-3.02849e-06
-3.63772e-07
-3.05256e-06
-8.18164e-07
-3.07912e-06
-1.27767e-06
-3.10646e-06
-1.74202e-06
-3.13227e-06
-2.21051e-06
-3.1536e-06
-2.6818e-06
-3.1669e-06
-3.1537e-06
-3.16799e-06
-3.62296e-06
-3.15215e-06
-4.08493e-06
-3.11424e-06
-4.5333e-06
-3.0489e-06
-4.95976e-06
-2.95087e-06
-5.35364e-06
-2.81536e-06
-5.70166e-06
-2.63871e-06
-5.98771e-06
-2.41898e-06
-6.19282e-06
-2.15687e-06
-6.29532e-06
-1.85654e-06
-6.2715e-06
-1.52644e-06
-6.09651e-06
-1.17997e-06
-5.74595e-06
-8.35733e-07
-5.19786e-06
-5.17256e-07
-4.4351e-06
-2.52002e-07
-3.44775e-06
-6.97112e-08
-2.23517e-06
-8.08505e-07
-6.27344e-08
7.9125e-07
-2.25822e-07
2.1731e-06
-4.60936e-07
3.33411e-06
-7.40003e-07
4.26923e-06
-1.03788e-06
4.98596e-06
-1.33386e-06
5.50017e-06
-1.61225e-06
5.83313e-06
-1.86231e-06
6.00879e-06
-2.07776e-06
6.05155e-06
-2.25592e-06
5.98465e-06
-2.39695e-06
5.82923e-06
-2.50304e-06
5.6038e-06
-2.57772e-06
5.32407e-06
-2.62529e-06
5.00304e-06
-2.65044e-06
4.65123e-06
-2.65789e-06
4.27694e-06
-2.6522e-06
3.88657e-06
-2.63763e-06
3.4849e-06
-2.61803e-06
3.07541e-06
-2.59682e-06
2.66048e-06
-2.57696e-06
2.2416e-06
-2.5609e-06
1.81959e-06
-2.55064e-06
1.3947e-06
-2.54771e-06
9.6678e-07
-2.55315e-06
5.35388e-07
-2.56749e-06
9.98796e-08
-2.59078e-06
-3.4048e-07
-2.62253e-06
-7.86411e-07
-2.66169e-06
-1.23851e-06
-2.70657e-06
-1.69713e-06
-2.75486e-06
-2.16222e-06
-2.80353e-06
-2.63313e-06
-2.84881e-06
-3.10842e-06
-2.88618e-06
-3.58558e-06
-2.91039e-06
-4.06072e-06
-2.91551e-06
-4.52818e-06
-2.89512e-06
-4.98014e-06
-2.84259e-06
-5.40617e-06
-2.75147e-06
-5.79278e-06
-2.61613e-06
-6.12306e-06
-2.43254e-06
-6.3764e-06
-2.19929e-06
-6.52858e-06
-1.91869e-06
-6.55209e-06
-1.598e-06
-6.4172e-06
-1.2504e-06
-6.09354e-06
-8.95674e-07
-5.55259e-06
-5.60079e-07
-4.7707e-06
-2.75399e-07
-3.73243e-06
-7.68717e-08
-2.4337e-06
-8.85377e-07
-7.00102e-08
8.6126e-07
-2.49498e-07
2.35259e-06
-5.03863e-07
3.58847e-06
-7.99322e-07
4.56469e-06
-1.10649e-06
5.29312e-06
-1.40213e-06
5.7958e-06
-1.66965e-06
6.10066e-06
-1.89871e-06
6.23785e-06
-2.08424e-06
6.23708e-06
-2.22532e-06
6.12573e-06
-2.32403e-06
5.92794e-06
-2.38444e-06
5.66421e-06
-2.41179e-06
5.35142e-06
-2.41189e-06
5.00314e-06
-2.39063e-06
4.62997e-06
-2.35371e-06
4.24002e-06
-2.30645e-06
3.83931e-06
-2.25368e-06
3.43212e-06
-2.19966e-06
3.02139e-06
-2.1481e-06
2.60892e-06
-2.10218e-06
2.19568e-06
-2.06452e-06
1.78193e-06
-2.03725e-06
1.36742e-06
-2.02198e-06
9.51512e-07
-2.01986e-06
5.33269e-07
-2.03154e-06
1.11565e-07
-2.05719e-06
-3.14833e-07
-2.09643e-06
-7.47171e-07
-2.14833e-06
-1.18661e-06
-2.21133e-06
-1.63413e-06
-2.2832e-06
-2.09035e-06
-2.36094e-06
-2.55539e-06
-2.44071e-06
-3.02865e-06
-2.51779e-06
-3.5085e-06
-2.58653e-06
-3.99198e-06
-2.64034e-06
-4.47437e-06
-2.67184e-06
-4.94865e-06
-2.673e-06
-5.40501e-06
-2.6356e-06
-5.83017e-06
-2.55181e-06
-6.20685e-06
-2.41506e-06
-6.51316e-06
-2.22121e-06
-6.72242e-06
-1.97002e-06
-6.80328e-06
-1.66672e-06
-6.7205e-06
-1.3236e-06
-6.43667e-06
-9.61163e-07
-5.91502e-06
-6.08542e-07
-5.12332e-06
-3.02571e-07
-4.0384e-06
-8.53593e-08
-2.65091e-06
-9.70736e-07
-7.91247e-08
9.40385e-07
-2.78539e-07
2.552e-06
-5.55203e-07
3.86514e-06
-8.67988e-07
4.87748e-06
-1.18244e-06
5.60757e-06
-1.47275e-06
6.08611e-06
-1.72188e-06
6.34979e-06
-1.9206e-06
6.43657e-06
-2.06588e-06
6.38236e-06
-2.15926e-06
6.21911e-06
-2.20532e-06
5.974e-06
-2.21042e-06
5.66931e-06
-2.18178e-06
5.32278e-06
-2.1268e-06
4.94816e-06
-2.05262e-06
4.5558e-06
-1.96588e-06
4.15328e-06
-1.87255e-06
3.74598e-06
-1.7779e-06
3.33747e-06
-1.68649e-06
2.92998e-06
-1.60221e-06
2.52464e-06
-1.52832e-06
2.12179e-06
-1.46752e-06
1.72113e-06
-1.42196e-06
1.32186e-06
-1.39331e-06
9.22863e-07
-1.38277e-06
5.2273e-07
-1.39108e-06
1.19874e-07
-1.41851e-06
-2.87403e-07
-1.46484e-06
-7.00841e-07
-1.52931e-06
-1.12214e-06
-1.61057e-06
-1.55287e-06
-1.70657e-06
-1.99435e-06
-1.81448e-06
-2.44748e-06
-1.93057e-06
-2.91255e-06
-2.05013e-06
-3.38895e-06
-2.16728e-06
-3.87483e-06
-2.27501e-06
-4.36663e-06
-2.36512e-06
-4.85855e-06
-2.42832e-06
-5.34181e-06
-2.45459e-06
-5.8039e-06
-2.43372e-06
-6.22772e-06
-2.35618e-06
-6.59069e-06
-2.21447e-06
-6.86413e-06
-2.00486e-06
-7.0129e-06
-1.72947e-06
-6.99588e-06
-1.39863e-06
-6.76751e-06
-1.03284e-06
-6.28081e-06
-6.63945e-07
-5.49222e-06
-3.34619e-07
-4.36773e-06
-9.56159e-08
-2.88991e-06
-1.06635e-06
-9.0761e-08
1.03115e-06
-3.1467e-07
2.77591e-06
-6.17138e-07
4.1676e-06
-9.47555e-07
5.20789e-06
-1.26558e-06
5.92559e-06
-1.54305e-06
6.36359e-06
-1.76339e-06
6.57013e-06
-1.9196e-06
6.59277e-06
-2.01178e-06
6.47454e-06
-2.04484e-06
6.25217e-06
-2.02648e-06
5.95565e-06
-1.96578e-06
5.6086e-06
-1.87209e-06
5.2291e-06
-1.75447e-06
4.83054e-06
-1.62123e-06
4.42255e-06
-1.47978e-06
4.01183e-06
-1.33658e-06
3.60278e-06
-1.19716e-06
3.19806e-06
-1.0662e-06
2.79902e-06
-9.4759e-07
2.40603e-06
-8.44544e-07
2.01875e-06
-7.59682e-07
1.63626e-06
-6.95098e-07
1.25728e-06
-6.52418e-07
8.80184e-07
-6.32842e-07
5.03153e-07
-6.37158e-07
1.2419e-07
-6.65746e-07
-2.58815e-07
-7.18554e-07
-6.48033e-07
-7.95049e-07
-1.04565e-06
-8.9415e-07
-1.45377e-06
-1.01413e-06
-1.87438e-06
-1.15248e-06
-2.30913e-06
-1.3058e-06
-2.75923e-06
-1.46958e-06
-3.22517e-06
-1.63806e-06
-3.70635e-06
-1.80406e-06
-4.20064e-06
-1.95884e-06
-4.70376e-06
-2.09214e-06
-5.20851e-06
-2.19226e-06
-5.70377e-06
-2.24657e-06
-6.17342e-06
-2.24226e-06
-6.595e-06
-2.1678e-06
-6.93859e-06
-2.01491e-06
-7.16579e-06
-1.78124e-06
-7.22955e-06
-1.4736e-06
-7.07515e-06
-1.11117e-06
-6.64325e-06
-7.27909e-07
-5.87548e-06
-3.73066e-07
-4.72257e-06
-1.08289e-07
-3.15469e-06
-1.17464e-06
-1.05931e-07
1.13708e-06
-3.60262e-07
3.03024e-06
-6.92324e-07
4.49967e-06
-1.03932e-06
5.55489e-06
-1.35437e-06
6.24064e-06
-1.60782e-06
6.61704e-06
-1.78507e-06
6.74739e-06
-1.88303e-06
6.69073e-06
-1.90637e-06
6.49789e-06
-1.86441e-06
6.2102e-06
-1.76864e-06
5.85987e-06
-1.63112e-06
5.47109e-06
-1.46345e-06
5.06143e-06
-1.27618e-06
4.64327e-06
-1.0786e-06
4.22497e-06
-8.7864e-07
3.81187e-06
-6.82969e-07
3.40711e-06
-4.97118e-07
3.01221e-06
-3.25622e-07
2.62752e-06
-1.72172e-07
2.25258e-06
-3.97544e-08
1.88633e-06
6.92351e-08
1.52727e-06
1.52889e-07
1.17362e-06
2.09716e-07
8.23357e-07
2.38586e-07
4.74283e-07
2.38702e-07
1.24073e-07
2.09596e-07
-2.29708e-07
1.51141e-07
-5.89579e-07
6.36026e-08
-9.58107e-07
-5.22938e-08
-1.33788e-06
-1.95254e-07
-1.73142e-06
-3.63276e-07
-2.14111e-06
-5.53473e-07
-2.56904e-06
-7.6186e-07
-3.01678e-06
-9.83106e-07
-3.4851e-06
-1.21027e-06
-3.97348e-06
-1.43454e-06
-4.47949e-06
-1.64505e-06
-4.998e-06
-1.82881e-06
-5.52001e-06
-1.97092e-06
-6.0313e-06
-2.05522e-06
-6.5107e-06
-2.06558e-06
-6.92823e-06
-1.98804e-06
-7.24334e-06
-1.81407e-06
-7.40352e-06
-1.54483e-06
-7.34439e-06
-1.19601e-06
-6.99206e-06
-8.02363e-07
-6.26912e-06
-4.2003e-07
-5.10491e-06
-1.24353e-07
-3.45037e-06
-1.29899e-06
-1.26185e-07
1.26326e-06
-4.18596e-07
3.32265e-06
-7.83822e-07
4.86489e-06
-1.14363e-06
5.91469e-06
-1.44461e-06
6.54162e-06
-1.65749e-06
6.82992e-06
-1.7722e-06
6.8621e-06
-1.79188e-06
6.71041e-06
-1.72755e-06
6.43356e-06
-1.59401e-06
6.07667e-06
-1.40709e-06
5.67295e-06
-1.18195e-06
5.24595e-06
-9.32231e-07
4.81171e-06
-6.69671e-07
4.38071e-06
-4.04106e-07
3.9594e-06
-1.43589e-07
3.55135e-06
1.05386e-07
3.15814e-06
3.37634e-07
2.77996e-06
5.49051e-07
2.4161e-06
7.36399e-07
2.06523e-06
8.9713e-07
1.7256e-06
1.02923e-06
1.39517e-06
1.13112e-06
1.07174e-06
1.20153e-06
7.52946e-07
1.23948e-06
4.36331e-07
1.24422e-06
1.19334e-07
1.21521e-06
-2.007e-07
1.15215e-06
-5.26519e-07
1.05501e-06
-8.60963e-07
9.24082e-07
-1.20695e-06
7.60131e-07
-1.56746e-06
5.64495e-07
-1.94547e-06
3.39305e-07
-2.34385e-06
8.77267e-08
-2.76521e-06
-1.85732e-07
-3.21164e-06
-4.74856e-07
-3.68435e-06
-7.71329e-07
-4.18302e-06
-1.06432e-06
-4.70501e-06
-1.34017e-06
-5.24417e-06
-1.58224e-06
-5.78923e-06
-1.77124e-06
-6.3217e-06
-1.88615e-06
-6.81332e-06
-1.90638e-06
-7.22311e-06
-1.81525e-06
-7.49464e-06
-1.60544e-06
-7.5542e-06
-1.28589e-06
-7.31161e-06
-8.89407e-07
-6.6656e-06
-4.7847e-07
-5.51584e-06
-1.45323e-07
-3.78351e-06
-1.44432e-06
-1.53973e-07
1.41724e-06
-4.94194e-07
3.66287e-06
-8.94726e-07
5.26543e-06
-1.25851e-06
6.27847e-06
-1.52709e-06
6.8102e-06
-1.67528e-06
6.97812e-06
-1.70143e-06
6.88824e-06
-1.618e-06
6.62697e-06
-1.44428e-06
6.25984e-06
-1.20152e-06
5.83391e-06
-9.10042e-07
5.38148e-06
-5.87836e-07
4.92374e-06
-2.50037e-07
4.47391e-06
9.10455e-08
4.03963e-06
4.25654e-07
3.6248e-06
7.46193e-07
3.23081e-06
1.04684e-06
2.85749e-06
1.32317e-06
2.50363e-06
1.57184e-06
2.16743e-06
1.79034e-06
1.84673e-06
1.97677e-06
1.53917e-06
2.12967e-06
1.24228e-06
2.24789e-06
9.53518e-07
2.33051e-06
6.70324e-07
2.37676e-06
3.90076e-07
2.38599e-06
1.10104e-07
2.35763e-06
-1.72337e-07
2.29121e-06
-4.60092e-07
2.18637e-06
-7.56128e-07
2.04297e-06
-1.06355e-06
1.86113e-06
-1.38562e-06
1.6414e-06
-1.72574e-06
1.38494e-06
-2.08739e-06
1.09381e-06
-2.47407e-06
7.71269e-07
-2.88911e-06
4.22267e-07
-3.33535e-06
5.39327e-08
-3.81468e-06
-3.23792e-07
-4.32728e-06
-6.97514e-07
-4.87044e-06
-1.04983e-06
-5.43691e-06
-1.35906e-06
-6.01248e-06
-1.59963e-06
-6.57275e-06
-1.74368e-06
-7.07906e-06
-1.76456e-06
-7.47377e-06
-1.64298e-06
-7.67578e-06
-1.3764e-06
-7.5782e-06
-9.90792e-07
-7.05121e-06
-5.52466e-07
-5.95417e-06
-1.7362e-07
-4.16236e-06
-1.61794e-06
-1.93278e-07
1.61051e-06
-5.93123e-07
4.06272e-06
-1.02699e-06
5.69929e-06
-1.3767e-06
6.62818e-06
-1.58341e-06
7.01691e-06
-1.63253e-06
7.02723e-06
-1.53636e-06
6.79208e-06
-1.32031e-06
6.41092e-06
-1.0137e-06
5.95323e-06
-6.4458e-07
5.46478e-06
-2.37287e-07
4.97418e-06
1.88272e-07
4.49818e-06
6.16484e-07
4.0457e-06
1.03547e-06
3.62064e-06
1.43642e-06
3.22385e-06
1.81292e-06
2.85431e-06
2.1604e-06
2.51002e-06
2.47563e-06
2.1884e-06
2.7564e-06
1.88666e-06
3.00117e-06
1.60196e-06
3.20888e-06
1.33146e-06
3.37876e-06
1.07239e-06
3.51023e-06
8.22051e-07
3.60277e-06
5.77776e-07
3.65591e-06
3.36938e-07
3.66912e-06
9.68915e-08
3.64185e-06
-1.45062e-07
3.57347e-06
-3.91715e-07
3.46334e-06
-6.46002e-07
3.31084e-06
-9.11045e-07
3.1154e-06
-1.19019e-06
2.8767e-06
-1.48704e-06
2.59479e-06
-1.80547e-06
2.27034e-06
-2.14962e-06
1.90501e-06
-2.52378e-06
1.50191e-06
-2.93225e-06
1.06623e-06
-3.379e-06
6.05992e-07
-3.86705e-06
1.33063e-07
-4.39752e-06
-3.35851e-07
-4.968e-06
-7.782e-07
-5.57013e-06
-1.16505e-06
-6.1859e-06
-1.46163e-06
-6.78248e-06
-1.62999e-06
-7.30541e-06
-1.63527e-06
-7.6705e-06
-1.45706e-06
-7.75641e-06
-1.10652e-06
-7.40175e-06
-6.47414e-07
-6.41327e-06
-2.13209e-07
-4.59656e-06
-1.83115e-06
-2.50658e-07
1.86117e-06
-7.22837e-07
4.53489e-06
-1.17831e-06
6.15477e-06
-1.47984e-06
6.92972e-06
-1.57872e-06
7.11578e-06
-1.48138e-06
6.9299e-06
-1.22123e-06
6.53192e-06
-8.40037e-07
6.02973e-06
-3.77887e-07
5.49108e-06
1.31244e-07
4.95565e-06
6.60579e-07
4.44485e-06
1.19005e-06
3.96871e-06
1.70518e-06
3.53056e-06
2.1959e-06
3.12993e-06
2.65539e-06
2.76436e-06
3.07925e-06
2.43045e-06
3.46475e-06
2.12451e-06
3.81033e-06
1.84282e-06
4.11517e-06
1.58182e-06
4.37893e-06
1.33821e-06
4.60152e-06
1.10887e-06
4.78298e-06
8.90935e-07
4.92334e-06
6.81689e-07
5.02257e-06
4.7855e-07
5.08049e-06
2.79015e-07
5.09677e-06
8.06059e-08
5.0709e-06
-1.19186e-07
5.00214e-06
-3.22957e-07
4.88959e-06
-5.33448e-07
4.73215e-06
-7.5361e-07
4.52863e-06
-9.86669e-07
4.27779e-06
-1.23619e-06
3.97847e-06
-1.50616e-06
3.62984e-06
-1.80099e-06
3.23165e-06
-2.12559e-06
2.78472e-06
-2.48532e-06
2.29153e-06
-2.88581e-06
1.75714e-06
-3.33266e-06
1.19034e-06
-3.83072e-06
6.05196e-07
-4.38285e-06
2.27459e-08
-4.98768e-06
-5.2718e-07
-5.63597e-06
-1.00485e-06
-6.30482e-06
-1.36135e-06
-6.94891e-06
-1.5434e-06
-7.48844e-06
-1.50531e-06
-7.7945e-06
-1.23133e-06
-7.67573e-06
-7.69614e-07
-6.87499e-06
-2.70609e-07
-5.09557e-06
-2.10175e-06
-3.36752e-07
2.19793e-06
-8.90172e-07
5.08831e-06
-1.33438e-06
6.59897e-06
-1.52678e-06
7.12213e-06
-1.44916e-06
7.03816e-06
-1.14385e-06
6.62459e-06
-6.72621e-07
6.06069e-06
-9.5222e-08
5.45234e-06
5.39168e-07
4.85669e-06
1.1936e-06
4.30122e-06
1.84199e-06
3.79646e-06
2.46683e-06
3.34387e-06
3.05698e-06
2.94041e-06
3.60577e-06
2.58115e-06
4.10955e-06
2.26057e-06
4.56672e-06
1.97329e-06
4.9769e-06
1.71433e-06
5.34049e-06
1.47923e-06
5.65828e-06
1.26403e-06
5.93123e-06
1.06526e-06
6.1603e-06
8.79804e-07
6.34633e-06
7.04901e-07
6.49e-06
5.3802e-07
6.59174e-06
3.76812e-07
6.65171e-06
2.19046e-07
6.66978e-06
6.25396e-08
6.64549e-06
-9.48983e-08
6.57806e-06
-2.55531e-07
6.46637e-06
-4.21759e-07
6.30896e-06
-5.96196e-07
6.10403e-06
-7.81744e-07
5.84952e-06
-9.81682e-07
5.54313e-06
-1.19977e-06
5.18249e-06
-1.44034e-06
4.76534e-06
-1.70844e-06
4.28991e-06
-2.00989e-06
3.75545e-06
-2.35135e-06
3.16307e-06
-2.74028e-06
2.51697e-06
-3.18463e-06
1.82624e-06
-3.69212e-06
1.10725e-06
-4.26869e-06
3.86734e-07
-4.91546e-06
-2.94909e-07
-5.62317e-06
-8.81165e-07
-6.36265e-06
-1.30037e-06
-7.06924e-06
-1.47498e-06
-7.61989e-06
-1.34649e-06
-7.80422e-06
-9.2374e-07
-7.29774e-06
-3.56275e-07
-5.66303e-06
-2.45803e-06
-4.67158e-07
2.66508e-06
-1.09303e-06
5.71419e-06
-1.45057e-06
6.95652e-06
-1.43129e-06
7.10284e-06
-1.08154e-06
6.68841e-06
-4.96405e-07
6.03946e-06
2.30281e-07
5.334e-06
1.02419e-06
4.65843e-06
1.83293e-06
4.04795e-06
2.62247e-06
3.51168e-06
3.37223e-06
3.0467e-06
4.07087e-06
2.64523e-06
4.713e-06
2.29828e-06
5.29696e-06
1.9972e-06
5.82323e-06
1.73429e-06
6.29355e-06
1.50297e-06
6.71018e-06
1.2977e-06
7.07558e-06
1.11382e-06
7.39217e-06
9.47447e-07
7.66214e-06
7.95286e-07
7.88742e-06
6.54526e-07
8.06959e-06
5.22724e-07
8.2099e-06
3.9771e-07
8.3092e-06
2.77517e-07
8.36794e-06
1.60301e-07
8.3862e-06
4.42857e-08
8.3636e-06
-7.23017e-08
8.29936e-06
-1.91289e-07
8.19222e-06
-3.14622e-07
8.04046e-06
-4.44438e-07
7.84186e-06
-5.83139e-07
7.59367e-06
-7.33495e-07
7.29266e-06
-8.98753e-07
6.93509e-06
-1.08277e-06
6.51685e-06
-1.2902e-06
6.03363e-06
-1.52666e-06
5.48124e-06
-1.79896e-06
4.85627e-06
-2.11531e-06
4.15714e-06
-2.48549e-06
3.38578e-06
-2.92075e-06
2.55032e-06
-3.43323e-06
1.66908e-06
-4.03422e-06
7.76015e-07
-4.73011e-06
-7.27356e-08
-5.5139e-06
-7.93287e-07
-6.34869e-06
-1.27516e-06
-7.13801e-06
-1.401e-06
-7.67838e-06
-1.10343e-06
-7.59532e-06
-4.8495e-07
-6.28151e-06
-2.94298e-06
-6.56502e-07
3.32158e-06
-1.2924e-06
6.35009e-06
-1.41007e-06
7.07418e-06
-1.02129e-06
6.71406e-06
-2.82548e-07
5.94967e-06
6.48698e-07
5.10821e-06
1.65423e-06
4.32847e-06
2.65783e-06
3.65483e-06
3.61566e-06
3.09012e-06
4.50545e-06
2.6219e-06
5.31809e-06
2.23405e-06
6.05205e-06
1.91128e-06
6.70975e-06
1.64057e-06
7.29556e-06
1.41139e-06
7.81452e-06
1.21533e-06
8.27172e-06
1.04578e-06
8.67193e-06
8.97492e-07
9.01944e-06
7.6631e-07
9.31801e-06
6.48874e-07
9.57085e-06
5.4245e-07
9.78061e-06
4.44765e-07
9.94943e-06
3.53898e-07
1.0079e-05
2.68181e-07
1.01704e-05
1.86126e-07
1.02243e-05
1.06362e-07
1.0241e-05
2.75806e-08
1.02202e-05
-5.15138e-08
1.01612e-05
-1.32256e-07
1.00626e-05
-2.1607e-07
9.92272e-06
-3.0453e-07
9.73901e-06
-3.99429e-07
9.50837e-06
-5.02863e-07
9.22696e-06
-6.17338e-07
8.89009e-06
-7.45909e-07
8.49225e-06
-8.92358e-07
8.02701e-06
-1.06142e-06
7.48717e-06
-1.25912e-06
6.86496e-06
-1.4931e-06
6.15262e-06
-1.77316e-06
5.34364e-06
-2.11177e-06
4.43492e-06
-2.5245e-06
3.43072e-06
-3.03003e-06
2.34929e-06
-3.64867e-06
1.23292e-06
-4.39753e-06
1.61688e-07
-5.27745e-06
-7.33395e-07
-6.24293e-06
-1.27075e-06
-7.14102e-06
-1.26164e-06
-7.60443e-06
-6.68222e-07
-6.87493e-06
-3.6112e-06
-8.8803e-07
4.20961e-06
-1.33348e-06
6.79554e-06
-9.35244e-07
6.67594e-06
2.92323e-08
5.74959e-06
1.2609e-06
4.718e-06
2.55956e-06
3.80955e-06
3.81282e-06
3.07521e-06
4.96777e-06
2.49989e-06
6.00601e-06
2.05187e-06
6.92691e-06
1.701e-06
7.73789e-06
1.42306e-06
8.44936e-06
1.19981e-06
9.07213e-06
1.01781e-06
9.6163e-06
8.67214e-07
1.00908e-05
7.40791e-07
1.05035e-05
6.33155e-07
1.08607e-05
5.40246e-07
1.11681e-05
4.58961e-07
1.14301e-05
3.86879e-07
1.16504e-05
3.22081e-07
1.18322e-05
2.63015e-07
1.19777e-05
2.08389e-07
1.20888e-05
1.57106e-07
1.21667e-05
1.08201e-07
1.22122e-05
6.07956e-08
1.22258e-05
1.40604e-08
1.22071e-05
-3.28226e-08
1.21555e-05
-8.06936e-08
1.20699e-05
-1.30452e-07
1.19485e-05
-1.83097e-07
1.17888e-05
-2.39776e-07
1.15878e-05
-3.0185e-07
1.13414e-05
-3.70971e-07
1.10447e-05
-4.49192e-07
1.06915e-05
-5.39112e-07
1.02741e-05
-6.4409e-07
9.78354e-06
-7.68527e-07
9.20874e-06
-9.18289e-07
8.53688e-06
-1.1013e-06
7.7535e-06
-1.3284e-06
6.84347e-06
-1.61447e-06
5.79341e-06
-1.97997e-06
4.5971e-06
-2.45237e-06
3.26617e-06
-3.06661e-06
1.84942e-06
-3.8607e-06
4.62686e-07
-4.8562e-06
-6.76093e-07
-6.00224e-06
-1.23213e-06
-7.0484e-06
-8.81358e-07
-7.2257e-06
-4.49256e-06
-1.01533e-06
5.22495e-06
-7.47872e-07
6.52808e-06
5.83978e-07
5.34409e-06
2.29991e-06
4.03366e-06
4.01952e-06
2.99839e-06
5.58466e-06
2.2444e-06
6.94879e-06
1.71109e-06
8.1155e-06
1.33318e-06
9.10696e-06
1.06041e-06
9.94927e-06
8.58698e-07
1.06666e-05
7.05732e-07
1.12795e-05
5.86893e-07
1.18048e-05
4.92482e-07
1.22561e-05
4.15937e-07
1.26442e-05
3.52719e-07
1.29777e-05
2.99608e-07
1.32637e-05
2.54271e-07
1.35077e-05
2.14975e-07
1.37142e-05
1.80403e-07
1.38867e-05
1.49536e-07
1.40282e-05
1.2156e-07
1.41407e-05
9.58131e-08
1.42261e-05
7.17381e-08
1.42855e-05
4.88517e-08
1.43195e-05
2.67185e-08
1.43287e-05
4.92978e-09
1.43128e-05
-1.69152e-08
1.42713e-05
-3.92276e-08
1.42033e-05
-6.24483e-08
1.41073e-05
-8.70693e-08
1.39811e-05
-1.1366e-07
1.38222e-05
-1.42902e-07
1.36269e-05
-1.75634e-07
1.33906e-05
-2.12911e-07
1.31076e-05
-2.56097e-07
1.27705e-05
-3.0699e-07
1.237e-05
-3.68015e-07
1.18942e-05
-4.42513e-07
1.13281e-05
-5.35199e-07
1.06526e-05
-6.52892e-07
9.8438e-06
-8.05701e-07
8.87279e-06
-1.00895e-06
7.7067e-06
-1.28628e-06
6.3144e-06
-1.6743e-06
4.68182e-06
-2.22812e-06
2.84724e-06
-3.02162e-06
9.71005e-07
-4.126e-06
-5.42741e-07
-5.53465e-06
-9.63004e-07
-6.80543e-06
-5.45556e-06
-2.34976e-07
5.45992e-06
1.80398e-06
4.48912e-06
4.40146e-06
2.74662e-06
6.72176e-06
1.71336e-06
8.60683e-06
1.11332e-06
1.00972e-05
7.53982e-07
1.12737e-05
5.34625e-07
1.22108e-05
3.96115e-07
1.29667e-05
3.04434e-07
1.35847e-05
2.40741e-07
1.40959e-05
1.94532e-07
1.4523e-05
1.5975e-07
1.48828e-05
1.32745e-07
1.51875e-05
1.11226e-07
1.54465e-05
9.36897e-08
1.5667e-05
7.91161e-08
1.58545e-05
6.67862e-08
1.60133e-05
5.61794e-08
1.61468e-05
4.69078e-08
1.62577e-05
3.86751e-08
1.6348e-05
3.12484e-08
1.64193e-05
2.44403e-08
1.6473e-05
1.80945e-08
1.65098e-05
1.2077e-08
1.65302e-05
6.26766e-09
1.65346e-05
5.54268e-10
1.65228e-05
-5.17288e-09
1.64946e-05
-1.10259e-08
1.64493e-05
-1.71256e-08
1.63859e-05
-2.36072e-08
1.63028e-05
-3.0628e-08
1.61983e-05
-3.83779e-08
1.60698e-05
-4.70921e-08
1.59139e-05
-5.70711e-08
1.57265e-05
-6.87075e-08
1.55021e-05
-8.25276e-08
1.52333e-05
-9.92555e-08
1.49107e-05
-1.19916e-07
1.45215e-05
-1.46005e-07
1.40484e-05
-1.79796e-07
1.34676e-05
-2.24887e-07
1.27459e-05
-2.87249e-07
1.18369e-05
-3.77292e-07
1.06766e-05
-5.13946e-07
9.18066e-06
-7.32225e-07
7.25446e-06
-1.09542e-06
4.84335e-06
-1.7149e-06
2.10375e-06
-2.79506e-06
-1.0574e-07
-4.59594e-06
-5.5613e-06
5.45992e-06
9.94905e-06
1.26957e-05
1.4409e-05
1.55223e-05
1.62763e-05
1.68109e-05
1.72071e-05
1.75115e-05
1.77522e-05
1.79468e-05
1.81065e-05
1.82393e-05
1.83505e-05
1.84442e-05
1.85233e-05
1.85901e-05
1.86463e-05
1.86932e-05
1.87318e-05
1.87631e-05
1.87875e-05
1.88056e-05
1.88177e-05
1.8824e-05
1.88245e-05
1.88194e-05
1.88083e-05
1.87912e-05
1.87676e-05
1.8737e-05
1.86986e-05
1.86515e-05
1.85944e-05
1.85257e-05
1.84432e-05
1.83439e-05
1.8224e-05
1.8078e-05
1.78982e-05
1.76733e-05
1.73861e-05
1.70088e-05
1.64948e-05
1.57626e-05
1.46672e-05
1.29523e-05
1.01572e-05
5.5613e-06
)
;

boundaryField
{
    movingWall
    {
        type            calculated;
        value           uniform 0;
    }
    fixedWalls
    {
        type            calculated;
        value           uniform 0;
    }
    frontAndBack
    {
        type            empty;
        value           nonuniform List<scalar> 0();
    }
}


// ************************************************************************* //
