/*--------------------------------*- C++ -*----------------------------------*\
| =========                 |                                                 |
| \\      /  F ield         | OpenFOAM: The Open Source CFD Toolbox           |
|  \\    /   O peration     | Version:  v2012                                 |
|   \\  /    A nd           | Website:  www.openfoam.com                      |
|    \\/     M anipulation  |                                                 |
\*---------------------------------------------------------------------------*/
FoamFile
{
    version     2.0;
    format      ascii;
    class       volVectorField;
    location    "0.25";
    object      U;
}
// * * * * * * * * * * * * * * * * * * * * * * * * * * * * * * * * * * * * * //

dimensions      [0 1 -1 0 0 0 0];


internalField   nonuniform List<vector> 
2500
(
(3.2662e-05 -3.27929e-05 0)
(9.87346e-05 -4.0697e-05 0)
(0.000137255 -2.09665e-05 0)
(0.000106183 7.85684e-06 0)
(-8.7538e-06 3.77245e-05 0)
(-0.000206002 6.53319e-05 0)
(-0.000478224 8.93674e-05 0)
(-0.000815603 0.000109418 0)
(-0.0012072 0.00012546 0)
(-0.00164174 0.000137631 0)
(-0.00210808 0.000146138 0)
(-0.00259543 0.00015121 0)
(-0.00309348 0.00015309 0)
(-0.00359254 0.000152018 0)
(-0.00408355 0.000148233 0)
(-0.00455812 0.000141969 0)
(-0.00500855 0.000133454 0)
(-0.00542781 0.000122913 0)
(-0.00580962 0.000110564 0)
(-0.00614837 9.66272e-05 0)
(-0.00643917 8.13174e-05 0)
(-0.00667785 6.48523e-05 0)
(-0.00686099 4.74516e-05 0)
(-0.00698588 2.93393e-05 0)
(-0.00705059 1.07455e-05 0)
(-0.00705399 -8.09293e-06 0)
(-0.00699572 -2.69298e-05 0)
(-0.00687629 -4.55109e-05 0)
(-0.00669703 -6.35727e-05 0)
(-0.00646018 -8.08439e-05 0)
(-0.00616885 -9.70454e-05 0)
(-0.00582708 -0.000111892 0)
(-0.00543981 -0.000125097 0)
(-0.00501291 -0.000136369 0)
(-0.00455313 -0.000145425 0)
(-0.0040681 -0.000151985 0)
(-0.00356629 -0.00015578 0)
(-0.00305691 -0.000156556 0)
(-0.00254988 -0.000154078 0)
(-0.0020557 -0.000148132 0)
(-0.00158534 -0.000138535 0)
(-0.00115006 -0.000125139 0)
(-0.000761212 -0.00010785 0)
(-0.000429925 -8.66652e-05 0)
(-0.0001666 -6.17673e-05 0)
(1.99062e-05 -3.37447e-05 0)
(0.000123657 -4.07886e-06 0)
(0.000144835 2.37779e-05 0)
(9.97792e-05 4.17567e-05 0)
(3.21137e-05 3.20463e-05 0)
(4.10621e-05 -9.91733e-05 0)
(9.38671e-05 -9.29646e-05 0)
(4.54373e-05 1.44935e-05 0)
(-0.000168736 0.000161802 0)
(-0.000575606 0.000318247 0)
(-0.00117652 0.000467823 0)
(-0.0019591 0.000602206 0)
(-0.00290312 0.000717336 0)
(-0.00398391 0.000811474 0)
(-0.00517458 0.000884156 0)
(-0.00644744 0.000935659 0)
(-0.00777498 0.000966693 0)
(-0.0091304 0.000978235 0)
(-0.0104881 0.000971427 0)
(-0.0118237 0.00094751 0)
(-0.0131148 0.000907788 0)
(-0.0143403 0.000853602 0)
(-0.0154811 0.000786314 0)
(-0.01652 0.000707306 0)
(-0.0174416 0.000617972 0)
(-0.0182325 0.000519722 0)
(-0.0188812 0.000413988 0)
(-0.0193784 0.000302226 0)
(-0.0197167 0.000185925 0)
(-0.0198909 6.66136e-05 0)
(-0.0198981 -5.41401e-05 0)
(-0.0197374 -0.000174719 0)
(-0.0194103 -0.000293462 0)
(-0.0189207 -0.000408662 0)
(-0.0182748 -0.000518577 0)
(-0.0174814 -0.000621432 0)
(-0.0165515 -0.000715437 0)
(-0.0154989 -0.000798804 0)
(-0.0143393 -0.000869766 0)
(-0.0130913 -0.000926601 0)
(-0.0117754 -0.000967665 0)
(-0.0104143 -0.000991418 0)
(-0.00903249 -0.000996465 0)
(-0.00765629 -0.000981597 0)
(-0.00631311 -0.000945846 0)
(-0.00503126 -0.000888549 0)
(-0.00383929 -0.000809449 0)
(-0.00276527 -0.000708856 0)
(-0.00183568 -0.000587921 0)
(-0.00107395 -0.000449148 0)
(-0.000498133 -0.000297376 0)
(-0.000117623 -0.00014162 0)
(7.24102e-05 1.62825e-06 0)
(0.0001029 0.000101808 0)
(4.21404e-05 9.97907e-05 0)
(2.24812e-05 -0.000139237 0)
(-1.00555e-05 -4.57424e-05 0)
(-0.000234046 0.000239547 0)
(-0.000705789 0.000609095 0)
(-0.0014511 0.0010025 0)
(-0.0024715 0.00138343 0)
(-0.0037512 0.00173036 0)
(-0.00526312 0.00203118 0)
(-0.00697318 0.00227954 0)
(-0.00884329 0.00247271 0)
(-0.0108334 0.0026102 0)
(-0.012903 0.00269303 0)
(-0.0150122 0.00272315 0)
(-0.0171225 0.00270319 0)
(-0.0191969 0.0026362 0)
(-0.021201 0.00252551 0)
(-0.0231026 0.00237466 0)
(-0.0248724 0.00218734 0)
(-0.0264835 0.00196732 0)
(-0.0279123 0.00171846 0)
(-0.0291379 0.0014447 0)
(-0.0301428 0.00115007 0)
(-0.0309123 0.000838663 0)
(-0.0314352 0.000514686 0)
(-0.0317035 0.000182447 0)
(-0.0317126 -0.000153633 0)
(-0.0314615 -0.000489014 0)
(-0.0309527 -0.000819044 0)
(-0.0301922 -0.00113896 0)
(-0.0291899 -0.00144393 0)
(-0.0279594 -0.00172904 0)
(-0.0265179 -0.00198939 0)
(-0.0248865 -0.00222008 0)
(-0.0230899 -0.00241632 0)
(-0.0211561 -0.00257349 0)
(-0.0191169 -0.00268722 0)
(-0.0170066 -0.0027535 0)
(-0.0148626 -0.00276877 0)
(-0.0127244 -0.00273009 0)
(-0.010633 -0.0026353 0)
(-0.00863049 -0.00248323 0)
(-0.00675877 -0.00227401 0)
(-0.00505837 -0.00200958 0)
(-0.00356687 -0.00169435 0)
(-0.00231666 -0.00133648 0)
(-0.00133195 -0.000949837 0)
(-0.000624668 -0.00055746 0)
(-0.00018875 -0.000196592 0)
(7.07668e-06 7.27573e-05 0)
(2.53489e-05 0.000146437 0)
(-4.90643e-06 -0.000112243 0)
(-0.000153842 0.000164499 0)
(-0.000599964 0.000710131 0)
(-0.00137302 0.00137965 0)
(-0.0024877 0.00208497 0)
(-0.00394138 0.00276874 0)
(-0.00571341 0.00339436 0)
(-0.00777045 0.00393955 0)
(-0.0100709 0.00439158 0)
(-0.0125679 0.00474404 0)
(-0.0152117 0.00499484 0)
(-0.0179517 0.00514482 0)
(-0.0207374 0.00519684 0)
(-0.0235196 0.00515518 0)
(-0.0262513 0.0050251 0)
(-0.0288879 0.00481256 0)
(-0.031388 0.00452402 0)
(-0.0337134 0.00416627 0)
(-0.0358293 0.0037464 0)
(-0.037705 0.00327169 0)
(-0.0393133 0.00274964 0)
(-0.0406313 0.0021879 0)
(-0.04164 0.00159433 0)
(-0.0423248 0.000976966 0)
(-0.0426753 0.000344057 0)
(-0.0426857 -0.000295943 0)
(-0.0423548 -0.00093437 0)
(-0.0416858 -0.00156236 0)
(-0.040687 -0.00217087 0)
(-0.0393711 -0.00275072 0)
(-0.0377559 -0.00329266 0)
(-0.0358641 -0.00378745 0)
(-0.0337229 -0.00422592 0)
(-0.0313643 -0.00459916 0)
(-0.0288249 -0.0048986 0)
(-0.0261453 -0.00511622 0)
(-0.0233699 -0.00524474 0)
(-0.0205464 -0.00527784 0)
(-0.0177252 -0.00521047 0)
(-0.0149585 -0.00503915 0)
(-0.0122993 -0.00476244 0)
(-0.00979993 -0.00438149 0)
(-0.00751091 -0.00390094 0)
(-0.00547851 -0.00333009 0)
(-0.00374246 -0.00268476 0)
(-0.00233283 -0.00199023 0)
(-0.0012658 -0.00128563 0)
(-0.000538633 -0.000629862 0)
(-0.00012976 -0.000110786 0)
(-5.95605e-07 0.000130209 0)
(-3.36834e-05 -3.30974e-06 0)
(-0.000309973 0.000567724 0)
(-0.00100007 0.00145796 0)
(-0.00209754 0.002497 0)
(-0.00359938 0.00357456 0)
(-0.00549491 0.00461475 0)
(-0.00775648 0.00556649 0)
(-0.0103438 0.00639698 0)
(-0.0132081 0.0070863 0)
(-0.0162951 0.00762363 0)
(-0.0195469 0.00800463 0)
(-0.0229045 0.00822954 0)
(-0.0263087 0.00830197 0)
(-0.0297018 0.00822789 0)
(-0.033028 0.00801499 0)
(-0.0362346 0.00767223 0)
(-0.0392724 0.00720948 0)
(-0.0420956 0.00663729 0)
(-0.0446631 0.00596671 0)
(-0.0469379 0.00520924 0)
(-0.0488876 0.00437671 0)
(-0.0504846 0.0034813 0)
(-0.0517064 0.00253549 0)
(-0.0525354 0.00155209 0)
(-0.0529593 0.00054422 0)
(-0.0529713 -0.000474653 0)
(-0.0525697 -0.00149076 0)
(-0.0517588 -0.00249003 0)
(-0.0505484 -0.00345814 0)
(-0.0489538 -0.0043806 0)
(-0.0469965 -0.00524281 0)
(-0.0447034 -0.00603024 0)
(-0.0421072 -0.00672855 0)
(-0.0392461 -0.00732381 0)
(-0.0361634 -0.00780275 0)
(-0.0329074 -0.00815299 0)
(-0.0295307 -0.00836342 0)
(-0.0260898 -0.00842456 0)
(-0.0226441 -0.00832901 0)
(-0.0192548 -0.00807196 0)
(-0.0159839 -0.00765195 0)
(-0.0128928 -0.00707167 0)
(-0.0100401 -0.00633919 0)
(-0.00747986 -0.00546963 0)
(-0.00525886 -0.00448744 0)
(-0.00341391 -0.00342986 0)
(-0.00196771 -0.00235176 0)
(-0.000924829 -0.00133159 0)
(-0.000279951 -0.000480091 0)
(-2.81772e-05 3.54327e-05 0)
(-6.11425e-05 0.000188432 0)
(-0.000465667 0.00117259 0)
(-0.00140628 0.00249679 0)
(-0.00283705 0.00397561 0)
(-0.00473362 0.00548251 0)
(-0.00707431 0.00692651 0)
(-0.00982232 0.00824386 0)
(-0.0129293 0.0093919 0)
(-0.016339 0.0103436 0)
(-0.0199899 0.0110836 0)
(-0.0238169 0.011605 0)
(-0.0277536 0.0119073 0)
(-0.0317335 0.0119948 0)
(-0.0356914 0.0118751 0)
(-0.0395647 0.0115585 0)
(-0.0432935 0.0110575 0)
(-0.046822 0.0103855 0)
(-0.0500986 0.00955749 0)
(-0.0530762 0.00858904 0)
(-0.0557128 0.00749645 0)
(-0.0579716 0.00629662 0)
(-0.0598212 0.00500694 0)
(-0.061236 0.00364531 0)
(-0.062196 0.00223006 0)
(-0.0626871 0.000780032 0)
(-0.0627016 -0.000685501 0)
(-0.0622377 -0.00214682 0)
(-0.0613002 -0.00358381 0)
(-0.0599003 -0.00497602 0)
(-0.0580555 -0.00630278 0)
(-0.0557901 -0.00754335 0)
(-0.0531349 -0.00867708 0)
(-0.0501268 -0.00968368 0)
(-0.0468091 -0.0105435 0)
(-0.0432311 -0.0112379 0)
(-0.0394472 -0.0117495 0)
(-0.0355172 -0.0120629 0)
(-0.0315047 -0.0121652 0)
(-0.0274766 -0.0120463 0)
(-0.0235021 -0.0117001 0)
(-0.0196509 -0.0111252 0)
(-0.0159923 -0.010326 0)
(-0.0125924 -0.00931453 0)
(-0.00951281 -0.00811188 0)
(-0.00680787 -0.00675127 0)
(-0.00452236 -0.00528146 0)
(-0.00268776 -0.00377158 0)
(-0.00131892 -0.00231657 0)
(-0.000430434 -0.00104464 0)
(-5.45868e-05 -0.000139211 0)
(-8.64998e-05 0.000459712 0)
(-0.000615518 0.001978 0)
(-0.00180461 0.00382874 0)
(-0.00356864 0.0058191 0)
(-0.00586043 0.00781154 0)
(-0.00864533 0.00970366 0)
(-0.0118757 0.0114214 0)
(-0.0154939 0.0129136 0)
(-0.0194356 0.0141468 0)
(-0.0236318 0.0151014 0)
(-0.0280105 0.0157682 0)
(-0.0324985 0.0161459 0)
(-0.0370227 0.0162396 0)
(-0.0415117 0.0160588 0)
(-0.0458964 0.0156168 0)
(-0.0501114 0.0149293 0)
(-0.0540952 0.0140142 0)
(-0.0577909 0.0128911 0)
(-0.0611468 0.0115806 0)
(-0.0641168 0.0101044 0)
(-0.0666602 0.00848501 0)
(-0.0687424 0.00674561 0)
(-0.0703352 0.00491014 0)
(-0.0714165 0.00300316 0)
(-0.0719709 0.00104986 0)
(-0.0719897 -0.000923975 0)
(-0.071471 -0.00289198 0)
(-0.07042 -0.0048273 0)
(-0.0688489 -0.00670264 0)
(-0.066777 -0.00849047 0)
(-0.064231 -0.0101632 0)
(-0.0612444 -0.0116933 0)
(-0.0578581 -0.013054 0)
(-0.0541194 -0.0142192 0)
(-0.0500825 -0.0151643 0)
(-0.0458072 -0.0158665 0)
(-0.0413591 -0.0163057 0)
(-0.0368079 -0.016465 0)
(-0.0322274 -0.0163315 0)
(-0.0276935 -0.0158975 0)
(-0.0232833 -0.0151616 0)
(-0.019073 -0.0141301 0)
(-0.0151366 -0.0128186 0)
(-0.0115434 -0.0112541 0)
(-0.00835598 -0.00947803 0)
(-0.00562855 -0.00754964 0)
(-0.00340311 -0.00555028 0)
(-0.00170679 -0.00358815 0)
(-0.000575662 -0.00180416 0)
(-7.89809e-05 -0.000390793 0)
(-0.000109768 0.000806181 0)
(-0.000757919 0.00297842 0)
(-0.00218937 0.00544969 0)
(-0.00428175 0.00802466 0)
(-0.00696495 0.010559 0)
(-0.0101903 0.0129423 0)
(-0.0138981 0.0150927 0)
(-0.0180204 0.0169521 0)
(-0.0224839 0.0184819 0)
(-0.027212 0.019659 0)
(-0.0321255 0.0204722 0)
(-0.0371448 0.02092 0)
(-0.0421906 0.0210084 0)
(-0.0471857 0.0207491 0)
(-0.0520557 0.0201586 0)
(-0.05673 0.0192565 0)
(-0.0611424 0.0180653 0)
(-0.0652316 0.0166095 0)
(-0.0689421 0.0149152 0)
(-0.0722239 0.01301 0)
(-0.0750334 0.0109225 0)
(-0.0773335 0.00868214 0)
(-0.0790934 0.00631952 0)
(-0.0802896 0.00386588 0)
(-0.0809052 0.0013533 0)
(-0.0809309 -0.00118535 0)
(-0.0803644 -0.00371651 0)
(-0.0792112 -0.00620598 0)
(-0.0774843 -0.00861909 0)
(-0.0752043 -0.0109208 0)
(-0.0723996 -0.0130761 0)
(-0.0691063 -0.0150502 0)
(-0.065368 -0.0168089 0)
(-0.0612357 -0.0183194 0)
(-0.0567674 -0.0195504 0)
(-0.0520276 -0.0204733 0)
(-0.0470868 -0.0210627 0)
(-0.0420205 -0.0212973 0)
(-0.0369081 -0.0211612 0)
(-0.0318322 -0.0206447 0)
(-0.0268766 -0.0197461 0)
(-0.0221248 -0.0184731 0)
(-0.0176585 -0.0168445 0)
(-0.0135553 -0.0148927 0)
(-0.00988712 -0.0126666 0)
(-0.00671864 -0.0102341 0)
(-0.00410373 -0.00768694 0)
(-0.00208296 -0.00514362 0)
(-0.000714028 -0.00275402 0)
(-0.000101348 -0.000715228 0)
(-0.000131251 0.00122351 0)
(-0.000893078 0.00416681 0)
(-0.00255943 0.00735276 0)
(-0.00497316 0.0105864 0)
(-0.00804187 0.0137199 0)
(-0.0117024 0.0166374 0)
(-0.0158823 0.0192516 0)
(-0.0205023 0.0214996 0)
(-0.0254798 0.0233387 0)
(-0.0307299 0.0247434 0)
(-0.0361661 0.0257014 0)
(-0.0417022 0.0262114 0)
(-0.0472532 0.0262809 0)
(-0.0527364 0.0259243 0)
(-0.0580724 0.0251614 0)
(-0.0631862 0.0240162 0)
(-0.0680073 0.0225162 0)
(-0.072471 0.0206911 0)
(-0.0765182 0.0185732 0)
(-0.080096 0.0161961 0)
(-0.0831582 0.0135948 0)
(-0.0856654 0.0108058 0)
(-0.0875851 0.00786638 0)
(-0.0888921 0.00481505 0)
(-0.0895685 0.00169123 0)
(-0.0896043 -0.00146473 0)
(-0.0889968 -0.00461162 0)
(-0.0877516 -0.00770745 0)
(-0.0858821 -0.0107097 0)
(-0.0834099 -0.0135753 0)
(-0.0803646 -0.0162613 0)
(-0.0767843 -0.0187251 0)
(-0.0727148 -0.0209249 0)
(-0.0682099 -0.0228201 0)
(-0.0633311 -0.0243727 0)
(-0.0581466 -0.0255475 0)
(-0.0527315 -0.0263133 0)
(-0.0471662 -0.0266441 0)
(-0.0415358 -0.0265201 0)
(-0.0359289 -0.0259295 0)
(-0.0304362 -0.0248695 0)
(-0.0251485 -0.0233486 0)
(-0.0201557 -0.0213883 0)
(-0.0155445 -0.0190256 0)
(-0.0113968 -0.0163152 0)
(-0.00778892 -0.0133328 0)
(-0.00478737 -0.0101781 0)
(-0.00244674 -0.00697783 0)
(-0.000845879 -0.00388818 0)
(-0.000122004 -0.00110849 0)
(-0.000151321 0.0017079 0)
(-0.001022 0.00553616 0)
(-0.00291602 0.00953036 0)
(-0.00564381 0.0134974 0)
(-0.00909159 0.017288 0)
(-0.0131817 0.0207834 0)
(-0.0178284 0.0238927 0)
(-0.0229407 0.0265497 0)
(-0.028426 0.0287097 0)
(-0.0341907 0.0303455 0)
(-0.0401407 0.0314448 0)
(-0.0461833 0.0320073 0)
(-0.0522275 0.0320428 0)
(-0.0581855 0.0315687 0)
(-0.0639734 0.0306087 0)
(-0.069512 0.0291917 0)
(-0.0747274 0.0273504 0)
(-0.0795513 0.0251205 0)
(-0.083922 0.0225404 0)
(-0.0877841 0.0196503 0)
(-0.0910893 0.016492 0)
(-0.0937962 0.0131092 0)
(-0.0958708 0.00954631 0)
(-0.0972866 0.00584943 0)
(-0.0980249 0.0020656 0)
(-0.0980746 -0.00175699 0)
(-0.0974329 -0.00556913 0)
(-0.0961051 -0.00932071 0)
(-0.0941048 -0.0129609 0)
(-0.0914541 -0.0164384 0)
(-0.0881836 -0.0197018 0)
(-0.0843325 -0.0227002 0)
(-0.0799485 -0.0253835 0)
(-0.0750878 -0.0277033 0)
(-0.0698143 -0.029614 0)
(-0.0642 -0.0310732 0)
(-0.0583236 -0.0320435 0)
(-0.0522704 -0.0324934 0)
(-0.0461307 -0.0323988 0)
(-0.0399993 -0.0317447 0)
(-0.0339737 -0.0305268 0)
(-0.0281525 -0.0287538 0)
(-0.0226341 -0.0264487 0)
(-0.017515 -0.0236518 0)
(-0.0128882 -0.0204228 0)
(-0.0088419 -0.0168433 0)
(-0.00545627 -0.0130199 0)
(-0.00280006 -0.00908546 0)
(-0.000972469 -0.00520098 0)
(-0.00014136 -0.00156718 0)
(-0.000170343 0.00225632 0)
(-0.00114601 0.00708041 0)
(-0.0032615 0.0119755 0)
(-0.00629685 0.016751 0)
(-0.0101178 0.0212575 0)
(-0.0146322 0.025375 0)
(-0.019741 0.0290108 0)
(-0.0253412 0.0320973 0)
(-0.0313295 0.0345889 0)
(-0.0376031 0.0364583 0)
(-0.0440605 0.0376942 0)
(-0.0506018 0.0382984 0)
(-0.0571304 0.0382834 0)
(-0.0635534 0.0376705 0)
(-0.0697826 0.0364882 0)
(-0.075735 0.0347704 0)
(-0.0813333 0.0325557 0)
(-0.0865068 0.029886 0)
(-0.0911911 0.0268062 0)
(-0.0953289 0.0233636 0)
(-0.09887 0.019607 0)
(-0.101772 0.0155874 0)
(-0.103998 0.0113569 0)
(-0.105522 0.00696924 0)
(-0.106325 0.0024793 0)
(-0.106393 -0.00205662 0)
(-0.105724 -0.00658109 0)
(-0.104322 -0.0110356 0)
(-0.102202 -0.0153607 0)
(-0.0993856 -0.0194966 0)
(-0.0959033 -0.023383 0)
(-0.0917957 -0.0269603 0)
(-0.0871115 -0.0301698 0)
(-0.0819085 -0.0329546 0)
(-0.0762533 -0.0352608 0)
(-0.0702204 -0.0370385 0)
(-0.0638924 -0.0382433 0)
(-0.0573588 -0.0388373 0)
(-0.0507152 -0.0387915 0)
(-0.0440625 -0.0380868 0)
(-0.0375051 -0.0367166 0)
(-0.03115 -0.0346884 0)
(-0.0251048 -0.0320259 0)
(-0.0194761 -0.0287717 0)
(-0.0143687 -0.0249891 0)
(-0.00988377 -0.0207645 0)
(-0.00611524 -0.0162095 0)
(-0.00314615 -0.0114624 0)
(-0.00109543 -0.00668804 0)
(-0.000159835 -0.00208881 0)
(-0.000188644 0.0028665 0)
(-0.00126645 0.00879476 0)
(-0.0035987 0.0146825 0)
(-0.0069365 0.0203415 0)
(-0.0111258 0.0256232 0)
(-0.0160604 0.0304075 0)
(-0.0216276 0.0346017 0)
(-0.0277119 0.0381382 0)
(-0.0341994 0.0409718 0)
(-0.0409778 0.0430767 0)
(-0.0479374 0.0444436 0)
(-0.0549716 0.0450775 0)
(-0.0619777 0.0449946 0)
(-0.068858 0.0442211 0)
(-0.07552 0.0427904 0)
(-0.0818773 0.0407426 0)
(-0.0878498 0.0381224 0)
(-0.0933643 0.0349785 0)
(-0.0983544 0.0313627 0)
(-0.102761 0.0273293 0)
(-0.106533 0.0229348 0)
(-0.109626 0.0182375 0)
(-0.112003 0.0132974 0)
(-0.113636 0.00817587 0)
(-0.114505 0.00293604 0)
(-0.114597 -0.00235768 0)
(-0.113908 -0.00763946 0)
(-0.112442 -0.0128422 0)
(-0.110213 -0.0178978 0)
(-0.107242 -0.0227374 0)
(-0.103561 -0.0272918 0)
(-0.0992096 -0.0314922 0)
(-0.0942381 -0.0352708 0)
(-0.0887052 -0.0385617 0)
(-0.0826791 -0.0413023 0)
(-0.0762372 -0.0434343 0)
(-0.069465 -0.0449054 0)
(-0.0624563 -0.0456709 0)
(-0.055312 -0.0456954 0)
(-0.0481389 -0.044955 0)
(-0.0410489 -0.0434396 0)
(-0.0341575 -0.0411544 0)
(-0.027582 -0.0381227 0)
(-0.0214401 -0.034388 0)
(-0.0158487 -0.030016 0)
(-0.0109228 -0.0250966 0)
(-0.00677037 -0.0197459 0)
(-0.00348888 -0.0141063 0)
(-0.00121653 -0.00834678 0)
(-0.000177824 -0.00267185 0)
(-0.000206512 0.00353692 0)
(-0.00138465 0.0106759 0)
(-0.00393056 0.0176472 0)
(-0.00756736 0.0242648 0)
(-0.0121218 0.0303812 0)
(-0.0174736 0.0358777 0)
(-0.0234965 0.0406624 0)
(-0.0300624 0.0446692 0)
(-0.0370462 0.047855 0)
(-0.044326 0.0501965 0)
(-0.0517837 0.0516881 0)
(-0.0593056 0.0523388 0)
(-0.0667833 0.0521699 0)
(-0.074114 0.051213 0)
(-0.0812014 0.0495077 0)
(-0.0879559 0.0471004 0)
(-0.0942947 0.0440428 0)
(-0.100143 0.0403907 0)
(-0.105432 0.0362032 0)
(-0.110102 0.0315422 0)
(-0.1141 0.0264716 0)
(-0.117381 0.0210575 0)
(-0.119908 0.0153677 0)
(-0.121652 0.00947153 0)
(-0.122591 0.00344015 0)
(-0.122712 -0.00265374 0)
(-0.122011 -0.00873589 0)
(-0.12049 -0.0147306 0)
(-0.118163 -0.0205608 0)
(-0.11505 -0.0261485 0)
(-0.111183 -0.0314154 0)
(-0.106601 -0.0362832 0)
(-0.101355 -0.0406744 0)
(-0.0955038 -0.0445137 0)
(-0.0891175 -0.047729 0)
(-0.0822752 -0.0502529 0)
(-0.0750656 -0.0520243 0)
(-0.0675863 -0.0529906 0)
(-0.0599431 -0.0531092 0)
(-0.0522493 -0.0523502 0)
(-0.0446244 -0.0506983 0)
(-0.0371925 -0.0481556 0)
(-0.0300815 -0.0447435 0)
(-0.0234207 -0.0405051 0)
(-0.0173399 -0.0355074 0)
(-0.0119682 -0.0298427 0)
(-0.00742832 -0.0236306 0)
(-0.00383232 -0.0170176 0)
(-0.00133749 -0.0101766 0)
(-0.000195685 -0.00331572 0)
(-0.00022419 0.00426673 0)
(-0.00150182 0.0127217 0)
(-0.00425988 0.0208671 0)
(-0.00819401 0.0285183 0)
(-0.013112 0.0355293 0)
(-0.0188795 0.0417833 0)
(-0.0253565 0.0471906 0)
(-0.0324022 0.051688 0)
(-0.0398801 0.0552355 0)
(-0.0476583 0.0578143 0)
(-0.0556102 0.0594234 0)
(-0.063615 0.0600772 0)
(-0.0715584 0.0598032 0)
(-0.0793328 0.0586394 0)
(-0.0868383 0.0566325 0)
(-0.093982 0.0538361 0)
(-0.100679 0.0503094 0)
(-0.106853 0.0461156 0)
(-0.112434 0.0413218 0)
(-0.117362 0.0359974 0)
(-0.121582 0.0302142 0)
(-0.125049 0.024046 0)
(-0.127725 0.0175685 0)
(-0.129581 0.0108589 0)
(-0.130595 0.00399652 0)
(-0.130751 -0.00293785 0)
(-0.130046 -0.00986153 0)
(-0.12848 -0.0166901 0)
(-0.126067 -0.0233378 0)
(-0.122825 -0.0297173 0)
(-0.118785 -0.0357408 0)
(-0.113987 -0.0413202 0)
(-0.10848 -0.0463681 0)
(-0.102323 -0.0507991 0)
(-0.0955878 -0.0545311 0)
(-0.0883545 -0.0574865 0)
(-0.0807145 -0.0595946 0)
(-0.072769 -0.0607936 0)
(-0.0646289 -0.0610326 0)
(-0.0564136 -0.060274 0)
(-0.0482505 -0.0584966 0)
(-0.040273 -0.0556975 0)
(-0.0326198 -0.0518947 0)
(-0.0254324 -0.0471298 0)
(-0.0188544 -0.0414696 0)
(-0.0130295 -0.0350082 0)
(-0.00809592 -0.0278678 0)
(-0.00418051 -0.0201988 0)
(-0.00146001 -0.0121788 0)
(-0.000213745 -0.00402075 0)
(-0.000241891 0.00505569 0)
(-0.00161904 0.0149319 0)
(-0.00458929 0.0243416 0)
(-0.00882081 0.0331012 0)
(-0.0141024 0.0410667 0)
(-0.0202855 0.0481234 0)
(-0.0272162 0.0541852 0)
(-0.0347407 0.0591928 0)
(-0.0427107 0.0631111 0)
(-0.0509843 0.0659268 0)
(-0.0594263 0.067645 0)
(-0.0679086 0.0682872 0)
(-0.0763111 0.0678879 0)
(-0.0845216 0.066493 0)
(-0.0924366 0.064157 0)
(-0.0999607 0.0609416 0)
(-0.107007 0.056914 0)
(-0.113498 0.0521458 0)
(-0.119364 0.0467118 0)
(-0.124542 0.0406896 0)
(-0.128979 0.0341589 0)
(-0.132629 0.0272013 0)
(-0.135454 0.0199003 0)
(-0.137424 0.0123409 0)
(-0.138515 0.00461037 0)
(-0.138714 -0.0032025 0)
(-0.138013 -0.0110068 0)
(-0.136414 -0.0187095 0)
(-0.133927 -0.026216 0)
(-0.130571 -0.0334299 0)
(-0.126374 -0.0402535 0)
(-0.121375 -0.0465889 0)
(-0.115622 -0.0523383 0)
(-0.109174 -0.0574056 0)
(-0.102103 -0.0616977 0)
(-0.0944893 -0.0651264 0)
(-0.0864273 -0.0676101 0)
(-0.0780214 -0.0690765 0)
(-0.0693869 -0.0694648 0)
(-0.0606498 -0.0687288 0)
(-0.0519452 -0.0668392 0)
(-0.0434162 -0.0637866 0)
(-0.0352128 -0.0595843 0)
(-0.0274896 -0.0542708 0)
(-0.0204043 -0.0479115 0)
(-0.0141164 -0.0406012 0)
(-0.00877984 -0.0324644 0)
(-0.00453738 -0.0236554 0)
(-0.00158567 -0.0143568 0)
(-0.000232302 -0.00478815 0)
(-0.000259798 0.00590412 0)
(-0.00173731 0.0173068 0)
(-0.0049212 0.0280714 0)
(-0.00945181 0.0380145 0)
(-0.0150986 0.046994 0)
(-0.0216985 0.0548984 0)
(-0.0290834 0.0616459 0)
(-0.0370861 0.0671824 0)
(-0.0455464 0.0714793 0)
(-0.0543121 0.0745301 0)
(-0.0632391 0.0763478 0)
(-0.0721923 0.0769621 0)
(-0.0810457 0.0764163 0)
(-0.0896829 0.074765 0)
(-0.0979969 0.0720717 0)
(-0.105891 0.0684071 0)
(-0.113276 0.0638472 0)
(-0.120073 0.0584722 0)
(-0.126213 0.0523654 0)
(-0.131633 0.0456125 0)
(-0.136281 0.0383013 0)
(-0.140109 0.0305211 0)
(-0.143081 0.0223632 0)
(-0.145165 0.0139203 0)
(-0.146339 0.00528707 0)
(-0.146587 -0.00343972 0)
(-0.1459 -0.0121612 0)
(-0.14428 -0.0207761 0)
(-0.141734 -0.029181 0)
(-0.13828 -0.0372704 0)
(-0.133943 -0.0449371 0)
(-0.128761 -0.0520727 0)
(-0.12278 -0.0585688 0)
(-0.116059 -0.0643182 0)
(-0.108667 -0.0692159 0)
(-0.100687 -0.0731619 0)
(-0.0922144 -0.0760628 0)
(-0.0833558 -0.0778343 0)
(-0.0742314 -0.0784044 0)
(-0.0649732 -0.0777161 0)
(-0.0557244 -0.0757305 0)
(-0.046638 -0.0724301 0)
(-0.0378758 -0.0678216 0)
(-0.0296058 -0.0619387 0)
(-0.0220012 -0.0548443 0)
(-0.0152378 -0.0466327 0)
(-0.00948655 -0.0374303 0)
(-0.00490668 -0.0273952 0)
(-0.00171598 -0.0167159 0)
(-0.000251628 -0.00561991 0)
(-0.000278072 0.00681279 0)
(-0.00185749 0.0198484 0)
(-0.00525782 0.0320588 0)
(-0.0100907 0.0432605 0)
(-0.0161058 0.0533134 0)
(-0.0231249 0.0621097 0)
(-0.0309653 0.069573 0)
(-0.0394458 0.0756558 0)
(-0.0483942 0.0803372 0)
(-0.0576476 0.0836196 0)
(-0.0670532 0.0855253 0)
(-0.0764686 0.0860938 0)
(-0.0857624 0.0853786 0)
(-0.094814 0.0834443 0)
(-0.103514 0.0803647 0)
(-0.111763 0.0762203 0)
(-0.119472 0.0710967 0)
(-0.126562 0.0650833 0)
(-0.132964 0.0582721 0)
(-0.138615 0.0507574 0)
(-0.143464 0.0426349 0)
(-0.147465 0.0340017 0)
(-0.15058 0.0249564 0)
(-0.152779 0.0155991 0)
(-0.154038 0.00603197 0)
(-0.154342 -0.00364103 0)
(-0.15368 -0.0133133 0)
(-0.152052 -0.0228758 0)
(-0.149464 -0.0322165 0)
(-0.145929 -0.041221 0)
(-0.141473 -0.0497724 0)
(-0.13613 -0.057752 0)
(-0.129943 -0.0650405 0)
(-0.122969 -0.0715185 0)
(-0.115277 -0.0770691 0)
(-0.106949 -0.0815791 0)
(-0.0980795 -0.0849417 0)
(-0.0887795 -0.0870597 0)
(-0.0791723 -0.0878477 0)
(-0.069396 -0.0872362 0)
(-0.0596017 -0.0851747 0)
(-0.0499525 -0.0816356 0)
(-0.0406225 -0.0766168 0)
(-0.031794 -0.0701457 0)
(-0.0236563 -0.0622812 0)
(-0.0164026 -0.053116 0)
(-0.0102222 -0.0427778 0)
(-0.00529202 -0.0314285 0)
(-0.00185236 -0.0192631 0)
(-0.000271979 -0.0065188 0)
(-0.000296859 0.00778295 0)
(-0.00198043 0.0225596 0)
(-0.0056012 0.0363076 0)
(-0.0107411 0.0488431 0)
(-0.0171287 0.0600282 0)
(-0.0245704 0.0697595 0)
(-0.032868 0.077967 0)
(-0.0418259 0.0846114 0)
(-0.0512594 0.0896812 0)
(-0.0609947 0.0931892 0)
(-0.0708702 0.0951689 0)
(-0.0807365 0.0956714 0)
(-0.0904569 0.0947618 0)
(-0.0999072 0.0925165 0)
(-0.108975 0.0890206 0)
(-0.117562 0.0843653 0)
(-0.125576 0.0786468 0)
(-0.132942 0.0719641 0)
(-0.139588 0.0644186 0)
(-0.145456 0.0561129 0)
(-0.150494 0.0471509 0)
(-0.154658 0.0376371 0)
(-0.157911 0.0276774 0)
(-0.160224 0.0173788 0)
(-0.161571 0.00685008 0)
(-0.161937 -0.00379765 0)
(-0.161312 -0.0144508 0)
(-0.15969 -0.0249928 0)
(-0.157078 -0.0353038 0)
(-0.153485 -0.0452605 0)
(-0.148934 -0.0547367 0)
(-0.143454 -0.0636033 0)
(-0.137087 -0.0717296 0)
(-0.129887 -0.0789841 0)
(-0.121919 -0.0852364 0)
(-0.113265 -0.0903595 0)
(-0.104019 -0.0942321 0)
(-0.0942933 -0.0967417 0)
(-0.0842145 -0.0977881 0)
(-0.0739262 -0.0972871 0)
(-0.0635874 -0.0951744 0)
(-0.0533715 -0.0914097 0)
(-0.0434651 -0.0859804 0)
(-0.0340658 -0.0789053 0)
(-0.0253797 -0.0702375 0)
(-0.0176191 -0.060067 0)
(-0.0109927 -0.0485218 0)
(-0.00569681 -0.0357679 0)
(-0.00199616 -0.0220073 0)
(-0.000293601 -0.00748828 0)
(-0.000316297 0.00881623 0)
(-0.00210688 0.025444 0)
(-0.00595327 0.0408227 0)
(-0.0114061 0.0547675 0)
(-0.0181719 0.0671428 0)
(-0.0260403 0.0778507 0)
(-0.034797 0.0868287 0)
(-0.0442314 0.0940472 0)
(-0.0541456 0.0995061 0)
(-0.064355 0.103231 0)
(-0.0746889 0.105267 0)
(-0.0849911 0.105681 0)
(-0.09512 0.104549 0)
(-0.104948 0.101963 0)
(-0.114363 0.0980191 0)
(-0.123262 0.0928214 0)
(-0.131559 0.0864769 0)
(-0.139176 0.0790951 0)
(-0.146047 0.0707869 0)
(-0.152112 0.0616637 0)
(-0.157323 0.0518369 0)
(-0.161638 0.0414188 0)
(-0.16502 0.0305216 0)
(-0.167442 0.0192589 0)
(-0.168879 0.00774582 0)
(-0.169314 -0.00390057 0)
(-0.168736 -0.0155602 0)
(-0.167138 -0.0271096 0)
(-0.164522 -0.0384216 0)
(-0.160896 -0.0493646 0)
(-0.156278 -0.0598033 0)
(-0.150692 -0.0695984 0)
(-0.144177 -0.0786075 0)
(-0.136782 -0.0866866 0)
(-0.12857 -0.0936913 0)
(-0.119618 -0.0994795 0)
(-0.110022 -0.103914 0)
(-0.0998913 -0.106865 0)
(-0.0893571 -0.108215 0)
(-0.0785674 -0.107864 0)
(-0.0676884 -0.10573 0)
(-0.0569041 -0.101758 0)
(-0.046414 -0.0959229 0)
(-0.0364315 -0.0882316 0)
(-0.0271811 -0.0787299 0)
(-0.0188951 -0.0675033 0)
(-0.0118038 -0.0546795 0)
(-0.00612438 -0.0404282 0)
(-0.00214873 -0.024959 0)
(-0.00031673 -0.00853254 0)
(-0.000336522 0.00991464 0)
(-0.00223762 0.0285065 0)
(-0.00631597 0.0456104 0)
(-0.0120889 0.0610399 0)
(-0.0192396 0.0746625 0)
(-0.0275395 0.0863865 0)
(-0.0367571 0.0961583 0)
(-0.0466661 0.10396 0)
(-0.0570549 0.109805 0)
(-0.0677276 0.113733 0)
(-0.0785045 0.115805 0)
(-0.0892231 0.116103 0)
(-0.0997372 0.114719 0)
(-0.109917 0.111759 0)
(-0.119649 0.107335 0)
(-0.128832 0.101562 0)
(-0.137381 0.0945608 0)
(-0.145221 0.0864513 0)
(-0.152287 0.0773541 0)
(-0.158524 0.0673894 0)
(-0.163887 0.0566766 0)
(-0.168336 0.0453345 0)
(-0.171836 0.0334818 0)
(-0.174361 0.0212377 0)
(-0.175888 0.00872262 0)
(-0.176398 -0.00394079 0)
(-0.175879 -0.016627 0)
(-0.174322 -0.0292065 0)
(-0.171726 -0.0415455 0)
(-0.168096 -0.0535049 0)
(-0.163442 -0.0649407 0)
(-0.157787 -0.0757034 0)
(-0.151162 -0.0856394 0)
(-0.143611 -0.0945914 0)
(-0.135193 -0.1024 0)
(-0.12598 -0.108908 0)
(-0.116065 -0.113959 0)
(-0.105559 -0.117406 0)
(-0.0945925 -0.119112 0)
(-0.0833175 -0.118956 0)
(-0.0719075 -0.116838 0)
(-0.0605565 -0.112685 0)
(-0.0494775 -0.106453 0)
(-0.0389004 -0.0981389 0)
(-0.029069 -0.0877762 0)
(-0.020238 -0.0754447 0)
(-0.0126607 -0.0612705 0)
(-0.00657798 -0.0454263 0)
(-0.00231136 -0.0281301 0)
(-0.000341605 -0.0096564 0)
(-0.000357678 0.0110806 0)
(-0.00237347 0.0317528 0)
(-0.0066913 0.0506779 0)
(-0.012793 0.067668 0)
(-0.0203361 0.0825935 0)
(-0.0290728 0.0953703 0)
(-0.0387528 0.105956 0)
(-0.0491331 0.114345 0)
(-0.0599877 0.120568 0)
(-0.0711093 0.12468 0)
(-0.0823093 0.126763 0)
(-0.093419 0.126913 0)
(-0.104288 0.125243 0)
(-0.114787 0.121875 0)
(-0.1248 0.116934 0)
(-0.134229 0.110554 0)
(-0.142992 0.102865 0)
(-0.151017 0.0940006 0)
(-0.158244 0.0840906 0)
(-0.164622 0.0732642 0)
(-0.17011 0.0616481 0)
(-0.17467 0.0493677 0)
(-0.178272 0.0365471 0)
(-0.180891 0.0233104 0)
(-0.182504 0.00978253 0)
(-0.183094 -0.00390956 0)
(-0.182646 -0.0176358 0)
(-0.18115 -0.0312618 0)
(-0.178601 -0.044648 0)
(-0.174997 -0.0576487 0)
(-0.170347 -0.0701118 0)
(-0.164664 -0.0818783 0)
(-0.157975 -0.0927832 0)
(-0.150315 -0.102656 0)
(-0.141737 -0.111322 0)
(-0.132309 -0.118607 0)
(-0.122119 -0.124335 0)
(-0.111274 -0.128338 0)
(-0.0999056 -0.130457 0)
(-0.0881687 -0.130549 0)
(-0.0762429 -0.128491 0)
(-0.0643316 -0.124189 0)
(-0.0526616 -0.11758 0)
(-0.04148 -0.108641 0)
(-0.0310516 -0.0973947 0)
(-0.0216548 -0.0839121 0)
(-0.0135689 -0.0683159 0)
(-0.00706085 -0.0507813 0)
(-0.00248538 -0.0315346 0)
(-0.000368472 -0.0108654 0)
(-0.000379925 0.012317 0)
(-0.0025153 0.0351896 0)
(-0.00708146 0.0560341 0)
(-0.0135218 0.0746602 0)
(-0.021466 0.0909425 0)
(-0.0306449 0.104805 0)
(-0.0407881 0.116219 0)
(-0.0516345 0.125195 0)
(-0.0629431 0.131781 0)
(-0.0744946 0.136054 0)
(-0.0860919 0.138115 0)
(-0.0975605 0.138082 0)
(-0.108748 0.136087 0)
(-0.119522 0.13227 0)
(-0.129771 0.126777 0)
(-0.1394 0.119754 0)
(-0.14833 0.111348 0)
(-0.156494 0.101703 0)
(-0.163839 0.0909595 0)
(-0.170319 0.0792551 0)
(-0.175896 0.0667238 0)
(-0.180539 0.0534967 0)
(-0.184222 0.0397026 0)
(-0.186921 0.0254696 0)
(-0.188616 0.0109258 0)
(-0.189289 -0.00379872 0)
(-0.188924 -0.0185706 0)
(-0.18751 -0.0332517 0)
(-0.185035 -0.0476981 0)
(-0.181496 -0.0617585 0)
(-0.176892 -0.0752736 0)
(-0.171231 -0.0880757 0)
(-0.16453 -0.0999888 0)
(-0.156818 -0.110829 0)
(-0.148138 -0.120406 0)
(-0.13855 -0.128526 0)
(-0.128137 -0.134995 0)
(-0.117001 -0.13962 0)
(-0.105272 -0.142218 0)
(-0.0931062 -0.142619 0)
(-0.0806872 -0.140676 0)
(-0.0682283 -0.136267 0)
(-0.0559697 -0.129306 0)
(-0.0441765 -0.11975 0)
(-0.0331358 -0.107604 0)
(-0.0231524 -0.0929279 0)
(-0.0145337 -0.0758391 0)
(-0.00757631 -0.0565141 0)
(-0.00267219 -0.0351876 0)
(-0.000397593 -0.0121658 0)
(-0.00040345 0.0136272 0)
(-0.00266417 0.038825 0)
(-0.00748899 0.061689 0)
(-0.0142794 0.0820266 0)
(-0.0226345 0.0997169 0)
(-0.0322613 0.114695 0)
(-0.0428673 0.126945 0)
(-0.054172 0.1365 0)
(-0.0659185 0.143428 0)
(-0.0778754 0.147829 0)
(-0.0898371 0.149829 0)
(-0.101624 0.149569 0)
(-0.113082 0.147205 0)
(-0.124081 0.142898 0)
(-0.13451 0.136812 0)
(-0.144281 0.129112 0)
(-0.15332 0.119959 0)
(-0.161568 0.10951 0)
(-0.168977 0.0979149 0)
(-0.17551 0.0853211 0)
(-0.181135 0.0718687 0)
(-0.185826 0.0576936 0)
(-0.189562 0.0429285 0)
(-0.192322 0.0277039 0)
(-0.19409 0.0121501 0)
(-0.194847 -0.00360107 0)
(-0.194578 -0.0194146 0)
(-0.193266 -0.0351504 0)
(-0.190899 -0.0506612 0)
(-0.187465 -0.0657917 0)
(-0.182957 -0.0803767 0)
(-0.177374 -0.0942405 0)
(-0.170724 -0.107197 0)
(-0.163026 -0.119048 0)
(-0.154311 -0.12959 0)
(-0.144633 -0.138607 0)
(-0.134062 -0.145884 0)
(-0.122696 -0.151203 0)
(-0.110659 -0.154353 0)
(-0.0981069 -0.155135 0)
(-0.0852274 -0.15337 0)
(-0.0722414 -0.148907 0)
(-0.0594024 -0.141632 0)
(-0.0469944 -0.131476 0)
(-0.0353283 -0.118422 0)
(-0.0247372 -0.102515 0)
(-0.0155604 -0.0838647 0)
(-0.00812783 -0.0626475 0)
(-0.00287325 -0.0391062 0)
(-0.000429251 -0.0135645 0)
(-0.000428486 0.0150151 0)
(-0.00282133 0.0426681 0)
(-0.00791694 0.0676544 0)
(-0.0150708 0.0897784 0)
(-0.0238476 0.108925 0)
(-0.033928 0.125041 0)
(-0.0449951 0.13813 0)
(-0.0567471 0.148246 0)
(-0.0689104 0.155485 0)
(-0.0812412 0.159973 0)
(-0.0935259 0.161864 0)
(-0.105581 0.161327 0)
(-0.117252 0.158543 0)
(-0.128411 0.153698 0)
(-0.138953 0.146977 0)
(-0.148796 0.138564 0)
(-0.157874 0.128635 0)
(-0.166138 0.11736 0)
(-0.173547 0.104901 0)
(-0.180074 0.0914122 0)
(-0.185694 0.0770397 0)
(-0.19039 0.0619236 0)
(-0.194145 0.046199 0)
(-0.196943 0.0299977 0)
(-0.198771 0.0134505 0)
(-0.199612 -0.00331079 0)
(-0.199448 -0.0201512 0)
(-0.198263 -0.0369301 0)
(-0.196037 -0.0534992 0)
(-0.192754 -0.0697004 0)
(-0.188397 -0.0853643 0)
(-0.182957 -0.100309 0)
(-0.176431 -0.114337 0)
(-0.168823 -0.127242 0)
(-0.160156 -0.138799 0)
(-0.150468 -0.148776 0)
(-0.13982 -0.156932 0)
(-0.128298 -0.163023 0)
(-0.11602 -0.166807 0)
(-0.103139 -0.168051 0)
(-0.0898431 -0.166542 0)
(-0.0763605 -0.162092 0)
(-0.0629574 -0.154553 0)
(-0.0499366 -0.143825 0)
(-0.0376347 -0.129865 0)
(-0.0264158 -0.112697 0)
(-0.0166548 -0.0924192 0)
(-0.00871915 -0.0692065 0)
(-0.00309019 -0.043309 0)
(-0.000463769 -0.0150693 0)
(-0.000455322 0.0164854 0)
(-0.00298837 0.0467299 0)
(-0.00836909 0.073944 0)
(-0.0159018 0.0979284 0)
(-0.0251127 0.118575 0)
(-0.0356524 0.135845 0)
(-0.0471768 0.149765 0)
(-0.0593611 0.160416 0)
(-0.0719138 0.167922 0)
(-0.0845786 0.172445 0)
(-0.0971347 0.174168 0)
(-0.109396 0.173295 0)
(-0.121209 0.170034 0)
(-0.13245 0.164599 0)
(-0.143023 0.157197 0)
(-0.152855 0.148033 0)
(-0.161889 0.1373 0)
(-0.170086 0.125182 0)
(-0.17742 0.111851 0)
(-0.18387 0.0974678 0)
(-0.189424 0.0821845 0)
(-0.194071 0.0661438 0)
(-0.197803 0.0494818 0)
(-0.20061 0.0323301 0)
(-0.20248 0.0148182 0)
(-0.2034 -0.00292402 0)
(-0.203352 -0.0207636 0)
(-0.202315 -0.0385615 0)
(-0.200268 -0.0561702 0)
(-0.197185 -0.0734312 0)
(-0.193042 -0.0901725 0)
(-0.187819 -0.106207 0)
(-0.181498 -0.121331 0)
(-0.174073 -0.135322 0)
(-0.165548 -0.147945 0)
(-0.155947 -0.158944 0)
(-0.145317 -0.168055 0)
(-0.133731 -0.175002 0)
(-0.121297 -0.179512 0)
(-0.108159 -0.181312 0)
(-0.094506 -0.180149 0)
(-0.0805699 -0.175794 0)
(-0.0666286 -0.168057 0)
(-0.0530043 -0.1568 0)
(-0.0400602 -0.141946 0)
(-0.0281951 -0.123496 0)
(-0.0178231 -0.10153 0)
(-0.00935444 -0.076218 0)
(-0.00332487 -0.0478168 0)
(-0.000501517 -0.0166889 0)
(-0.000484332 0.0180435 0)
(-0.00316728 0.0510235 0)
(-0.00885022 0.0805739 0)
(-0.01678 0.106491 0)
(-0.0264389 0.128676 0)
(-0.0374435 0.147108 0)
(-0.0494189 0.161839 0)
(-0.0620153 0.172984 0)
(-0.0749223 0.180702 0)
(-0.087871 0.185194 0)
(-0.100634 0.186681 0)
(-0.113025 0.185401 0)
(-0.124894 0.181597 0)
(-0.136125 0.175512 0)
(-0.146631 0.167381 0)
(-0.15635 0.157429 0)
(-0.165241 0.145866 0)
(-0.173277 0.13289 0)
(-0.180444 0.118684 0)
(-0.186735 0.103416 0)
(-0.192149 0.0872406 0)
(-0.196685 0.0703025 0)
(-0.200344 0.0527374 0)
(-0.203122 0.0346746 0)
(-0.205012 0.0162404 0)
(-0.206003 -0.00243933 0)
(-0.206078 -0.0212358 0)
(-0.205214 -0.0400139 0)
(-0.203383 -0.0586294 0)
(-0.200555 -0.0769255 0)
(-0.196695 -0.0947299 0)
(-0.19177 -0.111853 0)
(-0.185749 -0.128084 0)
(-0.178609 -0.143192 0)
(-0.170337 -0.156924 0)
(-0.160939 -0.169007 0)
(-0.150441 -0.179148 0)
(-0.138902 -0.187044 0)
(-0.126414 -0.192379 0)
(-0.113112 -0.194842 0)
(-0.0991782 -0.194132 0)
(-0.0848468 -0.189971 0)
(-0.0704058 -0.18212 0)
(-0.0561962 -0.170395 0)
(-0.0426096 -0.154678 0)
(-0.030082 -0.134935 0)
(-0.0190719 -0.111226 0)
(-0.0100385 -0.0837113 0)
(-0.00357942 -0.0526524 0)
(-0.000542934 -0.0184329 0)
(-0.000516 0.0196963 0)
(-0.00336063 0.0555644 0)
(-0.00936642 0.0875635 0)
(-0.0177149 0.115485 0)
(-0.0278377 0.139239 0)
(-0.0393123 0.158828 0)
(-0.0517294 0.174338 0)
(-0.0647112 0.185919 0)
(-0.0779276 0.193778 0)
(-0.0910978 0.198157 0)
(-0.10399 0.199323 0)
(-0.116418 0.197554 0)
(-0.128239 0.193133 0)
(-0.139347 0.186335 0)
(-0.149669 0.177422 0)
(-0.159159 0.166642 0)
(-0.16779 0.154226 0)
(-0.175552 0.140384 0)
(-0.182447 0.125309 0)
(-0.188483 0.109173 0)
(-0.193672 0.0921345 0)
(-0.198024 0.0743386 0)
(-0.20155 0.055918 0)
(-0.204255 0.036998 0)
(-0.206136 0.0176994 0)
(-0.207187 -0.00185836 0)
(-0.20739 -0.021553 0)
(-0.20672 -0.041256 0)
(-0.205147 -0.0608288 0)
(-0.202632 -0.0801192 0)
(-0.199129 -0.0989573 0)
(-0.194593 -0.117153 0)
(-0.188977 -0.134492 0)
(-0.182239 -0.150734 0)
(-0.174347 -0.165615 0)
(-0.165283 -0.17884 0)
(-0.155054 -0.190091 0)
(-0.143696 -0.19903 0)
(-0.13128 -0.205302 0)
(-0.117927 -0.208548 0)
(-0.10381 -0.208415 0)
(-0.0891606 -0.204567 0)
(-0.0742738 -0.196709 0)
(-0.059509 -0.184597 0)
(-0.0452869 -0.168065 0)
(-0.0320842 -0.147035 0)
(-0.0204091 -0.121538 0)
(-0.0107768 -0.091718 0)
(-0.00385642 -0.0578411 0)
(-0.000588554 -0.0203123 0)
(-0.00055096 0.0214519 0)
(-0.00357176 0.0603718 0)
(-0.0099255 0.0949357 0)
(-0.0187184 0.124929 0)
(-0.0293236 0.150274 0)
(-0.0412727 0.171003 0)
(-0.0541176 0.187239 0)
(-0.0674501 0.199182 0)
(-0.0809192 0.207089 0)
(-0.0942331 0.211256 0)
(-0.107157 0.212 0)
(-0.11951 0.209649 0)
(-0.131158 0.204526 0)
(-0.142011 0.196942 0)
(-0.152013 0.187192 0)
(-0.161135 0.175548 0)
(-0.169371 0.162259 0)
(-0.176731 0.147547 0)
(-0.183233 0.131615 0)
(-0.188904 0.11464 0)
(-0.193769 0.0967811 0)
(-0.197853 0.0781807 0)
(-0.201178 0.0589675 0)
(-0.203756 0.0392603 0)
(-0.205594 0.0191721 0)
(-0.206687 -0.00118637 0)
(-0.20702 -0.0217021 0)
(-0.206567 -0.042256 0)
(-0.205292 -0.0627182 0)
(-0.20315 -0.0829437 0)
(-0.200085 -0.102768 0)
(-0.196036 -0.122005 0)
(-0.190941 -0.140437 0)
(-0.184737 -0.157821 0)
(-0.177369 -0.173879 0)
(-0.168794 -0.188298 0)
(-0.158992 -0.200736 0)
(-0.147971 -0.210818 0)
(-0.13578 -0.218148 0)
(-0.122517 -0.222312 0)
(-0.108339 -0.222899 0)
(-0.0934707 -0.219508 0)
(-0.0782115 -0.211773 0)
(-0.0629363 -0.199383 0)
(-0.0480957 -0.182108 0)
(-0.0342102 -0.159815 0)
(-0.0218438 -0.132495 0)
(-0.0115762 -0.100273 0)
(-0.00415902 -0.0634112 0)
(-0.000639038 -0.0223396 0)
(-0.000590047 0.0233206 0)
(-0.00380499 0.0654691 0)
(-0.0105375 0.102719 0)
(-0.0198061 0.134847 0)
(-0.0309146 0.161794 0)
(-0.0433417 0.183626 0)
(-0.0565949 0.200516 0)
(-0.0702325 0.212721 0)
(-0.0838826 0.220561 0)
(-0.0972438 0.224394 0)
(-0.110082 0.224598 0)
(-0.122223 0.221555 0)
(-0.133551 0.215634 0)
(-0.143993 0.207189 0)
(-0.153514 0.196545 0)
(-0.162109 0.184 0)
(-0.169796 0.169821 0)
(-0.176605 0.154246 0)
(-0.182577 0.13748 0)
(-0.187757 0.119707 0)
(-0.192187 0.101083 0)
(-0.195908 0.081747 0)
(-0.198953 0.0618206 0)
(-0.201345 0.041414 0)
(-0.203097 0.0206297 0)
(-0.20421 -0.000432827 0)
(-0.204672 -0.0216728 0)
(-0.204455 -0.0429831 0)
(-0.20352 -0.0642458 0)
(-0.201813 -0.0853267 0)
(-0.19927 -0.106071 0)
(-0.195816 -0.126296 0)
(-0.191368 -0.14579 0)
(-0.185844 -0.164306 0)
(-0.179161 -0.181557 0)
(-0.171249 -0.197216 0)
(-0.162056 -0.210914 0)
(-0.151558 -0.222241 0)
(-0.139773 -0.230756 0)
(-0.126769 -0.23599 0)
(-0.112683 -0.237461 0)
(-0.0977242 -0.234695 0)
(-0.08219 -0.227244 0)
(-0.0664681 -0.214715 0)
(-0.0510388 -0.196797 0)
(-0.0364696 -0.173289 0)
(-0.0233871 -0.14413 0)
(-0.012445 -0.109413 0)
(-0.00449113 -0.0693947 0)
(-0.000695221 -0.0245289 0)
(-0.000634365 0.025315 0)
(-0.00406598 0.0708853 0)
(-0.0112154 0.110947 0)
(-0.0209973 0.145268 0)
(-0.0326334 0.173812 0)
(-0.0455399 0.196688 0)
(-0.0591737 0.214131 0)
(-0.0730572 0.22647 0)
(-0.0867977 0.2341 0)
(-0.100087 0.237454 0)
(-0.112695 0.236979 0)
(-0.124463 0.233117 0)
(-0.135294 0.226294 0)
(-0.145141 0.216904 0)
(-0.153996 0.205308 0)
(-0.161883 0.191829 0)
(-0.168844 0.176753 0)
(-0.174936 0.160328 0)
(-0.180224 0.142766 0)
(-0.184773 0.124249 0)
(-0.188645 0.104932 0)
(-0.191897 0.0849456 0)
(-0.194574 0.0644036 0)
(-0.196711 0.0434043 0)
(-0.19833 0.0220374 0)
(-0.199436 0.000388125 0)
(-0.20002 -0.0214575 0)
(-0.200056 -0.0434078 0)
(-0.1995 -0.0653596 0)
(-0.198293 -0.087193 0)
(-0.19636 -0.108766 0)
(-0.193611 -0.129906 0)
(-0.189947 -0.150409 0)
(-0.18526 -0.170028 0)
(-0.179441 -0.188473 0)
(-0.172388 -0.205403 0)
(-0.164012 -0.220426 0)
(-0.154253 -0.233101 0)
(-0.143087 -0.242936 0)
(-0.130549 -0.249402 0)
(-0.116742 -0.251945 0)
(-0.101853 -0.250002 0)
(-0.0861704 -0.24303 0)
(-0.0700895 -0.230537 0)
(-0.0541183 -0.212112 0)
(-0.0388738 -0.187469 0)
(-0.0250523 -0.156475 0)
(-0.0133935 -0.11918 0)
(-0.00485774 -0.0758281 0)
(-0.000758177 -0.0268968 0)
(-0.000685385 0.0274512 0)
(-0.00436211 0.0766566 0)
(-0.011976 0.119661 0)
(-0.0223168 0.156225 0)
(-0.0345078 0.186339 0)
(-0.0478916 0.210171 0)
(-0.0618675 0.228034 0)
(-0.0759194 0.240345 0)
(-0.0896352 0.24759 0)
(-0.102704 0.25029 0)
(-0.114907 0.248974 0)
(-0.126107 0.244153 0)
(-0.136235 0.236311 0)
(-0.145274 0.225889 0)
(-0.153251 0.213285 0)
(-0.160221 0.198846 0)
(-0.166258 0.182873 0)
(-0.171449 0.165625 0)
(-0.175884 0.147316 0)
(-0.179649 0.128127 0)
(-0.182829 0.108206 0)
(-0.185495 0.0876747 0)
(-0.187709 0.0666342 0)
(-0.189516 0.0451694 0)
(-0.190946 0.0233542 0)
(-0.192012 0.00125735 0)
(-0.192709 -0.021053 0)
(-0.19301 -0.0435031 0)
(-0.192871 -0.0660082 0)
(-0.192226 -0.0884664 0)
(-0.190992 -0.110752 0)
(-0.189065 -0.132708 0)
(-0.186327 -0.154141 0)
(-0.182647 -0.174811 0)
(-0.177887 -0.194428 0)
(-0.171909 -0.212644 0)
(-0.164585 -0.229048 0)
(-0.15581 -0.243165 0)
(-0.145515 -0.254459 0)
(-0.133687 -0.262335 0)
(-0.120386 -0.266158 0)
(-0.105768 -0.265267 0)
(-0.0901009 -0.259009 0)
(-0.073779 -0.24677 0)
(-0.0573346 -0.228019 0)
(-0.0414358 -0.202358 0)
(-0.0268562 -0.169563 0)
(-0.014435 -0.129621 0)
(-0.0052653 -0.0827535 0)
(-0.00082931 -0.0294628 0)
(-0.000745078 0.0297498 0)
(-0.00470311 0.0828285 0)
(-0.0128408 0.128915 0)
(-0.0237959 0.167758 0)
(-0.0365722 0.199389 0)
(-0.0504249 0.224053 0)
(-0.0646886 0.242159 0)
(-0.078807 0.254237 0)
(-0.092352 0.260884 0)
(-0.105017 0.262725 0)
(-0.116603 0.260381 0)
(-0.127003 0.254444 0)
(-0.136184 0.245459 0)
(-0.14417 0.233918 0)
(-0.151027 0.220253 0)
(-0.156849 0.204835 0)
(-0.161744 0.18798 0)
(-0.165832 0.169951 0)
(-0.169228 0.150964 0)
(-0.172047 0.131193 0)
(-0.17439 0.110777 0)
(-0.176348 0.0898247 0)
(-0.177996 0.0684233 0)
(-0.179391 0.046641 0)
(-0.180574 0.0245337 0)
(-0.181562 0.0021506 0)
(-0.182355 -0.0204601 0)
(-0.18293 -0.0432459 0)
(-0.18324 -0.0661433 0)
(-0.183217 -0.0890718 0)
(-0.182768 -0.111926 0)
(-0.181779 -0.13457 0)
(-0.180114 -0.156826 0)
(-0.177619 -0.178467 0)
(-0.174126 -0.199209 0)
(-0.169459 -0.218703 0)
(-0.163448 -0.236524 0)
(-0.155937 -0.252169 0)
(-0.146801 -0.265058 0)
(-0.135972 -0.27453 0)
(-0.123454 -0.279863 0)
(-0.109356 -0.280288 0)
(-0.093912 -0.275021 0)
(-0.0775055 -0.263306 0)
(-0.0606855 -0.244463 0)
(-0.0441707 -0.217951 0)
(-0.0288196 -0.183425 0)
(-0.0155864 -0.140787 0)
(-0.00572222 -0.0902204 0)
(-0.000910488 -0.0322503 0)
(-0.000816114 0.0322369 0)
(-0.00510185 0.0894587 0)
(-0.0138378 0.13877 0)
(-0.0254738 0.179912 0)
(-0.0388675 0.212971 0)
(-0.0531705 0.238294 0)
(-0.0676453 0.256417 0)
(-0.0816956 0.268008 0)
(-0.0948837 0.273799 0)
(-0.106917 0.274539 0)
(-0.117628 0.270958 0)
(-0.126952 0.263732 0)
(-0.134904 0.253476 0)
(-0.141557 0.24073 0)
(-0.147023 0.225961 0)
(-0.15144 0.20956 0)
(-0.154956 0.191854 0)
(-0.157723 0.173107 0)
(-0.159888 0.15353 0)
(-0.161587 0.133288 0)
(-0.162945 0.112506 0)
(-0.164067 0.0912798 0)
(-0.165043 0.0696767 0)
(-0.165942 0.0477463 0)
(-0.166812 0.0255243 0)
(-0.16768 0.00303869 0)
(-0.16855 -0.0196852 0)
(-0.169401 -0.042618 0)
(-0.170188 -0.0657208 0)
(-0.17084 -0.0889376 0)
(-0.17126 -0.112189 0)
(-0.171322 -0.135361 0)
(-0.170876 -0.1583 0)
(-0.169747 -0.180798 0)
(-0.167736 -0.202587 0)
(-0.164633 -0.22332 0)
(-0.160219 -0.242569 0)
(-0.154282 -0.25981 0)
(-0.146637 -0.274422 0)
(-0.137144 -0.285681 0)
(-0.125739 -0.292773 0)
(-0.112466 -0.29481 0)
(-0.0975095 -0.290861 0)
(-0.0812241 -0.279999 0)
(-0.0641643 -0.261363 0)
(-0.0470959 -0.234229 0)
(-0.0309686 -0.198093 0)
(-0.0168699 -0.152737 0)
(-0.00623973 -0.0982876 0)
(-0.00100423 -0.0352879 0)
(-0.000902154 0.0349466 0)
(-0.00557549 0.0966202 0)
(-0.0150033 0.149306 0)
(-0.0274 0.19274 0)
(-0.0414423 0.22709 0)
(-0.0561601 0.252837 0)
(-0.0707367 0.270685 0)
(-0.08454 0.281475 0)
(-0.0971328 0.286103 0)
(-0.108252 0.285467 0)
(-0.117777 0.280413 0)
(-0.1257 0.271717 0)
(-0.132097 0.260061 0)
(-0.1371 0.246034 0)
(-0.140875 0.230133 0)
(-0.143609 0.212765 0)
(-0.145493 0.194261 0)
(-0.146713 0.174882 0)
(-0.147445 0.154827 0)
(-0.147851 0.134249 0)
(-0.148072 0.113255 0)
(-0.148231 0.0919222 0)
(-0.148429 0.0702977 0)
(-0.148746 0.0484097 0)
(-0.14924 0.0262717 0)
(-0.149942 0.0038881 0)
(-0.150863 -0.0187397 0)
(-0.151986 -0.0416078 0)
(-0.15327 -0.0647037 0)
(-0.154642 -0.0879995 0)
(-0.156003 -0.111444 0)
(-0.157222 -0.134952 0)
(-0.158136 -0.1584 0)
(-0.15855 -0.181605 0)
(-0.158243 -0.204321 0)
(-0.156965 -0.226218 0)
(-0.15445 -0.246872 0)
(-0.150429 -0.265749 0)
(-0.144644 -0.282194 0)
(-0.136877 -0.295426 0)
(-0.126977 -0.304539 0)
(-0.114903 -0.308517 0)
(-0.100765 -0.306264 0)
(-0.084869 -0.296654 0)
(-0.0677562 -0.278601 0)
(-0.0502301 -0.251153 0)
(-0.0333361 -0.213593 0)
(-0.0183146 -0.165538 0)
(-0.00683291 -0.107026 0)
(-0.00111403 -0.0386109 0)
(-0.0010083 0.0379234 0)
(-0.00614721 0.104406 0)
(-0.0163847 0.160619 0)
(-0.0296355 0.2063 0)
(-0.0443522 0.241736 0)
(-0.0594213 0.267595 0)
(-0.073944 0.284798 0)
(-0.0872608 0.294402 0)
(-0.0989532 0.297508 0)
(-0.108808 0.29518 0)
(-0.116772 0.288402 0)
(-0.122913 0.278048 0)
(-0.127383 0.264872 0)
(-0.130383 0.249505 0)
(-0.132142 0.232468 0)
(-0.132899 0.214176 0)
(-0.132888 0.194956 0)
(-0.132331 0.175058 0)
(-0.131432 0.154666 0)
(-0.130372 0.133913 0)
(-0.129312 0.112885 0)
(-0.128386 0.0916365 0)
(-0.127706 0.070192 0)
(-0.12736 0.0485565 0)
(-0.127413 0.0267198 0)
(-0.127904 0.00466207 0)
(-0.128847 -0.0176406 0)
(-0.130233 -0.040211 0)
(-0.132022 -0.0630647 0)
(-0.134147 -0.0862035 0)
(-0.13651 -0.109608 0)
(-0.138975 -0.133227 0)
(-0.141375 -0.15697 0)
(-0.143502 -0.180689 0)
(-0.145111 -0.20417 0)
(-0.145921 -0.22711 0)
(-0.145621 -0.249101 0)
(-0.14388 -0.269612 0)
(-0.140365 -0.287971 0)
(-0.134765 -0.303345 0)
(-0.126828 -0.314744 0)
(-0.116404 -0.32102 0)
(-0.103501 -0.320894 0)
(-0.088343 -0.31301 0)
(-0.0714323 -0.296012 0)
(-0.0535923 -0.268656 0)
(-0.0359631 -0.229946 0)
(-0.0199587 -0.179269 0)
(-0.00752242 -0.116523 0)
(-0.00124475 -0.042264 0)
(-0.00114183 0.041226 0)
(-0.00684867 0.112937 0)
(-0.0180441 0.172825 0)
(-0.032256 0.220652 0)
(-0.0476573 0.256881 0)
(-0.0629704 0.282437 0)
(-0.0772155 0.298524 0)
(-0.0897247 0.306481 0)
(-0.100125 0.307646 0)
(-0.108281 0.30328 0)
(-0.114237 0.294514 0)
(-0.118156 0.282323 0)
(-0.12028 0.267526 0)
(-0.120894 0.250789 0)
(-0.120292 0.232646 0)
(-0.118769 0.213509 0)
(-0.116602 0.193691 0)
(-0.114044 0.173423 0)
(-0.111325 0.152867 0)
(-0.108643 0.132127 0)
(-0.10617 0.111268 0)
(-0.104051 0.0903159 0)
(-0.102404 0.0692721 0)
(-0.101323 0.0481165 0)
(-0.100877 0.0268147 0)
(-0.101111 0.00532221 0)
(-0.102046 -0.0164104 0)
(-0.103676 -0.0384325 0)
(-0.105969 -0.0607883 0)
(-0.108865 -0.0835109 0)
(-0.112269 -0.106614 0)
(-0.116051 -0.130085 0)
(-0.120042 -0.153871 0)
(-0.124027 -0.177867 0)
(-0.127748 -0.201899 0)
(-0.130899 -0.225705 0)
(-0.133127 -0.248909 0)
(-0.134045 -0.271 0)
(-0.13324 -0.291304 0)
(-0.130302 -0.308958 0)
(-0.124857 -0.322896 0)
(-0.116622 -0.331841 0)
(-0.105469 -0.334323 0)
(-0.0915009 -0.328723 0)
(-0.075139 -0.313363 0)
(-0.0571972 -0.28663 0)
(-0.0388997 -0.247159 0)
(-0.0218534 -0.194015 0)
(-0.00833695 -0.126888 0)
(-0.00140344 -0.0463049 0)
(-0.00131337 0.044933 0)
(-0.00772394 0.122367 0)
(-0.0200632 0.186065 0)
(-0.0353529 0.235853 0)
(-0.0514175 0.272457 0)
(-0.0667963 0.297161 0)
(-0.080443 0.31155 0)
(-0.0917132 0.317306 0)
(-0.10032 0.316058 0)
(-0.106247 0.309285 0)
(-0.109663 0.29827 0)
(-0.110857 0.284086 0)
(-0.110177 0.267604 0)
(-0.107996 0.249512 0)
(-0.104681 0.230339 0)
(-0.10058 0.210482 0)
(-0.0960086 0.190229 0)
(-0.0912481 0.169779 0)
(-0.0865441 0.149263 0)
(-0.0821075 0.128757 0)
(-0.0781164 0.108293 0)
(-0.0747191 0.0878704 0)
(-0.0720363 0.0674643 0)
(-0.0701632 0.0470297 0)
(-0.0691714 0.026508 0)
(-0.0691092 0.00583077 0)
(-0.0700021 -0.0150757 0)
(-0.0718519 -0.0362867 0)
(-0.0746349 -0.0578744 0)
(-0.0782989 -0.0799026 0)
(-0.08276 -0.10242 0)
(-0.0878979 -0.125453 0)
(-0.09355 -0.148992 0)
(-0.0995063 -0.17298 0)
(-0.105503 -0.197295 0)
(-0.11122 -0.221726 0)
(-0.116274 -0.24595 0)
(-0.120226 -0.269494 0)
(-0.12259 -0.291707 0)
(-0.122849 -0.311721 0)
(-0.120498 -0.328417 0)
(-0.11509 -0.340402 0)
(-0.106322 -0.346011 0)
(-0.0941235 -0.34334 0)
(-0.0787809 -0.330327 0)
(-0.061048 -0.304904 0)
(-0.0422059 -0.265216 0)
(-0.0240671 -0.209877 0)
(-0.0093171 -0.138257 0)
(-0.00160051 -0.0508096 0)
(-0.00153896 0.0491513 0)
(-0.00883552 0.132896 0)
(-0.02255 0.200506 0)
(-0.0390335 0.25194 0)
(-0.0556792 0.288331 0)
(-0.0708355 0.311468 0)
(-0.083423 0.323436 0)
(-0.092876 0.326349 0)
(-0.0990515 0.322169 0)
(-0.102102 0.312614 0)
(-0.102364 0.299115 0)
(-0.100272 0.282829 0)
(-0.0962977 0.264658 0)
(-0.0909074 0.245288 0)
(-0.0845382 0.225226 0)
(-0.0775849 0.204833 0)
(-0.0703945 0.184357 0)
(-0.0632661 0.163957 0)
(-0.0564537 0.143725 0)
(-0.0501704 0.123699 0)
(-0.0445928 0.103879 0)
(-0.0398659 0.0842357 0)
(-0.0361067 0.0647163 0)
(-0.0334075 0.045252 0)
(-0.0318387 0.0257611 0)
(-0.0314498 0.00615352 0)
(-0.0322702 -0.0136669 0)
(-0.0343085 -0.0337988 0)
(-0.0375508 -0.0543403 0)
(-0.0419577 -0.0753844 0)
(-0.0474604 -0.0970137 0)
(-0.0539548 -0.119293 0)
(-0.0612951 -0.14226 0)
(-0.0692854 -0.16591 0)
(-0.0776714 -0.190182 0)
(-0.0861311 -0.214929 0)
(-0.094268 -0.239896 0)
(-0.101606 -0.264677 0)
(-0.107593 -0.288672 0)
(-0.111613 -0.311041 0)
(-0.113016 -0.330645 0)
(-0.111175 -0.346008 0)
(-0.105563 -0.355281 0)
(-0.0958774 -0.35626 0)
(-0.0821908 -0.346448 0)
(-0.0651204 -0.323214 0)
(-0.0459492 -0.284059 0)
(-0.0266909 -0.226963 0)
(-0.0105215 -0.150807 0)
(-0.00185189 -0.0558806 0)
(-0.0018438 0.054029 0)
(-0.0102741 0.144783 0)
(-0.0256468 0.216332 0)
(-0.043416 0.268907 0)
(-0.0604507 0.304264 0)
(-0.0749251 0.324908 0)
(-0.0857957 0.33358 0)
(-0.0926613 0.33292 0)
(-0.0956033 0.32527 0)
(-0.0950064 0.312584 0)
(-0.0914156 0.296428 0)
(-0.0854361 0.27801 0)
(-0.0776691 0.258232 0)
(-0.0686731 0.237747 0)
(-0.0589457 0.217013 0)
(-0.0489169 0.196336 0)
(-0.0389508 0.175908 0)
(-0.0293506 0.155837 0)
(-0.0203661 0.136167 0)
(-0.0122013 0.116896 0)
(-0.00502132 0.0979884 0)
(0.0010405 0.0793845 0)
(0.00587765 0.0610063 0)
(0.00940595 0.0427624 0)
(0.0115604 0.024551 0)
(0.012293 0.00626313 0)
(0.0115721 -0.012216 0)
(0.00938245 -0.0310051 0)
(0.00572677 -0.0502239 0)
(0.00062876 -0.0699915 0)
(-0.00586258 -0.0904213 0)
(-0.0136668 -0.111616 0)
(-0.0226641 -0.133658 0)
(-0.0326855 -0.1566 0)
(-0.0435013 -0.180445 0)
(-0.054808 -0.205124 0)
(-0.0662147 -0.230468 0)
(-0.0772311 -0.25616 0)
(-0.0872603 -0.28169 0)
(-0.0956003 -0.306285 0)
(-0.101463 -0.328841 0)
(-0.104021 -0.347841 0)
(-0.102487 -0.361294 0)
(-0.096254 -0.366702 0)
(-0.0850803 -0.36109 0)
(-0.0693328 -0.341153 0)
(-0.0501964 -0.303554 0)
(-0.0298462 -0.245382 0)
(-0.0120364 -0.164762 0)
(-0.00218287 -0.06166 0)
(-0.00226902 0.0597764 0)
(-0.0121744 0.158367 0)
(-0.0295394 0.233739 0)
(-0.0486131 0.286654 0)
(-0.0656518 0.31984 0)
(-0.0787235 0.336809 0)
(-0.0869463 0.341153 0)
(-0.0902122 0.336135 0)
(-0.0889319 0.324494 0)
(-0.0837935 0.308409 0)
(-0.0755895 0.289531 0)
(-0.0651098 0.269072 0)
(-0.0530816 0.247887 0)
(-0.0401417 0.226559 0)
(-0.0268285 0.205466 0)
(-0.0135869 0.184835 0)
(-0.000777762 0.164789 0)
(0.01131 0.145372 0)
(0.0224468 0.126575 0)
(0.0324516 0.108354 0)
(0.0411817 0.090638 0)
(0.0485248 0.0733376 0)
(0.0543921 0.0563518 0)
(0.0587134 0.0395703 0)
(0.0614333 0.0228752 0)
(0.0625087 0.00614293 0)
(0.0619073 -0.0107551 0)
(0.0596078 -0.0279522 0)
(0.0556013 -0.0455853 0)
(0.0498934 -0.0637935 0)
(0.042509 -0.0827163 0)
(0.0334984 -0.102489 0)
(0.0229458 -0.123238 0)
(0.0109801 -0.145069 0)
(-0.00221094 -0.168055 0)
(-0.016364 -0.19221 0)
(-0.0311207 -0.217465 0)
(-0.0460073 -0.243621 0)
(-0.0604144 -0.27029 0)
(-0.0735844 -0.296822 0)
(-0.0846119 -0.322206 0)
(-0.0924711 -0.344962 0)
(-0.0960876 -0.363026 0)
(-0.0944744 -0.373648 0)
(-0.086957 -0.373368 0)
(-0.0734896 -0.358099 0)
(-0.0549912 -0.323438 0)
(-0.0336908 -0.265225 0)
(-0.0139917 -0.180415 0)
(-0.00263522 -0.0683503 0)
(-0.00288458 0.0667012 0)
(-0.0147401 0.174083 0)
(-0.0344618 0.252892 0)
(-0.0546877 0.304902 0)
(-0.0710161 0.334361 0)
(-0.0815746 0.346186 0)
(-0.0858531 0.345036 0)
(-0.0842177 0.334873 0)
(-0.0775345 0.318823 0)
(-0.0668643 0.299219 0)
(-0.053272 0.277728 0)
(-0.0377262 0.25549 0)
(-0.0210577 0.233255 0)
(-0.0039504 0.211488 0)
(0.0130482 0.190454 0)
(0.0295091 0.170283 0)
(0.0451016 0.151011 0)
(0.0595736 0.132613 0)
(0.0727346 0.115026 0)
(0.0844412 0.098162 0)
(0.0945852 0.0819165 0)
(0.103084 0.0661756 0)
(0.109875 0.0508192 0)
(0.114907 0.0357226 0)
(0.118137 0.0207572 0)
(0.119532 0.0057906 0)
(0.11906 -0.00931381 0)
(0.116696 -0.0246977 0)
(0.112418 -0.040508 0)
(0.106212 -0.0568977 0)
(0.0980774 -0.0740247 0)
(0.0880281 -0.0920506 0)
(0.0761042 -0.111137 0)
(0.0623825 -0.13144 0)
(0.0469913 -0.153096 0)
(0.03013 -0.176208 0)
(0.0120932 -0.200816 0)
(-0.00669997 -0.226855 0)
(-0.0256739 -0.254097 0)
(-0.0440642 -0.282068 0)
(-0.0608939 -0.309929 0)
(-0.0749712 -0.336335 0)
(-0.0849304 -0.359256 0)
(-0.0893496 -0.3758 0)
(-0.0869885 -0.38206 0)
(-0.0771766 -0.373107 0)
(-0.0603017 -0.343218 0)
(-0.038419 -0.286514 0)
(-0.0165857 -0.198139 0)
(-0.00328056 -0.0762497 0)
(-0.00381332 0.0752688 0)
(-0.0182822 0.192481 0)
(-0.0406816 0.273841 0)
(-0.0615483 0.323044 0)
(-0.0759056 0.346688 0)
(-0.0822774 0.351608 0)
(-0.0808521 0.343744 0)
(-0.0727031 0.327769 0)
(-0.059281 0.307104 0)
(-0.0420653 0.284118 0)
(-0.022384 0.260373 0)
(-0.00134589 0.236844 0)
(0.020166 0.214103 0)
(0.0414722 0.192448 0)
(0.0620635 0.172004 0)
(0.0815667 0.152781 0)
(0.0997136 0.134725 0)
(0.116315 0.11774 0)
(0.131238 0.10171 0)
(0.144392 0.0865057 0)
(0.155715 0.0719968 0)
(0.165163 0.0580497 0)
(0.172704 0.0445315 0)
(0.178311 0.0313097 0)
(0.181959 0.0182513 0)
(0.183624 0.00522156 0)
(0.18328 -0.00791728 0)
(0.180897 -0.021308 0)
(0.176442 -0.0351003 0)
(0.169884 -0.049452 0)
(0.161191 -0.0645307 0)
(0.15034 -0.0805144 0)
(0.137321 -0.0975907 0)
(0.122148 -0.115954 0)
(0.104875 -0.135798 0)
(0.0856152 -0.157306 0)
(0.0645666 -0.180627 0)
(0.0420491 -0.205842 0)
(0.0185478 -0.232909 0)
(-0.00523631 -0.261578 0)
(-0.0283318 -0.291267 0)
(-0.0494533 -0.320885 0)
(-0.0669908 -0.348596 0)
(-0.079074 -0.371536 0)
(-0.0837817 -0.385503 0)
(-0.0795677 -0.384747 0)
(-0.0659017 -0.362011 0)
(-0.0442376 -0.309108 0)
(-0.0201217 -0.218396 0)
(-0.00424514 -0.0858135 0)
(-0.00527455 0.0862078 0)
(-0.0232686 0.214212 0)
(-0.0484255 0.296336 0)
(-0.0687116 0.339872 0)
(-0.0789626 0.355002 0)
(-0.0787064 0.351058 0)
(-0.0692905 0.335381 0)
(-0.0527512 0.313237 0)
(-0.0312144 0.288138 0)
(-0.00656258 0.26229 0)
(0.0196831 0.236987 0)
(0.0463624 0.212927 0)
(0.072626 0.19043 0)
(0.0978744 0.169588 0)
(0.121697 0.15036 0)
(0.143824 0.132634 0)
(0.164085 0.116265 0)
(0.182376 0.101091 0)
(0.198644 0.0869513 0)
(0.212861 0.0736872 0)
(0.22502 0.0611479 0)
(0.235121 0.0491895 0)
(0.243167 0.0376745 0)
(0.249158 0.0264698 0)
(0.25309 0.0154452 0)
(0.254951 0.00447106 0)
(0.254718 -0.00658463 0)
(0.252363 -0.0178583 0)
(0.247842 -0.0294939 0)
(0.241107 -0.0416454 0)
(0.232098 -0.0544797 0)
(0.220754 -0.0681793 0)
(0.207012 -0.0829442 0)
(0.190821 -0.0989928 0)
(0.172148 -0.116561 0)
(0.151001 -0.135895 0)
(0.127454 -0.157243 0)
(0.101683 -0.180825 0)
(0.0740176 -0.206795 0)
(0.0450093 -0.235163 0)
(0.0155134 -0.265675 0)
(-0.0132175 -0.297623 0)
(-0.0394494 -0.329564 0)
(-0.0609369 -0.358922 0)
(-0.075035 -0.381489 0)
(-0.0790793 -0.390895 0)
(-0.0711149 -0.37827 0)
(-0.0512721 -0.332483 0)
(-0.025052 -0.241709 0)
(-0.00575399 -0.0977604 0)
(-0.00765442 0.100683 0)
(-0.0303552 0.23992 0)
(-0.057632 0.319432 0)
(-0.0747841 0.353153 0)
(-0.0774728 0.3565 0)
(-0.0672049 0.3418 0)
(-0.0470374 0.317667 0)
(-0.0201607 0.289604 0)
(0.0106533 0.260858 0)
(0.0432524 0.233185 0)
(0.0760839 0.207428 0)
(0.108086 0.183891 0)
(0.138568 0.162587 0)
(0.167103 0.143377 0)
(0.193449 0.126056 0)
(0.217484 0.110397 0)
(0.239168 0.096177 0)
(0.258505 0.0831848 0)
(0.275529 0.0712283 0)
(0.290286 0.0601327 0)
(0.302825 0.04974 0)
(0.313194 0.039906 0)
(0.32143 0.0304973 0)
(0.327561 0.021389 0)
(0.331604 0.0124607 0)
(0.333558 0.00359466 0)
(0.33341 -0.0053282 0)
(0.331129 -0.0144308 0)
(0.326667 -0.0238435 0)
(0.319959 -0.0337072 0)
(0.310925 -0.0441775 0)
(0.299466 -0.0554287 0)
(0.285472 -0.0676579 0)
(0.268825 -0.0810891 0)
(0.249405 -0.0959774 0)
(0.227107 -0.11261 0)
(0.201859 -0.131304 0)
(0.173659 -0.152397 0)
(0.142621 -0.17622 0)
(0.109051 -0.203048 0)
(0.0735538 -0.232998 0)
(0.0371672 -0.265857 0)
(0.00153189 -0.30078 0)
(-0.030943 -0.335818 0)
(-0.0570085 -0.367217 0)
(-0.0727627 -0.388475 0)
(-0.0742803 -0.389359 0)
(-0.0592851 -0.355322 0)
(-0.031992 -0.268523 0)
(-0.0081992 -0.113241 0)
(-0.0115741 0.120523 0)
(-0.0402533 0.269849 0)
(-0.0672417 0.340744 0)
(-0.0763682 0.358993 0)
(-0.0662445 0.347101 0)
(-0.0416723 0.32041 0)
(-0.00786109 0.288173 0)
(0.0309055 0.255442 0)
(0.0714827 0.224666 0)
(0.111762 0.196829 0)
(0.150432 0.172141 0)
(0.186741 0.150441 0)
(0.220302 0.131417 0)
(0.25096 0.114713 0)
(0.278702 0.099985 0)
(0.303593 0.086922 0)
(0.325738 0.0752508 0)
(0.34526 0.064736 0)
(0.362282 0.0551754 0)
(0.376921 0.0463951 0)
(0.38928 0.0382438 0)
(0.39945 0.0305885 0)
(0.407499 0.0233097 0)
(0.413481 0.0162979 0)
(0.417429 0.00944997 0)
(0.419356 0.00266582 0)
(0.419254 -0.00415464 0)
(0.417096 -0.0111147 0)
(0.41283 -0.0183243 0)
(0.406381 -0.0259035 0)
(0.397652 -0.0339869 0)
(0.386519 -0.0427279 0)
(0.372831 -0.0523052 0)
(0.356415 -0.0629284 0)
(0.337071 -0.0748458 0)
(0.314587 -0.0883521 0)
(0.288743 -0.103796 0)
(0.259342 -0.121584 0)
(0.226241 -0.142179 0)
(0.189424 -0.166077 0)
(0.149104 -0.193754 0)
(0.105884 -0.225535 0)
(0.0610006 -0.26134 0)
(0.016629 -0.300207 0)
(-0.0237769 -0.339445 0)
(-0.0552864 -0.373287 0)
(-0.0716725 -0.390991 0)
(-0.0669133 -0.37474 0)
(-0.0415366 -0.298748 0)
(-0.0121936 -0.134045 0)
(-0.0177485 0.148551 0)
(-0.0528822 0.30281 0)
(-0.0732996 0.355066 0)
(-0.0658504 0.351044 0)
(-0.0357692 0.321363 0)
(0.00765565 0.28317 0)
(0.0572116 0.244932 0)
(0.108131 0.210185 0)
(0.157547 0.179979 0)
(0.203917 0.15424 0)
(0.246538 0.132466 0)
(0.285196 0.114045 0)
(0.319947 0.0983908 0)
(0.350978 0.0849977 0)
(0.378537 0.0734419 0)
(0.402882 0.0633778 0)
(0.424263 0.0545243 0)
(0.442908 0.046653 0)
(0.459018 0.0395771 0)
(0.472768 0.0331419 0)
(0.484304 0.0272173 0)
(0.493746 0.0216923 0)
(0.501187 0.0164696 0)
(0.506699 0.0114618 0)
(0.510327 0.00658792 0)
(0.512093 0.00177026 0)
(0.511997 -0.00306826 0)
(0.510014 -0.00800708 0)
(0.506093 -0.013131 0)
(0.500158 -0.0185333 0)
(0.492101 -0.0243199 0)
(0.481784 -0.0306139 0)
(0.469035 -0.0375614 0)
(0.453639 -0.0453386 0)
(0.435343 -0.0541613 0)
(0.413849 -0.0642962 0)
(0.388812 -0.076075 0)
(0.359855 -0.0899112 0)
(0.326579 -0.106318 0)
(0.288608 -0.12592 0)
(0.245667 -0.149454 0)
(0.197724 -0.177721 0)
(0.145246 -0.211437 0)
(0.0896076 -0.250869 0)
(0.0336922 -0.295037 0)
(-0.0173587 -0.340115 0)
(-0.0554218 -0.376581 0)
(-0.069731 -0.384944 0)
(-0.0532979 -0.330658 0)
(-0.0183758 -0.162888 0)
(-0.0258806 0.189372 0)
(-0.0643844 0.333673 0)
(-0.064398 0.351754 0)
(-0.0272765 0.319466 0)
(0.0304601 0.272791 0)
(0.0955005 0.227021 0)
(0.160219 0.18748 0)
(0.220816 0.155019 0)
(0.275747 0.128863 0)
(0.324683 0.107851 0)
(0.367876 0.0908854 0)
(0.405813 0.0770577 0)
(0.439046 0.0656576 0)
(0.468108 0.0561418 0)
(0.493477 0.0480971 0)
(0.515571 0.0412089 0)
(0.534746 0.0352356 0)
(0.551301 0.0299892 0)
(0.565486 0.0253216 0)
(0.577504 0.0211141 0)
(0.587525 0.0172698 0)
(0.595681 0.0137076 0)
(0.602077 0.0103581 0)
(0.606789 0.00715981 0)
(0.60987 0.00405677 0)
(0.611346 0.00099577 0)
(0.611222 -0.00207566 0)
(0.609476 -0.00521149 0)
(0.606065 -0.00846942 0)
(0.600913 -0.0119135 0)
(0.59392 -0.0156169 0)
(0.584946 -0.0196663 0)
(0.573815 -0.024166 0)
(0.560305 -0.0292449 0)
(0.544138 -0.0350651 0)
(0.524973 -0.0418334 0)
(0.502394 -0.0498177 0)
(0.4759 -0.0593691 0)
(0.444895 -0.0709515 0)
(0.40869 -0.0851811 0)
(0.366526 -0.102873 0)
(0.317647 -0.125083 0)
(0.261477 -0.153118 0)
(0.197982 -0.18841 0)
(0.128392 -0.232031 0)
(0.0564287 -0.283307 0)
(-0.00983839 -0.336563 0)
(-0.0558668 -0.374863 0)
(-0.0627814 -0.358347 0)
(-0.0261687 -0.204117 0)
(-0.0296292 0.246724 0)
(-0.0583987 0.346547 0)
(-0.0119574 0.311495 0)
(0.0703988 0.251533 0)
(0.159094 0.196214 0)
(0.242193 0.152097 0)
(0.31563 0.118864 0)
(0.378759 0.0942139 0)
(0.432446 0.0758285 0)
(0.478009 0.061912 0)
(0.516747 0.0511826 0)
(0.549791 0.0427479 0)
(0.578073 0.0359895 0)
(0.602347 0.0304751 0)
(0.623217 0.0258987 0)
(0.641165 0.0220392 0)
(0.656579 0.0187344 0)
(0.669769 0.0158626 0)
(0.680982 0.0133308 0)
(0.690419 0.0110661 0)
(0.698239 0.00901052 0)
(0.704567 0.00711629 0)
(0.709498 0.00534325 0)
(0.713104 0.00365641 0)
(0.715433 0.00202416 0)
(0.716512 0.000416768 0)
(0.716346 -0.00119493 0)
(0.714921 -0.0028409 0)
(0.712199 -0.00455323 0)
(0.708119 -0.00636768 0)
(0.702594 -0.0083256 0)
(0.695505 -0.0104763 0)
(0.686696 -0.0128802 0)
(0.675967 -0.0156132 0)
(0.663062 -0.0187727 0)
(0.647657 -0.0224865 0)
(0.62934 -0.0269251 0)
(0.607589 -0.0323214 0)
(0.581739 -0.0389988 0)
(0.550944 -0.0474158 0)
(0.514137 -0.0582324 0)
(0.469993 -0.0724102 0)
(0.416929 -0.0913499 0)
(0.353233 -0.117049 0)
(0.277533 -0.152156 0)
(0.189959 -0.199438 0)
(0.0943115 -0.259599 0)
(0.00284602 -0.32558 0)
(-0.052831 -0.364955 0)
(-0.0285072 -0.260371 0)
(0.0100401 0.28671 0)
(0.0248624 0.299723 0)
(0.150353 0.214158 0)
(0.281623 0.145882 0)
(0.387786 0.100249 0)
(0.47134 0.0705509 0)
(0.537221 0.0512907 0)
(0.589413 0.0385739 0)
(0.631221 0.0298977 0)
(0.665176 0.0237548 0)
(0.693113 0.019248 0)
(0.716356 0.0158337 0)
(0.735865 0.0131731 0)
(0.752353 0.0110484 0)
(0.766352 0.00931461 0)
(0.778267 0.00787231 0)
(0.788409 0.00665114 0)
(0.797021 0.00559999 0)
(0.804293 0.00468067 0)
(0.810373 0.00386397 0)
(0.815381 0.00312696 0)
(0.819406 0.00245109 0)
(0.822519 0.00182097 0)
(0.824771 0.00122333 0)
(0.826197 0.000646288 0)
(0.826816 7.87633e-05 0)
(0.826634 -0.00049008 0)
(0.825642 -0.00107136 0)
(0.823813 -0.00167701 0)
(0.821108 -0.00232039 0)
(0.817466 -0.00301706 0)
(0.812803 -0.00378575 0)
(0.80701 -0.0046497 0)
(0.799945 -0.00563851 0)
(0.791421 -0.00679087 0)
(0.781198 -0.00815855 0)
(0.768963 -0.00981257 0)
(0.754305 -0.0118531 0)
(0.736678 -0.0144254 0)
(0.715347 -0.0177476 0)
(0.689307 -0.0221584 0)
(0.657165 -0.0282035 0)
(0.616965 -0.036792 0)
(0.565962 -0.0494766 0)
(0.500471 -0.0689025 0)
(0.415933 -0.0993373 0)
(0.306696 -0.146963 0)
(0.169408 -0.218966 0)
(0.0356164 -0.308497 0)
(0.0145891 -0.294729 0)
(0.301251 0.14701 0)
(0.400424 0.127488 0)
(0.564643 0.0751789 0)
(0.682464 0.0427889 0)
(0.752591 0.0251228 0)
(0.797597 0.0154523 0)
(0.828866 0.0100763 0)
(0.851606 0.00698486 0)
(0.868782 0.0051083 0)
(0.88219 0.00389651 0)
(0.892925 0.00306669 0)
(0.901681 0.0024689 0)
(0.908922 0.00201989 0)
(0.914969 0.00167102 0)
(0.920054 0.00139231 0)
(0.924345 0.00116436 0)
(0.92797 0.000974056 0)
(0.931026 0.000812172 0)
(0.93359 0.000672019 0)
(0.935719 0.000548585 0)
(0.937458 0.00043801 0)
(0.938844 0.000337228 0)
(0.939903 0.000243724 0)
(0.940654 0.000155361 0)
(0.941111 7.02431e-05 0)
(0.941281 -1.33905e-05 0)
(0.941166 -9.72459e-05 0)
(0.940764 -0.000183084 0)
(0.940063 -0.000272795 0)
(0.93905 -0.000368513 0)
(0.937702 -0.000472747 0)
(0.935986 -0.000588553 0)
(0.933862 -0.000719777 0)
(0.931275 -0.000871404 0)
(0.928152 -0.00105007 0)
(0.924399 -0.00126487 0)
(0.919892 -0.00152866 0)
(0.914464 -0.00186022 0)
(0.907886 -0.0022882 0)
(0.89984 -0.00285843 0)
(0.889866 -0.00364844 0)
(0.877279 -0.00479723 0)
(0.860998 -0.0065684 0)
(0.839241 -0.00948374 0)
(0.809014 -0.0145901 0)
(0.765011 -0.0239422 0)
(0.695657 -0.0414637 0)
(0.577236 -0.074311 0)
(0.408944 -0.128032 0)
(0.304996 -0.148435 0)
)
;

boundaryField
{
    movingWall
    {
        type            fixedValue;
        value           uniform (1 0 0);
    }
    fixedWalls
    {
        type            noSlip;
    }
    frontAndBack
    {
        type            empty;
    }
}


// ************************************************************************* //
