/*--------------------------------*- C++ -*----------------------------------*\
| =========                 |                                                 |
| \\      /  F ield         | OpenFOAM: The Open Source CFD Toolbox           |
|  \\    /   O peration     | Version:  v2012                                 |
|   \\  /    A nd           | Website:  www.openfoam.com                      |
|    \\/     M anipulation  |                                                 |
\*---------------------------------------------------------------------------*/
FoamFile
{
    version     2.0;
    format      ascii;
    class       surfaceScalarField;
    location    "0.1";
    object      phi;
}
// * * * * * * * * * * * * * * * * * * * * * * * * * * * * * * * * * * * * * //

dimensions      [0 3 -1 0 0 0 0];
oriented        oriented;


internalField   nonuniform List<scalar> 
4900
(
1.16784e-09
-1.16768e-09
2.38521e-09
-1.21737e-09
2.4776e-09
-9.24094e-11
1.01083e-09
1.46678e-09
-2.09425e-09
3.10509e-09
-6.75055e-09
4.65632e-09
-1.27898e-08
6.03926e-09
-2.00067e-08
7.21691e-09
-2.81819e-08
8.17528e-09
-3.70944e-08
8.91243e-09
-4.65274e-08
9.43298e-09
-5.62728e-08
9.74541e-09
-6.61333e-08
9.86051e-09
-7.59237e-08
9.79039e-09
-8.54717e-08
9.54797e-09
-9.46184e-08
9.14668e-09
-1.03219e-07
8.60017e-09
-1.11141e-07
7.92228e-09
-1.18268e-07
7.12693e-09
-1.24496e-07
6.22809e-09
-1.29736e-07
5.23991e-09
-1.33912e-07
4.17663e-09
-1.36965e-07
3.05259e-09
-1.38847e-07
1.88222e-09
-1.39527e-07
6.80386e-10
-1.38991e-07
-5.36761e-10
-1.37239e-07
-1.75194e-09
-1.34291e-07
-2.94825e-09
-1.30182e-07
-4.10903e-09
-1.24964e-07
-5.21715e-09
-1.1871e-07
-6.25492e-09
-1.11505e-07
-7.20429e-09
-1.03458e-07
-8.04713e-09
-9.46926e-08
-8.76556e-09
-8.53506e-08
-9.34207e-09
-7.55908e-08
-9.75978e-09
-6.55879e-08
-1.00029e-08
-5.5531e-08
-1.00569e-08
-4.56219e-08
-9.90909e-09
-3.60728e-08
-9.54904e-09
-2.71037e-08
-8.9691e-09
-1.89383e-08
-8.16542e-09
-1.17989e-08
-7.13937e-09
-5.89877e-09
-5.90008e-09
-1.42918e-09
-4.46957e-09
1.46416e-09
-2.89331e-09
2.7246e-09
-1.26043e-09
2.4662e-09
2.58404e-10
1.16181e-09
1.30439e-09
1.16181e-09
1.23547e-09
-2.40314e-09
1.42411e-09
-1.4059e-09
-1.16512e-09
2.49689e-09
-7.32696e-09
7.62852e-09
-1.73076e-08
1.30857e-08
-3.09995e-08
1.83482e-08
-4.80808e-08
2.31206e-08
-6.81071e-08
2.72432e-08
-9.05685e-08
3.06368e-08
-1.14926e-07
3.327e-08
-1.40635e-07
3.51415e-08
-1.67158e-07
3.62684e-08
-1.93977e-07
3.66802e-08
-2.20601e-07
3.64144e-08
-2.46567e-07
3.55136e-08
-2.71444e-07
3.40238e-08
-2.94838e-07
3.19935e-08
-3.16388e-07
2.94727e-08
-3.35773e-07
2.65123e-08
-3.5271e-07
2.31644e-08
-3.66951e-07
1.94818e-08
-3.78293e-07
1.55183e-08
-3.86569e-07
1.13283e-08
-3.91654e-07
6.967e-09
-3.93465e-07
2.49167e-09
-3.91964e-07
-2.03732e-09
-3.87159e-07
-6.55721e-09
-3.79103e-07
-1.10047e-08
-3.67895e-07
-1.53165e-08
-3.53684e-07
-1.94284e-08
-3.36664e-07
-2.32747e-08
-3.1708e-07
-2.6789e-08
-2.95222e-07
-2.99052e-08
-2.71429e-07
-3.25582e-08
-2.46086e-07
-3.4685e-08
-2.1962e-07
-3.62257e-08
-1.92498e-07
-3.71251e-08
-1.65221e-07
-3.73337e-08
-1.3832e-07
-3.68101e-08
-1.12346e-07
-3.55227e-08
-8.78625e-08
-3.34528e-08
-6.54291e-08
-3.05987e-08
-4.55865e-08
-2.6982e-08
-2.88294e-08
-2.2657e-08
-1.55703e-08
-1.77287e-08
-6.08174e-09
-1.23819e-08
-4.07986e-10
-6.93416e-09
1.7712e-09
-1.92076e-09
1.31637e-09
1.75921e-09
2.47817e-09
1.49186e-10
-2.55235e-09
-2.38764e-09
1.13098e-09
-9.26428e-09
9.37352e-09
-2.13057e-08
1.96699e-08
-3.87733e-08
3.05533e-08
-6.15217e-08
4.10966e-08
-8.91259e-08
5.07248e-08
-1.20981e-07
5.90985e-08
-1.56374e-07
6.60296e-08
-1.94532e-07
7.14283e-08
-2.3466e-07
7.52696e-08
-2.75964e-07
7.75722e-08
-3.17668e-07
7.83843e-08
-3.59028e-07
7.77745e-08
-3.9934e-07
7.58253e-08
-4.37945e-07
7.26287e-08
-4.74235e-07
6.82838e-08
-5.07657e-07
6.28942e-08
-5.37712e-07
5.65673e-08
-5.6396e-07
4.94132e-08
-5.86023e-07
4.15446e-08
-6.03582e-07
3.30767e-08
-6.1638e-07
2.41267e-08
-6.24227e-07
1.48141e-08
-6.26998e-07
5.26247e-09
-6.24636e-07
-4.39987e-09
-6.17153e-07
-1.40394e-08
-6.04636e-07
-2.35218e-08
-5.87242e-07
-3.27112e-08
-5.652e-07
-4.14704e-08
-5.38814e-07
-4.966e-08
-5.08463e-07
-5.71399e-08
-4.74597e-07
-6.37713e-08
-4.37737e-07
-6.94182e-08
-3.98472e-07
-7.39498e-08
-3.57455e-07
-7.7243e-08
-3.15395e-07
-7.91853e-08
-2.7305e-07
-7.96786e-08
-2.31217e-07
-7.86427e-08
-1.90719e-07
-7.6021e-08
-1.52385e-07
-7.17866e-08
-1.17032e-07
-6.59517e-08
-8.54341e-08
-5.858e-08
-5.82846e-08
-4.98065e-08
-3.61458e-08
-3.98675e-08
-1.93774e-08
-2.91502e-08
-8.0416e-09
-1.82699e-08
-1.78292e-09
-8.17947e-09
3.20132e-10
-3.43854e-10
2.79832e-09
-1.36476e-09
-1.18757e-09
-7.44714e-09
7.21322e-09
-1.94989e-08
2.14253e-08
-3.81519e-08
3.83229e-08
-6.35485e-08
5.59499e-08
-9.54424e-08
7.29905e-08
-1.33297e-07
8.85795e-08
-1.76372e-07
1.02173e-07
-2.23793e-07
1.1345e-07
-2.74605e-07
1.22241e-07
-3.27818e-07
1.28482e-07
-3.82431e-07
1.32185e-07
-4.3746e-07
1.33414e-07
-4.91956e-07
1.3227e-07
-5.45014e-07
1.28883e-07
-5.95784e-07
1.23399e-07
-6.43481e-07
1.1598e-07
-6.87384e-07
1.06798e-07
-7.26847e-07
9.60306e-08
-7.61298e-07
8.3864e-08
-7.90242e-07
7.04885e-08
-8.13264e-07
5.6099e-08
-8.30033e-07
4.08954e-08
-8.40301e-07
2.50816e-08
-8.43906e-07
8.86794e-09
-8.40778e-07
-7.52787e-09
-8.30936e-07
-2.38816e-08
-8.14492e-07
-3.99655e-08
-7.91654e-07
-5.55499e-08
-7.62722e-07
-7.04022e-08
-7.28094e-07
-8.42878e-08
-6.88262e-07
-9.69718e-08
-6.43811e-07
-1.08222e-07
-5.95417e-07
-1.17813e-07
-5.4384e-07
-1.25527e-07
-4.89921e-07
-1.31162e-07
-4.3457e-07
-1.34537e-07
-3.78756e-07
-1.35492e-07
-3.23493e-07
-1.33905e-07
-2.69822e-07
-1.29692e-07
-2.18785e-07
-1.22823e-07
-1.71402e-07
-1.13335e-07
-1.2863e-07
-1.01352e-07
-9.13224e-08
-8.71138e-08
-6.01717e-08
-7.10181e-08
-3.56398e-08
-5.3682e-08
-1.78753e-08
-3.60345e-08
-6.6212e-09
-1.94336e-08
-1.123e-09
-5.84202e-09
1.67533e-09
-2.98736e-09
1.79979e-09
-1.29649e-08
1.71906e-08
-3.0635e-08
3.90954e-08
-5.63022e-08
6.39901e-08
-8.98896e-08
8.95374e-08
-1.30988e-07
1.14089e-07
-1.78922e-07
1.36513e-07
-2.32811e-07
1.56063e-07
-2.91636e-07
1.72276e-07
-3.54291e-07
1.84895e-07
-4.19618e-07
1.93809e-07
-4.8645e-07
1.99017e-07
-5.53632e-07
2.00596e-07
-6.20043e-07
1.98682e-07
-6.84613e-07
1.93453e-07
-7.46334e-07
1.8512e-07
-8.0427e-07
1.73916e-07
-8.57562e-07
1.6009e-07
-9.05438e-07
1.43906e-07
-9.47212e-07
1.25638e-07
-9.82294e-07
1.0557e-07
-1.01019e-06
8.39921e-08
-1.03049e-06
6.12029e-08
-1.04292e-06
3.75084e-08
-1.04728e-06
1.32229e-08
-1.04348e-06
-1.13289e-08
-1.03154e-06
-3.58138e-08
-1.01162e-06
-5.98931e-08
-9.83941e-07
-8.32243e-08
-9.48882e-07
-1.05461e-07
-9.06914e-07
-1.26256e-07
-8.58624e-07
-1.45261e-07
-8.04712e-07
-1.62134e-07
-7.45981e-07
-1.76543e-07
-6.83337e-07
-1.88171e-07
-6.17776e-07
-1.96724e-07
-5.50375e-07
-2.01938e-07
-4.82278e-07
-2.03589e-07
-4.1468e-07
-2.01504e-07
-3.48799e-07
-1.95573e-07
-2.85857e-07
-1.85765e-07
-2.27042e-07
-1.7215e-07
-1.7347e-07
-1.54924e-07
-1.26141e-07
-1.34443e-07
-8.58827e-08
-1.11276e-07
-5.32915e-08
-8.62733e-08
-2.86664e-08
-6.06596e-08
-1.19501e-08
-3.61498e-08
-2.68554e-09
-1.51065e-08
-1.01023e-09
-4.58715e-09
6.38693e-09
-1.85364e-08
3.11398e-08
-4.1979e-08
6.2538e-08
-7.4825e-08
9.68361e-08
-1.16714e-07
1.31427e-07
-1.67024e-07
1.64399e-07
-2.24905e-07
1.94394e-07
-2.89326e-07
2.20483e-07
-3.59123e-07
2.42073e-07
-4.33043e-07
2.58815e-07
-5.09787e-07
2.70553e-07
-5.88041e-07
2.77271e-07
-6.66506e-07
2.7906e-07
-7.43917e-07
2.76093e-07
-8.19064e-07
2.68601e-07
-8.90807e-07
2.56863e-07
-9.58083e-07
2.41192e-07
-1.01992e-06
2.21925e-07
-1.07543e-06
1.99421e-07
-1.12385e-06
1.74054e-07
-1.16449e-06
1.46214e-07
-1.1968e-06
1.16299e-07
-1.22032e-06
8.47214e-08
-1.23471e-06
5.19027e-08
-1.23976e-06
1.82762e-08
-1.23538e-06
-1.57121e-08
-1.22159e-06
-4.96048e-08
-1.19855e-06
-8.2937e-08
-1.16653e-06
-1.15238e-07
-1.12596e-06
-1.46034e-07
-1.07737e-06
-1.74846e-07
-1.02143e-06
-2.01201e-07
-9.58932e-07
-2.24632e-07
-8.90788e-07
-2.44686e-07
-8.18024e-07
-2.60935e-07
-7.41767e-07
-2.72981e-07
-6.63234e-07
-2.8047e-07
-5.83718e-07
-2.83105e-07
-5.04564e-07
-2.80658e-07
-4.27147e-07
-2.7299e-07
-3.52843e-07
-2.6007e-07
-2.82992e-07
-2.42001e-07
-2.18862e-07
-2.19054e-07
-1.61601e-07
-1.91704e-07
-1.1219e-07
-1.60687e-07
-7.13937e-08
-1.2707e-07
-3.97138e-08
-9.23395e-08
-1.73577e-08
-5.85059e-08
-4.23309e-09
-2.82311e-08
-5.24333e-09
-6.11355e-09
1.25005e-08
-2.39715e-08
4.89977e-08
-5.31689e-08
9.17354e-08
-9.32032e-08
1.3687e-07
-1.43395e-07
1.81619e-07
-2.02874e-07
2.23878e-07
-2.70587e-07
2.62107e-07
-3.45332e-07
2.95228e-07
-4.25791e-07
3.22532e-07
-5.1057e-07
3.43595e-07
-5.98234e-07
3.58217e-07
-6.87335e-07
3.66373e-07
-7.76447e-07
3.68172e-07
-8.6418e-07
3.63826e-07
-9.49207e-07
3.53627e-07
-1.03027e-06
3.37928e-07
-1.10621e-06
3.17127e-07
-1.17594e-06
2.91659e-07
-1.23851e-06
2.61985e-07
-1.29304e-06
2.28592e-07
-1.33881e-06
1.91982e-07
-1.37519e-06
1.52677e-07
-1.40168e-06
1.1121e-07
-1.41791e-06
6.81322e-08
-1.42364e-06
2.40069e-08
-1.41877e-06
-2.05862e-08
-1.40332e-06
-6.50532e-08
-1.37746e-06
-1.0879e-07
-1.34151e-06
-1.51187e-07
-1.29592e-06
-1.91626e-07
-1.24128e-06
-2.29488e-07
-1.17832e-06
-2.64161e-07
-1.10791e-06
-2.95039e-07
-1.03106e-06
-3.21539e-07
-9.48889e-07
-3.43108e-07
-8.62634e-07
-3.59236e-07
-7.73636e-07
-3.69469e-07
-6.83313e-07
-3.73428e-07
-5.93145e-07
-3.70825e-07
-5.04648e-07
-3.61487e-07
-4.1934e-07
-3.45378e-07
-3.38709e-07
-3.22632e-07
-2.64175e-07
-2.93588e-07
-1.97046e-07
-2.58833e-07
-1.38477e-07
-2.19256e-07
-8.94327e-08
-1.76114e-07
-5.06547e-08
-1.31117e-07
-2.26507e-08
-8.651e-08
-5.71305e-09
-4.51687e-08
-1.09564e-08
-7.55528e-09
2.00558e-08
-2.92e-08
7.06424e-08
-6.40478e-08
1.26583e-07
-1.11191e-07
1.84014e-07
-1.69619e-07
2.40047e-07
-2.38188e-07
2.92447e-07
-3.15623e-07
3.39541e-07
-4.00531e-07
3.80137e-07
-4.91432e-07
4.13432e-07
-5.86782e-07
4.38945e-07
-6.85011e-07
4.56446e-07
-7.84549e-07
4.6591e-07
-8.83848e-07
4.67471e-07
-9.8141e-07
4.61388e-07
-1.0758e-06
4.48019e-07
-1.16567e-06
4.27797e-07
-1.24976e-06
4.01215e-07
-1.32691e-06
3.68811e-07
-1.39608e-06
3.3116e-07
-1.45636e-06
2.88864e-07
-1.50693e-06
2.42553e-07
-1.54713e-06
1.92876e-07
-1.57642e-06
1.40501e-07
-1.5944e-06
8.6114e-08
-1.60081e-06
3.04201e-08
-1.59554e-06
-2.58576e-08
-1.57862e-06
-8.19796e-08
-1.55021e-06
-1.37193e-07
-1.51066e-06
-1.90735e-07
-1.46045e-06
-2.41838e-07
-1.40021e-06
-2.8973e-07
-1.33073e-06
-3.33645e-07
-1.25293e-06
-3.72833e-07
-1.1679e-06
-4.06568e-07
-1.07685e-06
-4.34161e-07
-9.81105e-07
-4.5498e-07
-8.82113e-07
-4.68461e-07
-7.81407e-07
-4.74134e-07
-6.8059e-07
-4.71642e-07
-5.81309e-07
-4.60768e-07
-4.85221e-07
-4.41466e-07
-3.93964e-07
-4.13889e-07
-3.09117e-07
-3.78435e-07
-2.32163e-07
-3.35787e-07
-1.64454e-07
-2.86965e-07
-1.07178e-07
-2.33391e-07
-6.13387e-08
-1.76956e-07
-2.77606e-08
-1.20088e-07
-7.11362e-09
-6.58157e-08
-1.807e-08
-8.91846e-09
2.89742e-08
-3.42148e-08
9.59388e-08
-7.45757e-08
1.66944e-07
-1.28709e-07
2.38147e-07
-1.95272e-07
3.06609e-07
-2.72837e-07
3.70012e-07
-3.5989e-07
4.26594e-07
-4.54835e-07
4.75081e-07
-5.56013e-07
5.14611e-07
-6.61729e-07
5.44661e-07
-7.70276e-07
5.64993e-07
-8.79958e-07
5.75592e-07
-9.89117e-07
5.7663e-07
-1.09615e-06
5.68422e-07
-1.19953e-06
5.51401e-07
-1.29783e-06
5.26089e-07
-1.38969e-06
4.93081e-07
-1.47391e-06
4.53026e-07
-1.54937e-06
4.06619e-07
-1.61509e-06
3.54588e-07
-1.67023e-06
2.97694e-07
-1.71408e-06
2.36723e-07
-1.74606e-06
1.72484e-07
-1.76575e-06
1.05807e-07
-1.77288e-06
3.75444e-08
-1.76731e-06
-3.14288e-08
-1.74907e-06
-1.00219e-07
-1.71834e-06
-1.67917e-07
-1.67548e-06
-2.33601e-07
-1.62097e-06
-2.96341e-07
-1.5555e-06
-3.55204e-07
-1.47988e-06
-4.09264e-07
-1.3951e-06
-4.57612e-07
-1.3023e-06
-4.9937e-07
-1.20275e-06
-5.33705e-07
-1.09789e-06
-5.59849e-07
-9.89229e-07
-5.77118e-07
-8.78423e-07
-5.84939e-07
-7.67189e-07
-5.82876e-07
-6.57301e-07
-5.70657e-07
-5.50558e-07
-5.48208e-07
-4.48752e-07
-5.15694e-07
-3.53635e-07
-4.73553e-07
-2.66878e-07
-4.22543e-07
-1.90048e-07
-3.63795e-07
-1.24574e-07
-2.98865e-07
-7.17397e-08
-2.2979e-07
-3.26862e-08
-1.59141e-07
-8.44226e-09
-9.00596e-08
-2.65122e-08
-1.02163e-08
3.91904e-08
-3.90398e-08
1.24762e-07
-8.4777e-08
2.12681e-07
-1.45775e-07
2.99145e-07
-2.20363e-07
3.81198e-07
-3.06829e-07
4.56478e-07
-4.03408e-07
5.23173e-07
-5.08288e-07
5.79961e-07
-6.19626e-07
6.25948e-07
-7.35563e-07
6.60599e-07
-8.54251e-07
6.83681e-07
-9.73871e-07
6.95213e-07
-1.09266e-06
6.95414e-07
-1.20891e-06
6.84672e-07
-1.32101e-06
6.63502e-07
-1.42744e-06
6.32528e-07
-1.52682e-06
5.92452e-07
-1.61783e-06
5.44045e-07
-1.69934e-06
4.88126e-07
-1.77031e-06
4.25559e-07
-1.82986e-06
3.57242e-07
-1.87724e-06
2.84102e-07
-1.91185e-06
2.07095e-07
-1.93324e-06
1.27201e-07
-1.94113e-06
4.5428e-08
-1.93536e-06
-3.71955e-08
-1.91596e-06
-1.19615e-07
-1.88312e-06
-2.00759e-07
-1.83719e-06
-2.79538e-07
-1.77867e-06
-3.54854e-07
-1.70827e-06
-4.25607e-07
-1.62683e-06
-4.90699e-07
-1.53539e-06
-5.49056e-07
-1.43512e-06
-5.99636e-07
-1.32738e-06
-6.41449e-07
-1.21365e-06
-6.7358e-07
-1.09555e-06
-6.95215e-07
-9.74831e-07
-7.05662e-07
-8.53315e-07
-7.04392e-07
-7.3291e-07
-6.91061e-07
-6.15562e-07
-6.65557e-07
-5.03226e-07
-6.2803e-07
-3.97835e-07
-5.78944e-07
-3.01267e-07
-5.19111e-07
-2.15317e-07
-4.49746e-07
-1.41672e-07
-3.7251e-07
-8.19016e-08
-2.89561e-07
-3.74603e-08
-2.03583e-07
-9.71458e-09
-1.17805e-07
-3.62268e-08
-1.14639e-08
5.06543e-08
-4.37128e-08
1.57011e-07
-9.47088e-08
2.63677e-07
-1.62459e-07
3.66895e-07
-2.44976e-07
4.63715e-07
-3.40259e-07
5.51761e-07
-4.46288e-07
6.29202e-07
-5.61026e-07
6.947e-07
-6.82435e-07
7.47358e-07
-8.0849e-07
7.86653e-07
-9.37195e-07
8.12386e-07
-1.06661e-06
8.24624e-07
-1.19485e-06
8.23655e-07
-1.32012e-06
8.09949e-07
-1.44074e-06
7.84122e-07
-1.55512e-06
7.46906e-07
-1.66179e-06
6.99123e-07
-1.75942e-06
6.41672e-07
-1.8468e-06
5.75507e-07
-1.92287e-06
5.0163e-07
-1.98671e-06
4.21082e-07
-2.03755e-06
3.34939e-07
-2.07476e-06
2.44305e-07
-2.09788e-06
1.50317e-07
-2.10659e-06
5.41362e-08
-2.10074e-06
-4.30459e-08
-2.08034e-06
-1.40012e-07
-2.04557e-06
-2.35523e-07
-1.99679e-06
-3.28319e-07
-1.93452e-06
-4.17129e-07
-1.85945e-06
-5.00674e-07
-1.77247e-06
-5.77681e-07
-1.67462e-06
-6.469e-07
-1.56715e-06
-7.07114e-07
-1.45143e-06
-7.57166e-07
-1.32903e-06
-7.95981e-07
-1.20165e-06
-8.22597e-07
-1.07112e-06
-8.36191e-07
-9.39389e-07
-8.36121e-07
-8.08496e-07
-8.21954e-07
-6.80535e-07
-7.93517e-07
-5.57636e-07
-7.5093e-07
-4.41926e-07
-6.94654e-07
-3.35503e-07
-6.25534e-07
-2.40404e-07
-5.44845e-07
-1.58585e-07
-4.54329e-07
-9.19065e-08
-3.5624e-07
-4.21327e-08
-2.53356e-07
-1.09491e-08
-1.48989e-07
-4.7176e-08
-1.26766e-08
6.33309e-08
-4.82763e-08
1.92611e-07
-1.04443e-07
3.19844e-07
-1.7886e-07
4.41312e-07
-2.6923e-07
5.54085e-07
-3.73266e-07
6.55797e-07
-4.88687e-07
7.44623e-07
-6.13228e-07
8.1924e-07
-7.44647e-07
8.78777e-07
-8.80745e-07
9.22751e-07
-1.01938e-06
9.51017e-07
-1.15847e-06
9.63716e-07
-1.29604e-06
9.61223e-07
-1.4302e-06
9.4411e-07
-1.55918e-06
9.13104e-07
-1.68133e-06
8.69061e-07
-1.79515e-06
8.12935e-07
-1.89923e-06
7.45759e-07
-1.99235e-06
6.68629e-07
-2.07342e-06
5.82692e-07
-2.14147e-06
4.89137e-07
-2.19572e-06
3.8919e-07
-2.23553e-06
2.84111e-07
-2.2604e-06
1.7519e-07
-2.27001e-06
6.37491e-08
-2.2642e-06
-4.8859e-08
-2.24296e-06
-1.61252e-07
-2.20646e-06
-2.72019e-07
-2.15506e-06
-3.79728e-07
-2.08926e-06
-4.82927e-07
-2.00977e-06
-5.80158e-07
-1.91749e-06
-6.69964e-07
-1.81348e-06
-7.50907e-07
-1.69901e-06
-8.21587e-07
-1.57551e-06
-8.80668e-07
-1.44459e-06
-9.26899e-07
-1.30803e-06
-9.59153e-07
-1.16777e-06
-9.76459e-07
-1.02585e-06
-9.78038e-07
-8.84451e-07
-9.63352e-07
-7.45828e-07
-9.32139e-07
-6.12291e-07
-8.84466e-07
-4.86177e-07
-8.20768e-07
-3.69813e-07
-7.41898e-07
-2.65495e-07
-6.49162e-07
-1.75457e-07
-5.44367e-07
-1.01855e-07
-4.29842e-07
-4.67601e-08
-3.08451e-07
-1.21651e-08
-1.83584e-07
-5.93411e-08
-1.38684e-08
7.71993e-08
-5.27732e-08
2.31516e-07
-1.14055e-07
3.81125e-07
-1.95085e-07
5.22343e-07
-2.93262e-07
6.52262e-07
-4.06011e-07
7.68547e-07
-5.3079e-07
8.69401e-07
-6.65096e-07
9.53546e-07
-8.06481e-07
1.02016e-06
-9.52564e-07
1.06883e-06
-1.10105e-06
1.0995e-06
-1.24973e-06
1.1124e-06
-1.39651e-06
1.10801e-06
-1.53943e-06
1.08703e-06
-1.67664e-06
1.05031e-06
-1.80644e-06
9.98854e-07
-1.92725e-06
9.33748e-07
-2.03766e-06
8.56173e-07
-2.13641e-06
7.67375e-07
-2.22237e-06
6.68651e-07
-2.29457e-06
5.61342e-07
-2.35221e-06
4.46827e-07
-2.39462e-06
3.26521e-07
-2.4213e-06
2.01871e-07
-2.43191e-06
7.43583e-08
-2.42627e-06
-5.45036e-08
-2.40435e-06
-1.83166e-07
-2.36632e-06
-3.10047e-07
-2.31251e-06
-4.33539e-07
-2.24343e-06
-5.5201e-07
-2.15977e-06
-6.63813e-07
-2.06244e-06
-7.67302e-07
-1.9525e-06
-8.60846e-07
-1.83124e-06
-9.42848e-07
-1.70013e-06
-1.01178e-06
-1.56083e-06
-1.0662e-06
-1.41519e-06
-1.10479e-06
-1.26523e-06
-1.12642e-06
-1.11313e-06
-1.13015e-06
-9.61178e-07
-1.1153e-06
-8.11812e-07
-1.08151e-06
-6.67529e-07
-1.02875e-06
-5.30885e-07
-9.57413e-07
-4.04454e-07
-8.68328e-07
-2.908e-07
-7.62816e-07
-1.92447e-07
-6.4272e-07
-1.11854e-07
-5.10435e-07
-5.14007e-08
-3.68904e-07
-1.33808e-08
-2.21604e-07
-7.27219e-08
-1.50522e-08
9.22515e-08
-5.72438e-08
2.73708e-07
-1.23619e-07
4.47501e-07
-2.11243e-07
6.09966e-07
-3.17211e-07
7.5823e-07
-4.3866e-07
8.89996e-07
-5.72781e-07
1.00352e-06
-7.1683e-07
1.0976e-06
-8.68147e-07
1.17148e-06
-1.02417e-06
1.22485e-06
-1.18243e-06
1.25777e-06
-1.34062e-06
1.27058e-06
-1.49651e-06
1.26391e-06
-1.64807e-06
1.23858e-06
-1.79336e-06
1.19561e-06
-1.93065e-06
1.13614e-06
-2.05832e-06
1.06142e-06
-2.17493e-06
9.72782e-07
-2.27919e-06
8.7163e-07
-2.36995e-06
7.59416e-07
-2.44625e-06
6.37636e-07
-2.50725e-06
5.07825e-07
-2.55228e-06
3.71552e-07
-2.58082e-06
2.30418e-07
-2.59253e-06
8.60637e-08
-2.58719e-06
-5.98382e-08
-2.56479e-06
-2.05575e-07
-2.52544e-06
-3.49395e-07
-2.46946e-06
-4.89515e-07
-2.39735e-06
-6.2412e-07
-2.30979e-06
-7.51375e-07
-2.20766e-06
-8.69436e-07
-2.09203e-06
-9.76469e-07
-1.96421e-06
-1.07067e-06
-1.82568e-06
-1.15031e-06
-1.67815e-06
-1.21372e-06
-1.52353e-06
-1.25941e-06
-1.36393e-06
-1.28602e-06
-1.20162e-06
-1.29245e-06
-1.03907e-06
-1.27785e-06
-8.78857e-07
-1.24172e-06
-7.23692e-07
-1.18391e-06
-5.76359e-07
-1.10475e-06
-4.39692e-07
-1.005e-06
-3.16537e-07
-8.85971e-07
-2.09719e-07
-7.49538e-07
-1.22013e-07
-5.98142e-07
-5.61118e-08
-4.34805e-07
-1.46141e-08
-2.63101e-07
-8.7336e-08
-1.62394e-08
1.08491e-07
-6.17255e-08
3.19194e-07
-1.33206e-07
5.18981e-07
-2.27438e-07
7.04198e-07
-3.41211e-07
8.72004e-07
-4.71372e-07
1.02016e-06
-6.14838e-07
1.14699e-06
-7.6862e-07
1.25138e-06
-9.29839e-07
1.3327e-06
-1.09574e-06
1.39076e-06
-1.26372e-06
1.42574e-06
-1.4313e-06
1.43816e-06
-1.59618e-06
1.42879e-06
-1.75622e-06
1.39863e-06
-1.90945e-06
1.34884e-06
-2.05407e-06
1.28076e-06
-2.18844e-06
1.19579e-06
-2.31109e-06
1.09543e-06
-2.42072e-06
9.81259e-07
-2.51618e-06
8.54878e-07
-2.59649e-06
7.17946e-07
-2.66082e-06
5.72149e-07
-2.70848e-06
4.19212e-07
-2.73895e-06
2.60888e-07
-2.75185e-06
9.89706e-08
-2.74698e-06
-6.47106e-08
-2.72427e-06
-2.28283e-07
-2.68384e-06
-3.89829e-07
-2.62596e-06
-5.47392e-07
-2.55111e-06
-6.98973e-07
-2.45994e-06
-8.42546e-07
-2.35331e-06
-9.76067e-07
-2.23228e-06
-1.09749e-06
-2.09815e-06
-1.2048e-06
-1.95243e-06
-1.29603e-06
-1.79685e-06
-1.36931e-06
-1.63337e-06
-1.42289e-06
-1.46419e-06
-1.45521e-06
-1.29169e-06
-1.46495e-06
-1.11848e-06
-1.45107e-06
-9.47313e-07
-1.41288e-06
-7.81111e-07
-1.35012e-06
-6.22901e-07
-1.26296e-06
-4.75789e-07
-1.15211e-06
-3.42919e-07
-1.01884e-06
-2.27435e-07
-8.65022e-07
-1.32437e-07
-6.9314e-07
-6.09485e-08
-5.06293e-07
-1.58814e-08
-3.08169e-07
-1.03217e-07
-1.74402e-08
1.25931e-07
-6.62519e-08
3.68005e-07
-1.42879e-07
5.95609e-07
-2.43765e-07
8.05084e-07
-3.65388e-07
9.93627e-07
-5.04293e-07
1.15906e-06
-6.57121e-07
1.29982e-06
-8.20631e-07
1.41489e-06
-9.91719e-07
1.50379e-06
-1.16744e-06
1.56648e-06
-1.34502e-06
1.60332e-06
-1.52187e-06
1.61501e-06
-1.69558e-06
1.6025e-06
-1.86393e-06
1.56698e-06
-2.0249e-06
1.50981e-06
-2.17664e-06
1.4325e-06
-2.3175e-06
1.33665e-06
-2.446e-06
1.22393e-06
-2.56083e-06
1.09609e-06
-2.66085e-06
9.54897e-07
-2.74507e-06
8.02167e-07
-2.81266e-06
6.39743e-07
-2.86295e-06
4.69496e-07
-2.89539e-06
2.9333e-07
-2.9096e-06
1.13185e-07
-2.90535e-06
-6.89592e-08
-2.88256e-06
-2.51076e-07
-2.8413e-06
-4.31089e-07
-2.78182e-06
-6.06869e-07
-2.70456e-06
-7.76239e-07
-2.61012e-06
-9.36981e-07
-2.49934e-06
-1.08685e-06
-2.37326e-06
-1.22358e-06
-2.23314e-06
-1.34492e-06
-2.0805e-06
-1.44867e-06
-1.9171e-06
-1.53271e-06
-1.74494e-06
-1.59505e-06
-1.56628e-06
-1.63387e-06
-1.38363e-06
-1.6476e-06
-1.19972e-06
-1.63498e-06
-1.0175e-06
-1.5951e-06
-8.40095e-07
-1.52752e-06
-6.70798e-07
-1.43225e-06
-5.12997e-07
-1.30991e-06
-3.70154e-07
-1.16168e-06
-2.45749e-07
-9.89428e-07
-1.43228e-07
-7.9566e-07
-6.59632e-08
-5.83559e-07
-1.71981e-08
-3.56934e-07
-1.20416e-07
-1.86636e-08
1.44595e-07
-7.08538e-08
4.20196e-07
-1.52698e-07
6.77453e-07
-2.60313e-07
9.12699e-07
-3.89854e-07
1.12317e-06
-5.37556e-07
1.30676e-06
-6.99773e-07
1.46203e-06
-8.73002e-07
1.58812e-06
-1.05391e-06
1.6847e-06
-1.23936e-06
1.75193e-06
-1.42642e-06
1.79038e-06
-1.61237e-06
1.80095e-06
-1.79469e-06
1.78482e-06
-1.97111e-06
1.74339e-06
-2.13955e-06
1.67825e-06
-2.29814e-06
1.5911e-06
-2.44523e-06
1.48373e-06
-2.57932e-06
1.35803e-06
-2.69912e-06
1.21589e-06
-2.80351e-06
1.05928e-06
-2.89149e-06
8.90155e-07
-2.96226e-06
7.10514e-07
-3.01514e-06
5.22374e-07
-3.04959e-06
3.2778e-07
-3.06522e-06
1.2881e-07
-3.06176e-06
-7.24141e-08
-3.03912e-06
-2.73721e-07
-2.99732e-06
-4.72882e-07
-2.93659e-06
-6.67605e-07
-2.85729e-06
-8.55538e-07
-2.76e-06
-1.03427e-06
-2.64549e-06
-1.20136e-06
-2.51476e-06
-1.3543e-06
-2.36905e-06
-1.49063e-06
-2.20986e-06
-1.60786e-06
-2.03894e-06
-1.70363e-06
-1.85834e-06
-1.77565e-06
-1.67037e-06
-1.82183e-06
-1.47765e-06
-1.84032e-06
-1.28304e-06
-1.82958e-06
-1.08968e-06
-1.78846e-06
-9.0092e-07
-1.71628e-06
-7.20312e-07
-1.61286e-06
-5.51553e-07
-1.47867e-06
-3.98439e-07
-1.3148e-06
-2.64809e-07
-1.12306e-06
-1.54484e-07
-9.05985e-07
-7.12057e-08
-6.66837e-07
-1.85789e-08
-4.0956e-07
-1.38994e-07
-1.9918e-08
1.64513e-07
-7.55595e-08
4.75837e-07
-1.62717e-07
7.6461e-07
-2.77162e-07
1.02714e-06
-4.14712e-07
1.26072e-06
-5.71279e-07
1.46333e-06
-7.42913e-07
1.63367e-06
-9.25844e-07
1.77105e-06
-1.11651e-06
1.87536e-06
-1.31156e-06
1.94699e-06
-1.50791e-06
1.98673e-06
-1.70271e-06
1.99575e-06
-1.89337e-06
1.97548e-06
-2.07754e-06
1.92756e-06
-2.25311e-06
1.85382e-06
-2.41821e-06
1.75619e-06
-2.57116e-06
1.63669e-06
-2.71052e-06
1.49738e-06
-2.83499e-06
1.34037e-06
-2.94347e-06
1.16776e-06
-3.03502e-06
9.81701e-07
-3.10883e-06
7.84322e-07
-3.16423e-06
5.77778e-07
-3.2007e-06
3.64248e-07
-3.21783e-06
1.45939e-07
-3.21534e-06
-7.49001e-08
-3.1931e-06
-2.95963e-07
-3.1511e-06
-5.1488e-07
-3.0895e-06
-7.29207e-07
-3.00862e-06
-9.36424e-07
-2.90895e-06
-1.13394e-06
-2.79122e-06
-1.31909e-06
-2.65636e-06
-1.48916e-06
-2.50555e-06
-1.64143e-06
-2.34026e-06
-1.77315e-06
-2.16224e-06
-1.88166e-06
-1.97353e-06
-1.96436e-06
-1.77651e-06
-2.01885e-06
-1.57387e-06
-2.04296e-06
-1.36862e-06
-2.03483e-06
-1.16408e-06
-1.99301e-06
-9.63821e-07
-1.91653e-06
-7.71679e-07
-1.805e-06
-5.91673e-07
-1.65867e-06
-4.27957e-07
-1.47851e-06
-2.84757e-07
-1.26626e-06
-1.66296e-07
-1.02445e-06
-7.67235e-08
-7.56409e-07
-2.00377e-08
-4.66246e-07
-1.59032e-07
-2.12111e-08
1.85724e-07
-8.03956e-08
5.35022e-07
-1.72986e-07
8.57201e-07
-2.94389e-07
1.14855e-06
-4.40058e-07
1.40639e-06
-6.05564e-07
1.62884e-06
-7.86641e-07
1.81474e-06
-9.79237e-07
1.96364e-06
-1.17954e-06
2.07566e-06
-1.38402e-06
2.15146e-06
-1.58941e-06
2.19213e-06
-1.79276e-06
2.1991e-06
-1.99138e-06
2.1741e-06
-2.18289e-06
2.11907e-06
-2.36515e-06
2.03608e-06
-2.53628e-06
1.92733e-06
-2.69466e-06
1.79506e-06
-2.83883e-06
1.64156e-06
-2.96757e-06
1.4691e-06
-3.07981e-06
1.28e-06
-3.17463e-06
1.07653e-06
-3.25127e-06
8.60962e-07
-3.30909e-06
6.35592e-07
-3.34755e-06
4.02713e-07
-3.36626e-06
1.64648e-07
-3.36492e-06
-7.62393e-08
-3.34336e-06
-3.17527e-07
-3.30152e-06
-5.56716e-07
-3.23951e-06
-7.91225e-07
-3.15755e-06
-1.01838e-06
-3.05609e-06
-1.2354e-06
-2.93575e-06
-1.43943e-06
-2.79737e-06
-1.62754e-06
-2.64209e-06
-1.79671e-06
-2.47129e-06
-1.94395e-06
-2.28669e-06
-2.06626e-06
-2.09033e-06
-2.16072e-06
-1.88462e-06
-2.22456e-06
-1.67232e-06
-2.25526e-06
-1.45656e-06
-2.25058e-06
-1.24085e-06
-2.20873e-06
-1.02899e-06
-2.12839e-06
-8.25104e-07
-2.00889e-06
-6.33554e-07
-1.85022e-06
-4.58879e-07
-1.65319e-06
-3.05724e-07
-1.41941e-06
-1.78754e-07
-1.15142e-06
-8.25629e-08
-8.526e-07
-2.15881e-08
-5.27221e-07
-1.8062e-07
-2.25508e-08
2.08275e-07
-8.53886e-08
5.9786e-07
-1.83557e-07
9.55369e-07
-3.12064e-07
1.27705e-06
-4.65979e-07
1.5603e-06
-6.40504e-07
1.80336e-06
-8.31038e-07
2.00528e-06
-1.03323e-06
2.16584e-06
-1.24303e-06
2.28546e-06
-1.45668e-06
2.36512e-06
-1.67079e-06
2.40623e-06
-1.88226e-06
2.41057e-06
-2.08836e-06
2.3802e-06
-2.28667e-06
2.31737e-06
-2.47504e-06
2.22445e-06
-2.65163e-06
2.10392e-06
-2.81483e-06
1.95826e-06
-2.96327e-06
1.78999e-06
-3.09576e-06
1.60159e-06
-3.21129e-06
1.39553e-06
-3.30902e-06
1.17425e-06
-3.38821e-06
9.4015e-07
-3.44825e-06
6.95637e-07
-3.48865e-06
4.43111e-07
-3.50899e-06
1.84993e-07
-3.50898e-06
-7.62566e-08
-3.48839e-06
-3.38117e-07
-3.44712e-06
-5.97982e-07
-3.3852e-06
-8.53147e-07
-3.30278e-06
-1.10079e-06
-3.2002e-06
-1.33798e-06
-3.07797e-06
-1.56166e-06
-2.93685e-06
-1.76866e-06
-2.77785e-06
-1.95572e-06
-2.60227e-06
-2.11953e-06
-2.41178e-06
-2.25675e-06
-2.20837e-06
-2.36412e-06
-1.99447e-06
-2.43847e-06
-1.77288e-06
-2.47684e-06
-1.54686e-06
-2.4766e-06
-1.32007e-06
-2.43552e-06
-1.09656e-06
-2.3519e-06
-8.80754e-07
-2.2247e-06
-6.77369e-07
-2.05361e-06
-4.91363e-07
-1.83919e-06
-3.27837e-07
-1.58294e-06
-1.91942e-07
-1.28731e-06
-8.87688e-08
-9.55773e-07
-2.32434e-08
-5.92746e-07
-2.03864e-07
-2.39451e-08
2.3222e-07
-9.05658e-08
6.6448e-07
-1.9448e-07
1.05928e-06
-3.30263e-07
1.41284e-06
-4.92563e-07
1.7226e-06
-6.76185e-07
1.98698e-06
-8.76171e-07
2.20526e-06
-1.08786e-06
2.37752e-06
-1.30693e-06
2.50453e-06
-1.52943e-06
2.58762e-06
-1.7518e-06
2.6286e-06
-1.97087e-06
2.62964e-06
-2.18383e-06
2.59317e-06
-2.38824e-06
2.52179e-06
-2.582e-06
2.41821e-06
-2.7633e-06
2.28521e-06
-2.93059e-06
2.12556e-06
-3.08258e-06
1.94198e-06
-3.21816e-06
1.73718e-06
-3.33641e-06
1.51378e-06
-3.43654e-06
1.27438e-06
-3.5179e-06
1.02151e-06
-3.57992e-06
7.57658e-07
-3.62213e-06
4.85321e-07
-3.64413e-06
2.06996e-07
-3.6456e-06
-7.47844e-08
-3.6263e-06
-3.57422e-07
-3.58605e-06
-6.38227e-07
-3.52481e-06
-9.14392e-07
-3.44263e-06
-1.18298e-06
-3.33971e-06
-1.4409e-06
-3.21647e-06
-1.68491e-06
-3.07351e-06
-1.91162e-06
-2.91171e-06
-2.11751e-06
-2.73228e-06
-2.29896e-06
-2.53676e-06
-2.45228e-06
-2.32709e-06
-2.57379e-06
-2.10567e-06
-2.6599e-06
-1.87533e-06
-2.70718e-06
-1.63942e-06
-2.71251e-06
-1.40175e-06
-2.67319e-06
-1.16662e-06
-2.58703e-06
-9.38761e-07
-2.45256e-06
-7.23271e-07
-2.2691e-06
-5.25556e-07
-2.03691e-06
-3.51219e-07
-1.75728e-06
-2.05947e-07
-1.43258e-06
-9.53866e-08
-1.06633e-06
-2.50174e-08
-6.63116e-07
-2.28881e-07
-2.5403e-08
2.57623e-07
-9.59574e-08
7.35035e-07
-2.05811e-07
1.16914e-06
-3.49064e-07
1.55609e-06
-5.199e-07
1.89344e-06
-7.12692e-07
2.17978e-06
-9.22095e-07
2.41467e-06
-1.14311e-06
2.59854e-06
-1.37116e-06
2.73257e-06
-1.60207e-06
2.81853e-06
-1.83214e-06
2.85867e-06
-2.05811e-06
2.85561e-06
-2.27715e-06
2.8122e-06
-2.48682e-06
2.73145e-06
-2.68505e-06
2.61645e-06
-2.87012e-06
2.47028e-06
-3.04058e-06
2.29602e-06
-3.19523e-06
2.09663e-06
-3.33308e-06
1.87503e-06
-3.45331e-06
1.63401e-06
-3.55523e-06
1.3763e-06
-3.63827e-06
1.10454e-06
-3.70192e-06
8.21308e-07
-3.74575e-06
5.29156e-07
-3.76939e-06
2.30636e-07
-3.77251e-06
-7.16706e-08
-3.75481e-06
-3.75118e-07
-3.71608e-06
-6.76957e-07
-3.65616e-06
-9.74309e-07
-3.57501e-06
-1.26413e-06
-3.47268e-06
-1.54322e-06
-3.34944e-06
-1.80815e-06
-3.20573e-06
-2.05533e-06
-3.04227e-06
-2.28097e-06
-2.8601e-06
-2.48113e-06
-2.66062e-06
-2.65175e-06
-2.44569e-06
-2.78872e-06
-2.21762e-06
-2.88797e-06
-1.97925e-06
-2.94555e-06
-1.73399e-06
-2.95778e-06
-1.48579e-06
-2.92138e-06
-1.23919e-06
-2.83364e-06
-9.99216e-07
-2.69253e-06
-7.71389e-07
-2.49693e-06
-5.61595e-07
-2.2467e-06
-3.75987e-07
-1.94288e-06
-2.20852e-07
-1.58772e-06
-1.02463e-07
-1.18472e-06
-2.69242e-08
-7.38654e-07
-2.55805e-07
-2.69349e-08
2.84558e-07
-1.01598e-07
8.09698e-07
-2.17615e-07
1.28515e-06
-3.68556e-07
1.70703e-06
-5.48089e-07
2.07297e-06
-7.50113e-07
2.3818e-06
-9.68861e-07
2.63341e-06
-1.19898e-06
2.82866e-06
-1.4356e-06
2.96919e-06
-1.67436e-06
3.05729e-06
-1.91141e-06
3.09573e-06
-2.14343e-06
3.08762e-06
-2.36755e-06
3.03633e-06
-2.5814e-06
2.9453e-06
-2.78299e-06
2.81804e-06
-2.97069e-06
2.65799e-06
-3.14319e-06
2.46851e-06
-3.29942e-06
2.25286e-06
-3.43853e-06
2.01414e-06
-3.55983e-06
1.75532e-06
-3.66276e-06
1.47924e-06
-3.74684e-06
1.18863e-06
-3.81167e-06
8.86133e-07
-3.85686e-06
5.74346e-07
-3.88206e-06
2.5584e-07
-3.88695e-06
-6.67861e-08
-3.87119e-06
-3.90871e-07
-3.83451e-06
-7.13641e-07
-3.77665e-06
-1.03217e-06
-3.69742e-06
-1.34336e-06
-3.59674e-06
-1.64389e-06
-3.47468e-06
-1.93021e-06
-3.3315e-06
-2.19851e-06
-3.16772e-06
-2.44476e-06
-2.98416e-06
-2.66469e-06
-2.78207e-06
-2.85385e-06
-2.56311e-06
-3.00767e-06
-2.32952e-06
-3.12156e-06
-2.08408e-06
-3.19099e-06
-1.83021e-06
-3.21164e-06
-1.57201e-06
-3.17958e-06
-1.3142e-06
-3.09144e-06
-1.06217e-06
-2.94457e-06
-8.21828e-07
-2.73726e-06
-5.99606e-07
-2.46893e-06
-4.0226e-07
-2.14023e-06
-2.36747e-07
-1.75323e-06
-1.10046e-07
-1.31142e-06
-2.8979e-08
-8.19721e-07
-2.84784e-07
-2.85534e-08
3.13111e-07
-1.0753e-07
8.88675e-07
-2.2997e-07
1.40759e-06
-3.88843e-07
1.8659e-06
-5.77246e-07
2.26137e-06
-7.88548e-07
2.5931e-06
-1.01652e-06
2.86139e-06
-1.25543e-06
3.06758e-06
-1.50011e-06
3.21388e-06
-1.746e-06
3.30317e-06
-1.98911e-06
3.33884e-06
-2.22609e-06
3.3246e-06
-2.4541e-06
3.26434e-06
-2.67082e-06
3.16203e-06
-2.87439e-06
3.02161e-06
-3.06333e-06
2.84693e-06
-3.23649e-06
2.64167e-06
-3.39298e-06
2.40935e-06
-3.53212e-06
2.15328e-06
-3.65339e-06
1.87659e-06
-3.75638e-06
1.58223e-06
-3.84075e-06
1.27299e-06
-3.90617e-06
9.51555e-07
-3.95235e-06
6.20527e-07
-3.97898e-06
2.82472e-07
-3.98573e-06
-6.00343e-08
-3.97225e-06
-4.04347e-07
-3.93819e-06
-7.47708e-07
-3.88317e-06
-1.08719e-06
-3.80688e-06
-1.41966e-06
-3.70905e-06
-1.74172e-06
-3.58955e-06
-2.04971e-06
-3.44839e-06
-2.33966e-06
-3.28586e-06
-2.60729e-06
-3.10255e-06
-2.848e-06
-2.89944e-06
-3.05696e-06
-2.678e-06
-3.22911e-06
-2.4403e-06
-3.35927e-06
-2.18901e-06
-3.44227e-06
-1.92755e-06
-3.4731e-06
-1.66008e-06
-3.44705e-06
-1.39154e-06
-3.35998e-06
-1.12761e-06
-3.2085e-06
-8.74672e-07
-2.9902e-06
-6.39711e-07
-2.70389e-06
-4.30159e-07
-2.34978e-06
-2.53724e-07
-1.92967e-06
-1.1819e-07
-1.44696e-06
-3.11986e-08
-9.06713e-07
-3.15983e-07
-3.02745e-08
3.43385e-07
-1.13807e-07
9.72207e-07
-2.42969e-07
1.53676e-06
-4.10056e-07
2.03299e-06
-6.07513e-07
2.45883e-06
-8.28117e-07
2.81371e-06
-1.06513e-06
3.0984e-06
-1.31241e-06
3.31486e-06
-1.56448e-06
3.46595e-06
-1.81658e-06
3.55527e-06
-2.06463e-06
3.58689e-06
-2.30524e-06
3.56521e-06
-2.53565e-06
3.49474e-06
-2.75366e-06
3.38003e-06
-2.95755e-06
3.22551e-06
-3.14606e-06
3.03543e-06
-3.31824e-06
2.81385e-06
-3.47341e-06
2.56452e-06
-3.61113e-06
2.29099e-06
-3.73105e-06
1.99651e-06
-3.83295e-06
1.68413e-06
-3.91665e-06
1.35668e-06
-3.98195e-06
1.01686e-06
-4.02865e-06
6.67227e-07
-4.05649e-06
3.10314e-07
-4.06516e-06
-5.1362e-08
-4.05429e-06
-4.15221e-07
-4.02344e-06
-7.7856e-07
-3.97214e-06
-1.13849e-06
-3.8999e-06
-1.49189e-06
-3.80628e-06
-1.83535e-06
-3.69088e-06
-2.16511e-06
-3.55348e-06
-2.47706e-06
-3.39406e-06
-2.76671e-06
-3.2129e-06
-3.02916e-06
-3.0107e-06
-3.25916e-06
-2.78866e-06
-3.45115e-06
-2.5486e-06
-3.59934e-06
-2.29303e-06
-3.69784e-06
-2.02528e-06
-3.74084e-06
-1.74956e-06
-3.72277e-06
-1.47097e-06
-3.63858e-06
-1.19549e-06
-3.48398e-06
-9.29978e-07
-3.25571e-06
-6.82026e-07
-2.95184e-06
-4.59809e-07
-2.572e-06
-2.71885e-07
-2.11759e-06
-1.26955e-07
-1.59189e-06
-3.36023e-08
-1.00007e-06
-3.49585e-07
-3.21186e-08
3.75504e-07
-1.20493e-07
1.06058e-06
-2.56734e-07
1.673e-06
-4.32357e-07
2.20861e-06
-6.39064e-07
2.66554e-06
-8.68965e-07
3.04361e-06
-1.11476e-06
3.34419e-06
-1.36986e-06
3.56995e-06
-1.62847e-06
3.72457e-06
-1.88564e-06
3.81244e-06
-2.13723e-06
3.83848e-06
-2.37985e-06
3.80784e-06
-2.61087e-06
3.72576e-06
-2.82824e-06
3.59741e-06
-3.03049e-06
3.42776e-06
-3.21658e-06
3.22152e-06
-3.38583e-06
2.98309e-06
-3.53783e-06
2.71653e-06
-3.67238e-06
2.42554e-06
-3.78939e-06
2.11353e-06
-3.88885e-06
1.78359e-06
-3.97075e-06
1.43858e-06
-4.03506e-06
1.08117e-06
-4.08168e-06
7.13848e-07
-4.11043e-06
3.39064e-07
-4.12103e-06
-4.07707e-08
-4.11306e-06
-4.23184e-07
-4.08605e-06
-8.05576e-07
-4.03939e-06
-1.18515e-06
-3.97244e-06
-1.55884e-06
-3.88452e-06
-1.92326e-06
-3.77499e-06
-2.27463e-06
-3.64332e-06
-2.60874e-06
-3.48914e-06
-2.92089e-06
-3.31239e-06
-3.20591e-06
-3.11339e-06
-3.45815e-06
-2.893e-06
-3.67154e-06
-2.65272e-06
-3.83962e-06
-2.39481e-06
-3.95575e-06
-2.12246e-06
-4.01319e-06
-1.83984e-06
-4.0054e-06
-1.55215e-06
-3.92627e-06
-1.26569e-06
-3.77044e-06
-9.87777e-07
-3.53362e-06
-7.26664e-07
-3.21295e-06
-4.91347e-07
-2.80732e-06
-2.91344e-07
-2.31759e-06
-1.36408e-07
-1.74682e-06
-3.62124e-08
-1.10026e-06
-3.85798e-07
-3.41118e-08
4.09616e-07
-1.27676e-07
1.15415e-06
-2.71418e-07
1.81674e-06
-4.55951e-07
2.39315e-06
-6.72119e-07
2.88171e-06
-9.11274e-07
3.28276e-06
-1.16548e-06
3.5984e-06
-1.42769e-06
3.83216e-06
-1.69177e-06
3.98865e-06
-1.9526e-06
4.07327e-06
-2.20601e-06
4.09188e-06
-2.44868e-06
4.05051e-06
-2.67815e-06
3.95522e-06
-2.89261e-06
3.81187e-06
-3.09087e-06
3.62602e-06
-3.2722e-06
3.40285e-06
-3.43623e-06
3.14713e-06
-3.58289e-06
2.86318e-06
-3.71226e-06
2.55491e-06
-3.82455e-06
2.22581e-06
-3.91998e-06
1.87902e-06
-3.99876e-06
1.51737e-06
-4.06104e-06
1.14345e-06
-4.10686e-06
7.59662e-07
-4.13611e-06
3.68315e-07
-4.14855e-06
-2.8328e-08
-4.14378e-06
-4.27955e-07
-4.12123e-06
-8.28124e-07
-4.0802e-06
-1.22618e-06
-4.01986e-06
-1.61919e-06
-3.9393e-06
-2.00382e-06
-3.8376e-06
-2.37634e-06
-3.71387e-06
-2.73246e-06
-3.56738e-06
-3.06738e-06
-3.39764e-06
-3.37565e-06
-3.20453e-06
-3.65126e-06
-2.98847e-06
-3.88759e-06
-2.75056e-06
-4.07754e-06
-2.49272e-06
-4.21359e-06
-2.21788e-06
-4.28803e-06
-1.93009e-06
-4.29319e-06
-1.63462e-06
-4.22174e-06
-1.33801e-06
-4.06704e-06
-1.04807e-06
-3.82356e-06
-7.7374e-07
-3.48728e-06
-5.24926e-07
-3.05613e-06
-3.12236e-07
-2.53028e-06
-1.46631e-07
-1.91243e-06
-3.90558e-08
-1.20784e-06
-4.24853e-07
-3.62883e-08
4.45904e-07
-1.35465e-07
1.25332e-06
-2.87218e-07
1.96849e-06
-4.81098e-07
2.58703e-06
-7.06955e-07
3.10756e-06
-9.55269e-07
3.53108e-06
-1.21741e-06
3.86054e-06
-1.4858e-06
4.10055e-06
-1.754e-06
4.25686e-06
-2.01675e-06
4.33602e-06
-2.26988e-06
4.345e-06
-2.51023e-06
4.29087e-06
-2.73558e-06
4.18057e-06
-2.94443e-06
4.02072e-06
-3.13595e-06
3.81754e-06
-3.30979e-06
3.57669e-06
-3.46597e-06
3.30331e-06
-3.60478e-06
3.00199e-06
-3.72666e-06
2.67679e-06
-3.83213e-06
2.33128e-06
-3.92171e-06
1.96859e-06
-3.99584e-06
1.5915e-06
-4.05488e-06
1.20248e-06
-4.09901e-06
8.03793e-07
-4.12825e-06
3.97551e-07
-4.1424e-06
-1.41792e-08
-4.14105e-06
-4.29297e-07
-4.1236e-06
-8.45575e-07
-4.08922e-06
-1.26057e-06
-4.0369e-06
-1.67151e-06
-3.96549e-06
-2.07523e-06
-3.87377e-06
-2.46806e-06
-3.76047e-06
-2.84576e-06
-3.62442e-06
-3.20342e-06
-3.46466e-06
-3.53541e-06
-3.28056e-06
-3.83536e-06
-3.072e-06
-4.09615e-06
-2.83956e-06
-4.30998e-06
-2.5847e-06
-4.46844e-06
-2.31e-06
-4.56273e-06
-2.01927e-06
-4.58393e-06
-1.71775e-06
-4.52326e-06
-1.41218e-06
-4.37261e-06
-1.11083e-06
-4.12491e-06
-8.23371e-07
-3.77474e-06
-5.60721e-07
-3.31878e-06
-3.34717e-07
-2.75629e-06
-1.57723e-07
-2.08942e-06
-4.21653e-08
-1.32339e-06
-4.67019e-07
-3.86926e-08
4.84597e-07
-1.44004e-07
1.35863e-06
-3.04385e-07
2.12887e-06
-5.08129e-07
2.79077e-06
-7.43916e-07
3.34335e-06
-1.00122e-06
3.78838e-06
-1.27063e-06
4.12995e-06
-1.54403e-06
4.37394e-06
-1.81467e-06
4.5275e-06
-2.07718e-06
4.59854e-06
-2.32749e-06
4.59531e-06
-2.56269e-06
4.52606e-06
-2.78086e-06
4.39874e-06
-2.98093e-06
4.2208e-06
-3.16252e-06
3.99912e-06
-3.32572e-06
3.73989e-06
-3.47101e-06
3.44861e-06
-3.59912e-06
3.1301e-06
-3.71089e-06
2.78856e-06
-3.80718e-06
2.42758e-06
-3.88884e-06
2.05025e-06
-3.95659e-06
1.65925e-06
-4.011e-06
1.25689e-06
-4.05243e-06
8.45223e-07
-4.08102e-06
4.26137e-07
-4.09664e-06
1.4422e-09
-4.09891e-06
-4.27029e-07
-4.08716e-06
-8.57323e-07
-4.06047e-06
-1.28726e-06
-4.01765e-06
-1.71432e-06
-3.95731e-06
-2.13556e-06
-3.87789e-06
-2.54748e-06
-3.77774e-06
-2.94591e-06
-3.65522e-06
-3.32595e-06
-3.50881e-06
-3.68183e-06
-3.33728e-06
-4.00689e-06
-3.13989e-06
-4.29354e-06
-2.91659e-06
-4.53328e-06
-2.66825e-06
-4.71678e-06
-2.39691e-06
-4.83407e-06
-2.10604e-06
-4.8748e-06
-1.80072e-06
-4.82858e-06
-1.48781e-06
-4.68552e-06
-1.17598e-06
-4.43674e-06
-8.7568e-07
-4.07504e-06
-5.98936e-07
-3.59552e-06
-3.58981e-07
-2.99624e-06
-1.69805e-07
-2.2786e-06
-4.55822e-08
-1.44762e-06
-5.12601e-07
-4.13829e-08
5.2598e-07
-1.53476e-07
1.47073e-06
-3.23242e-07
2.29864e-06
-5.37461e-07
3.00499e-06
-7.83426e-07
3.58931e-06
-1.04946e-06
4.05442e-06
-1.32527e-06
4.40576e-06
-1.60216e-06
4.65084e-06
-1.87312e-06
4.79846e-06
-2.13276e-06
4.85817e-06
-2.37719e-06
4.83974e-06
-2.60383e-06
4.7527e-06
-2.81122e-06
4.60614e-06
-2.99883e-06
4.40841e-06
-3.16679e-06
4.16708e-06
-3.31577e-06
3.88886e-06
-3.44675e-06
3.57959e-06
-3.56096e-06
3.24431e-06
-3.65967e-06
2.88727e-06
-3.74416e-06
2.51207e-06
-3.81561e-06
2.1217e-06
-3.87504e-06
1.71868e-06
-3.92325e-06
1.30511e-06
-3.96081e-06
8.82784e-07
-3.98799e-06
4.53316e-07
-4.00476e-06
1.82064e-08
-4.01075e-06
-4.21039e-07
-4.00527e-06
-8.62798e-07
-3.98731e-06
-1.30522e-06
-3.95551e-06
-1.74612e-06
-3.90824e-06
-2.18283e-06
-3.84362e-06
-2.6121e-06
-3.75957e-06
-3.02996e-06
-3.65394e-06
-3.43157e-06
-3.52463e-06
-3.81114e-06
-3.36973e-06
-4.16179e-06
-3.18775e-06
-4.47551e-06
-2.97789e-06
-4.74314e-06
-2.74025e-06
-4.95442e-06
-2.47621e-06
-5.09811e-06
-2.18869e-06
-5.16232e-06
-1.88245e-06
-5.13482e-06
-1.56433e-06
-5.00364e-06
-1.24338e-06
-4.7577e-06
-9.30798e-07
-4.38762e-06
-6.39816e-07
-3.8865e-06
-3.85265e-07
-3.25079e-06
-1.83032e-07
-2.48083e-06
-4.93589e-08
-1.58129e-06
-5.6196e-07
-4.4436e-08
5.70416e-07
-1.64124e-07
1.59041e-06
-3.44203e-07
2.47872e-06
-5.69616e-07
3.2304e-06
-8.26004e-07
3.8457e-06
-1.10034e-06
4.32875e-06
-1.38138e-06
4.68679e-06
-1.65984e-06
4.92929e-06
-1.92848e-06
5.0671e-06
-2.182e-06
5.1117e-06
-2.41683e-06
5.07457e-06
-2.63089e-06
4.96676e-06
-2.82331e-06
4.79855e-06
-2.99418e-06
4.57928e-06
-3.14432e-06
4.31722e-06
-3.27501e-06
4.01955e-06
-3.38786e-06
3.69244e-06
-3.48461e-06
3.34106e-06
-3.56704e-06
2.9697e-06
-3.63684e-06
2.58188e-06
-3.69558e-06
2.18044e-06
-3.74457e-06
1.76767e-06
-3.78489e-06
1.34542e-06
-3.81728e-06
9.15179e-07
-3.84218e-06
4.78219e-07
-3.85966e-06
3.56829e-08
-3.8694e-06
-4.11299e-07
-3.8707e-06
-8.61496e-07
-3.86247e-06
-1.31346e-06
-3.84321e-06
-1.76538e-06
-3.81107e-06
-2.21498e-06
-3.76383e-06
-2.65934e-06
-3.69901e-06
-3.09478e-06
-3.61392e-06
-3.51666e-06
-3.50583e-06
-3.91923e-06
-3.37208e-06
-4.29554e-06
-3.21034e-06
-4.63725e-06
-3.01889e-06
-4.93459e-06
-2.79692e-06
-5.17639e-06
-2.54491e-06
-5.35012e-06
-2.26504e-06
-5.4422e-06
-1.96153e-06
-5.43833e-06
-1.64103e-06
-5.32414e-06
-1.31282e-06
-5.08592e-06
-9.88856e-07
-4.71158e-06
-6.83659e-07
-4.1917e-06
-4.13869e-07
-3.52058e-06
-1.97599e-07
-2.6971e-06
-5.35632e-08
-1.72533e-06
-6.15523e-07
-4.7953e-08
6.18368e-07
-1.76259e-07
1.71872e-06
-3.67795e-07
2.67025e-06
-6.05245e-07
3.46785e-06
-8.72265e-07
4.11272e-06
-1.15427e-06
4.61076e-06
-1.43896e-06
4.97148e-06
-1.71649e-06
5.20682e-06
-1.9795e-06
5.33012e-06
-2.22294e-06
5.35513e-06
-2.44371e-06
5.29534e-06
-2.64042e-06
5.16347e-06
-2.81297e-06
4.9711e-06
-2.96224e-06
4.72855e-06
-3.08981e-06
4.44479e-06
-3.1977e-06
4.12745e-06
-3.28819e-06
3.78293e-06
-3.36363e-06
3.41649e-06
-3.42629e-06
3.03236e-06
-3.47834e-06
2.63392e-06
-3.52169e-06
2.22379e-06
-3.55799e-06
1.80398e-06
-3.58857e-06
1.376e-06
-3.61438e-06
9.40998e-07
-3.63603e-06
4.99867e-07
-3.65369e-06
5.33409e-08
-3.66711e-06
-3.97876e-07
-3.67561e-06
-8.52997e-07
-3.67804e-06
-1.31102e-06
-3.6728e-06
-1.77062e-06
-3.65782e-06
-2.22996e-06
-3.63061e-06
-2.68656e-06
-3.58827e-06
-3.13712e-06
-3.52759e-06
-3.57733e-06
-3.44517e-06
-4.00166e-06
-3.33754e-06
-4.40317e-06
-3.20145e-06
-4.77334e-06
-3.03411e-06
-5.10193e-06
-2.8336e-06
-5.3769e-06
-2.59928e-06
-5.58444e-06
-2.33231e-06
-5.70917e-06
-2.03611e-06
-5.73452e-06
-1.71689e-06
-5.64336e-06
-1.38396e-06
-5.41884e-06
-1.04998e-06
-5.04556e-06
-7.30822e-07
-4.51086e-06
-4.45172e-07
-3.80623e-06
-2.13762e-07
-2.92851e-06
-5.82843e-08
-1.8808e-06
-6.73807e-07
-5.20684e-08
6.70437e-07
-1.9029e-07
1.85694e-06
-3.94692e-07
2.87466e-06
-6.45151e-07
3.71831e-06
-9.22925e-07
4.3905e-06
-1.21164e-06
4.89948e-06
-1.49784e-06
5.25768e-06
-1.77122e-06
5.4802e-06
-2.02445e-06
5.58335e-06
-2.25292e-06
5.5836e-06
-2.4543e-06
5.49672e-06
-2.62807e-06
5.33724e-06
-2.7751e-06
5.11813e-06
-2.89723e-06
4.85068e-06
-2.99695e-06
4.5445e-06
-3.0771e-06
4.2076e-06
-3.14069e-06
3.84652e-06
-3.19069e-06
3.46648e-06
-3.22992e-06
3.0716e-06
-3.26098e-06
2.66499e-06
-3.28618e-06
2.24898e-06
-3.30745e-06
1.82525e-06
-3.32638e-06
1.39493e-06
-3.34414e-06
9.58757e-07
-3.36147e-06
5.17203e-07
-3.37869e-06
7.05575e-08
-3.39562e-06
-3.80943e-07
-3.41162e-06
-8.36997e-07
-3.42553e-06
-1.29712e-06
-3.43567e-06
-1.76048e-06
-3.43983e-06
-2.2258e-06
-3.43525e-06
-2.69114e-06
-3.41868e-06
-3.15369e-06
-3.3864e-06
-3.6096e-06
-3.33434e-06
-4.05372e-06
-3.25821e-06
-4.4793e-06
-3.15373e-06
-4.87783e-06
-3.01692e-06
-5.23874e-06
-2.84456e-06
-5.54927e-06
-2.63462e-06
-5.79437e-06
-2.38692e-06
-5.95686e-06
-2.10375e-06
-6.0177e-06
-1.7905e-06
-5.9566e-06
-1.45629e-06
-5.75305e-06
-1.11428e-06
-5.38757e-06
-7.81742e-07
-4.8434e-06
-4.79659e-07
-4.10832e-06
-2.31855e-07
-3.17632e-06
-6.3641e-08
-2.04902e-06
-7.37448e-07
-5.69627e-08
7.274e-07
-2.06754e-07
2.00673e-06
-4.25751e-07
3.09365e-06
-6.9031e-07
3.98287e-06
-9.78781e-07
4.67897e-06
-1.27273e-06
5.19343e-06
-1.55756e-06
5.54251e-06
-1.82259e-06
5.74523e-06
-2.06081e-06
5.82157e-06
-2.26836e-06
5.79116e-06
-2.44396e-06
5.67232e-06
-2.58827e-06
5.48154e-06
-2.70333e-06
5.23319e-06
-2.79214e-06
4.93949e-06
-2.85822e-06
4.61058e-06
-2.90532e-06
4.2547e-06
-2.9372e-06
3.8784e-06
-2.95748e-06
3.48676e-06
-2.96952e-06
3.08363e-06
-2.97634e-06
2.67181e-06
-2.98059e-06
2.25323e-06
-2.9845e-06
1.82916e-06
-2.98987e-06
1.4003e-06
-2.99807e-06
9.66955e-07
-3.00999e-06
5.29127e-07
-3.02607e-06
8.66334e-08
-3.04623e-06
-3.6078e-07
-3.0699e-06
-8.13331e-07
-3.09594e-06
-1.27107e-06
-3.12265e-06
-1.73377e-06
-3.14773e-06
-2.20072e-06
-3.16825e-06
-2.67062e-06
-3.18065e-06
-3.14129e-06
-3.18077e-06
-3.60949e-06
-3.1639e-06
-4.07058e-06
-3.12493e-06
-4.51827e-06
-3.0585e-06
-4.94426e-06
-2.95937e-06
-5.33788e-06
-2.82277e-06
-5.68586e-06
-2.64503e-06
-5.97211e-06
-2.42427e-06
-6.17763e-06
-2.16118e-06
-6.28079e-06
-1.85993e-06
-6.25785e-06
-1.529e-06
-6.08398e-06
-1.1818e-06
-5.73478e-06
-8.36935e-07
-5.18826e-06
-5.17951e-07
-4.4273e-06
-2.5232e-07
-3.44195e-06
-6.97938e-08
-2.23154e-06
-8.07242e-07
-6.28806e-08
7.9028e-07
-2.26359e-07
2.17021e-06
-4.62065e-07
3.32936e-06
-7.41891e-07
4.2627e-06
-1.04067e-06
4.97774e-06
-1.33764e-06
5.4904e-06
-1.61712e-06
5.82198e-06
-1.86833e-06
5.99644e-06
-2.08496e-06
6.0382e-06
-2.26433e-06
5.97053e-06
-2.40657e-06
5.81457e-06
-2.51386e-06
5.58883e-06
-2.58971e-06
5.30904e-06
-2.63841e-06
4.9882e-06
-2.66464e-06
4.6368e-06
-2.67309e-06
4.26315e-06
-2.66833e-06
3.87364e-06
-2.65459e-06
3.47303e-06
-2.63573e-06
3.06477e-06
-2.61515e-06
2.65123e-06
-2.59578e-06
2.23387e-06
-2.5801e-06
1.81348e-06
-2.5701e-06
1.3903e-06
-2.56729e-06
9.64142e-07
-2.5727e-06
5.3454e-07
-2.58689e-06
1.00821e-07
-2.60989e-06
-3.37776e-07
-2.64123e-06
-7.81996e-07
-2.67984e-06
-1.23246e-06
-2.72406e-06
-1.68954e-06
-2.77158e-06
-2.1532e-06
-2.81938e-06
-2.62282e-06
-2.86371e-06
-3.09697e-06
-2.90005e-06
-3.57315e-06
-2.92316e-06
-4.04747e-06
-2.92714e-06
-4.51429e-06
-2.90558e-06
-4.96581e-06
-2.85186e-06
-5.3916e-06
-2.75956e-06
-5.77817e-06
-2.62306e-06
-6.10861e-06
-2.43834e-06
-6.36234e-06
-2.20402e-06
-6.51511e-06
-1.92242e-06
-6.53944e-06
-1.60082e-06
-6.40558e-06
-1.25242e-06
-6.08318e-06
-8.97002e-07
-5.54368e-06
-5.60849e-07
-4.76345e-06
-2.75752e-07
-3.72704e-06
-7.69637e-08
-2.43033e-06
-8.84206e-07
-7.01596e-08
8.6044e-07
-2.50047e-07
2.3501e-06
-5.05018e-07
3.58433e-06
-8.01257e-07
4.55894e-06
-1.10934e-06
5.28583e-06
-1.40602e-06
5.78708e-06
-1.67467e-06
6.09063e-06
-1.90492e-06
6.22669e-06
-2.09168e-06
6.22497e-06
-2.23403e-06
6.11287e-06
-2.33401e-06
5.91455e-06
-2.39568e-06
5.6505e-06
-2.42426e-06
5.33763e-06
-2.42556e-06
4.98949e-06
-2.40543e-06
4.61668e-06
-2.36959e-06
4.22731e-06
-2.32332e-06
3.82737e-06
-2.27144e-06
3.42115e-06
-2.21821e-06
3.01154e-06
-2.16733e-06
2.60035e-06
-2.12196e-06
2.1885e-06
-2.08473e-06
1.77624e-06
-2.05773e-06
1.3633e-06
-2.04261e-06
9.49017e-07
-2.04049e-06
5.3242e-07
-2.05203e-06
1.12361e-07
-2.07739e-06
-3.12415e-07
-2.1162e-06
-7.43181e-07
-2.16755e-06
-1.18112e-06
-2.22987e-06
-1.62722e-06
-2.30094e-06
-2.08213e-06
-2.37777e-06
-2.54599e-06
-2.45654e-06
-3.0182e-06
-2.53254e-06
-3.49714e-06
-2.60013e-06
-3.97988e-06
-2.65274e-06
-4.46168e-06
-2.683e-06
-4.93556e-06
-2.68291e-06
-5.39169e-06
-2.64426e-06
-5.81682e-06
-2.55923e-06
-6.19364e-06
-2.42128e-06
-6.50029e-06
-2.2263e-06
-6.7101e-06
-1.97404e-06
-6.7917e-06
-1.66977e-06
-6.70986e-06
-1.32578e-06
-6.42717e-06
-9.626e-07
-5.90686e-06
-6.09376e-07
-5.11668e-06
-3.02954e-07
-4.03346e-06
-8.54595e-08
-2.64783e-06
-9.69665e-07
-7.92739e-08
9.39714e-07
-2.79087e-07
2.54991e-06
-5.5636e-07
3.8616e-06
-8.69928e-07
4.8725e-06
-1.18531e-06
5.60121e-06
-1.47666e-06
6.07843e-06
-1.72694e-06
6.34091e-06
-1.92687e-06
6.42662e-06
-2.07341e-06
6.37151e-06
-2.16809e-06
6.20755e-06
-2.21546e-06
5.96191e-06
-2.22186e-06
5.65691e-06
-2.19451e-06
5.31027e-06
-2.14077e-06
4.93575e-06
-2.06779e-06
4.5437e-06
-1.98217e-06
4.14169e-06
-1.88989e-06
3.73508e-06
-1.79618e-06
3.32744e-06
-1.70561e-06
2.92097e-06
-1.62205e-06
2.51679e-06
-1.54875e-06
2.1152e-06
-1.48841e-06
1.7159e-06
-1.44316e-06
1.31806e-06
-1.41468e-06
9.20536e-07
-1.40416e-06
5.21898e-07
-1.41234e-06
1.20537e-07
-1.43949e-06
-2.85266e-07
-1.48539e-06
-6.97275e-07
-1.5493e-06
-1.11721e-06
-1.62987e-06
-1.54666e-06
-1.72505e-06
-1.98695e-06
-1.83203e-06
-2.43901e-06
-1.9471e-06
-2.90313e-06
-2.06553e-06
-3.37871e-06
-2.18151e-06
-3.86391e-06
-2.288e-06
-4.35519e-06
-2.37682e-06
-4.84674e-06
-2.43871e-06
-5.32979e-06
-2.46369e-06
-5.79184e-06
-2.44153e-06
-6.21579e-06
-2.36274e-06
-6.57908e-06
-2.21984e-06
-6.853e-06
-2.0091e-06
-7.00244e-06
-1.73269e-06
-6.98627e-06
-1.40094e-06
-6.75892e-06
-1.03437e-06
-6.27343e-06
-6.64831e-07
-5.48622e-06
-3.35028e-07
-4.36327e-06
-9.5723e-08
-2.88713e-06
-1.06539e-06
-9.09064e-08
1.03062e-06
-3.15205e-07
2.77421e-06
-6.1827e-07
4.16467e-06
-9.49458e-07
5.20369e-06
-1.2684e-06
5.92014e-06
-1.54691e-06
6.35695e-06
-1.76839e-06
6.56239e-06
-1.92581e-06
6.58404e-06
-2.01926e-06
6.46497e-06
-2.05363e-06
6.24191e-06
-2.0366e-06
5.94489e-06
-1.97723e-06
5.59753e-06
-1.88486e-06
5.2179e-06
-1.76852e-06
4.81941e-06
-1.6365e-06
4.41168e-06
-1.49621e-06
4.00141e-06
-1.3541e-06
3.59297e-06
-1.21567e-06
3.18901e-06
-1.08558e-06
2.79088e-06
-9.6773e-07
2.39893e-06
-8.6531e-07
2.01278e-06
-7.80936e-07
1.63152e-06
-7.16693e-07
1.25382e-06
-6.74205e-07
8.78047e-07
-6.54666e-07
5.02358e-07
-6.58865e-07
1.24736e-07
-6.87183e-07
-2.56948e-07
-7.39572e-07
-6.44886e-07
-8.15506e-07
-1.04128e-06
-9.1391e-07
-1.44826e-06
-1.03307e-06
-1.8678e-06
-1.17048e-06
-2.30159e-06
-1.32276e-06
-2.75085e-06
-1.48541e-06
-3.21606e-06
-1.65268e-06
-3.69664e-06
-1.81741e-06
-4.19046e-06
-1.9709e-06
-4.69326e-06
-2.10286e-06
-5.19782e-06
-2.20165e-06
-5.69305e-06
-2.25464e-06
-6.16281e-06
-2.24905e-06
-6.58467e-06
-2.17336e-06
-6.92869e-06
-2.01931e-06
-7.15648e-06
-1.78459e-06
-7.22099e-06
-1.476e-06
-7.06751e-06
-1.11275e-06
-6.63668e-06
-7.28833e-07
-5.87014e-06
-3.73493e-07
-4.71861e-06
-1.08401e-07
-3.15222e-06
-1.17379e-06
-1.06069e-07
1.13669e-06
-3.60771e-07
3.02891e-06
-6.93404e-07
4.4973e-06
-1.04114e-06
5.55143e-06
-1.35708e-06
6.23608e-06
-1.61154e-06
6.61141e-06
-1.78991e-06
6.74076e-06
-1.88906e-06
6.68319e-06
-1.91366e-06
6.48957e-06
-1.873e-06
6.20125e-06
-1.77856e-06
5.85044e-06
-1.64237e-06
5.46135e-06
-1.47603e-06
5.05156e-06
-1.29006e-06
4.63344e-06
-1.09373e-06
4.21535e-06
-8.94955e-07
3.80263e-06
-7.0039e-07
3.3984e-06
-5.15551e-07
3.00417e-06
-3.44959e-07
2.62029e-06
-1.92293e-07
2.24627e-06
-6.05275e-08
1.88102e-06
4.79499e-08
1.52304e-06
1.31239e-07
1.17053e-06
1.87854e-07
8.21433e-07
2.16668e-07
4.73544e-07
2.16885e-07
1.24519e-07
1.88035e-07
-2.28098e-07
1.29987e-07
-5.86838e-07
4.30002e-08
-9.5429e-07
-7.22074e-08
-1.33305e-06
-2.14351e-07
-1.72565e-06
-3.81438e-07
-2.1345e-06
-5.70597e-07
-2.56169e-06
-7.77854e-07
-3.0088e-06
-9.97893e-07
-3.4766e-06
-1.22379e-06
-3.96456e-06
-1.44675e-06
-4.4703e-06
-1.65592e-06
-4.98865e-06
-1.83834e-06
-5.51064e-06
-1.97912e-06
-6.02203e-06
-2.06213e-06
-6.50166e-06
-2.07124e-06
-6.91958e-06
-1.99253e-06
-7.23519e-06
-1.81749e-06
-7.39603e-06
-1.54728e-06
-7.33771e-06
-1.19763e-06
-6.98632e-06
-8.03311e-07
-6.26446e-06
-4.20469e-07
-5.10145e-06
-1.24468e-07
-3.44822e-06
-1.29826e-06
-1.26312e-07
1.263e-06
-4.19066e-07
3.32167e-06
-7.84824e-07
4.86306e-06
-1.14533e-06
5.91193e-06
-1.44715e-06
6.5379e-06
-1.661e-06
6.82526e-06
-1.77677e-06
6.85653e-06
-1.79761e-06
6.70403e-06
-1.73451e-06
6.42647e-06
-1.60225e-06
6.06899e-06
-1.41664e-06
5.66483e-06
-1.19282e-06
5.23753e-06
-9.44414e-07
4.80315e-06
-6.8315e-07
4.37218e-06
-4.18837e-07
3.95104e-06
-1.59513e-07
3.54331e-06
8.83442e-08
3.15054e-06
3.19567e-07
2.77295e-06
5.30066e-07
2.40979e-06
7.16615e-07
2.05972e-06
8.76677e-07
1.72096e-06
1.00825e-06
1.39147e-06
1.10975e-06
1.06903e-06
1.17993e-06
7.5125e-07
1.21781e-06
4.35665e-07
1.22264e-06
1.19695e-07
1.19387e-06
-1.99329e-07
1.1312e-06
-5.24169e-07
1.03459e-06
-8.57681e-07
9.04338e-07
-1.2028e-06
7.41187e-07
-1.5625e-06
5.46469e-07
-1.93978e-06
3.22302e-07
-2.33752e-06
7.18367e-08
-2.75834e-06
-2.00431e-07
-3.20433e-06
-4.88305e-07
-3.67669e-06
-7.83482e-07
-4.17512e-06
-1.07515e-06
-4.69698e-06
-1.34967e-06
-5.23612e-06
-1.59043e-06
-5.78127e-06
-1.77813e-06
-6.31396e-06
-1.89181e-06
-6.8059e-06
-1.91087e-06
-7.21614e-06
-1.81867e-06
-7.48823e-06
-1.6079e-06
-7.54848e-06
-1.28752e-06
-7.3067e-06
-8.9036e-07
-6.66162e-06
-4.78912e-07
-5.5129e-06
-1.45439e-07
-3.7817e-06
-1.4437e-06
-1.54085e-07
1.41709e-06
-4.94613e-07
3.6622e-06
-8.95627e-07
5.26407e-06
-1.26004e-06
6.27635e-06
-1.5294e-06
6.80726e-06
-1.6785e-06
6.97435e-06
-1.70566e-06
6.88369e-06
-1.62332e-06
6.62169e-06
-1.45077e-06
6.25392e-06
-1.20924e-06
5.82746e-06
-9.19039e-07
5.37463e-06
-5.98124e-07
4.91662e-06
-2.61619e-07
4.46665e-06
7.81889e-08
4.03237e-06
4.11558e-07
3.61767e-06
7.30914e-07
3.22395e-06
1.03045e-06
2.85101e-06
1.30575e-06
2.49765e-06
1.55351e-06
2.16204e-06
1.77121e-06
1.84202e-06
1.95696e-06
1.5352e-06
2.10932e-06
1.23911e-06
2.22715e-06
9.51197e-07
2.30953e-06
6.68869e-07
2.3557e-06
3.89497e-07
2.365e-06
1.10397e-07
2.33685e-06
-1.71187e-07
2.2708e-06
-4.58113e-07
2.16648e-06
-7.5336e-07
2.02373e-06
-1.06005e-06
1.84266e-06
-1.38144e-06
1.62382e-06
-1.72094e-06
1.36835e-06
-2.08206e-06
1.0783e-06
-2.46828e-06
7.56915e-07
-2.88295e-06
4.09129e-07
-3.3289e-06
4.20543e-08
-3.80804e-06
-3.34384e-07
-4.32054e-06
-7.06811e-07
-4.86369e-06
-1.05784e-06
-5.43024e-06
-1.36581e-06
-6.00598e-06
-1.60518e-06
-6.56653e-06
-1.7481e-06
-7.07322e-06
-1.76792e-06
-7.46841e-06
-1.6454e-06
-7.671e-06
-1.37801e-06
-7.5741e-06
-9.91731e-07
-7.0479e-06
-5.52903e-07
-5.95173e-06
-1.73736e-07
-4.16086e-06
-1.61743e-06
-1.93372e-07
1.61046e-06
-5.93481e-07
4.0623e-06
-1.02777e-06
5.69836e-06
-1.37805e-06
6.62662e-06
-1.58545e-06
7.01466e-06
-1.63539e-06
7.02429e-06
-1.54015e-06
6.78845e-06
-1.32513e-06
6.40667e-06
-1.01962e-06
5.94842e-06
-6.51668e-07
5.45951e-06
-2.4559e-07
4.96855e-06
1.78728e-07
4.4923e-06
6.05691e-07
4.03969e-06
1.02344e-06
3.61462e-06
1.42319e-06
3.21793e-06
1.79853e-06
2.84861e-06
2.14491e-06
2.50463e-06
2.45914e-06
2.18342e-06
2.73901e-06
1.88218e-06
2.98298e-06
1.59804e-06
3.19002e-06
1.32816e-06
3.35937e-06
1.06977e-06
3.49044e-06
8.20123e-07
3.58274e-06
5.76568e-07
3.63578e-06
3.36456e-07
3.64905e-06
9.71304e-08
3.62198e-06
-1.44115e-07
3.55395e-06
-3.90083e-07
3.44431e-06
-6.4372e-07
3.29242e-06
-9.08154e-07
3.09772e-06
-1.18674e-06
2.85987e-06
-1.48309e-06
2.5789e-06
-1.80109e-06
2.25549e-06
-2.14486e-06
1.89126e-06
-2.51872e-06
1.48933e-06
-2.92697e-06
1.05485e-06
-3.37356e-06
5.95841e-07
-3.86154e-06
1.24149e-07
-4.392e-06
-3.43537e-07
-4.96256e-06
-7.84685e-07
-5.56484e-06
-1.17038e-06
-6.18084e-06
-1.46586e-06
-6.77773e-06
-1.63322e-06
-7.30105e-06
-1.6376e-06
-7.66662e-06
-1.45861e-06
-7.75309e-06
-1.10742e-06
-7.39908e-06
-6.47834e-07
-6.41132e-06
-2.13321e-07
-4.59538e-06
-1.83075e-06
-2.50731e-07
1.86119e-06
-7.23124e-07
4.5347e-06
-1.17894e-06
6.15418e-06
-1.48096e-06
6.92864e-06
-1.58044e-06
7.11414e-06
-1.48384e-06
6.92768e-06
-1.22452e-06
6.52914e-06
-8.44266e-07
6.02642e-06
-3.83137e-07
5.48729e-06
1.24905e-07
4.95147e-06
6.531e-07
4.44035e-06
1.1814e-06
3.964e-06
1.69534e-06
3.52574e-06
2.18487e-06
3.12509e-06
2.64321e-06
2.75959e-06
3.06596e-06
2.42586e-06
3.45042e-06
2.12017e-06
3.79503e-06
1.83881e-06
4.09899e-06
1.57821e-06
4.36198e-06
1.33505e-06
4.58392e-06
1.10622e-06
4.76486e-06
8.88826e-07
4.90484e-06
6.80146e-07
5.00382e-06
4.77586e-07
5.06164e-06
2.78634e-07
5.07797e-06
8.08019e-08
5.05228e-06
-1.18425e-07
4.98385e-06
-3.21648e-07
4.87175e-06
-5.31619e-07
4.71489e-06
-7.51297e-07
4.51206e-06
-9.83914e-07
4.26201e-06
-1.23304e-06
3.96359e-06
-1.50266e-06
3.61593e-06
-1.7972e-06
3.21878e-06
-2.12157e-06
2.77293e-06
-2.48112e-06
2.28087e-06
-2.8815e-06
1.74763e-06
-3.3283e-06
1.182e-06
-3.82637e-06
5.97999e-07
-4.37856e-06
1.66732e-08
-4.98351e-06
-5.32172e-07
-5.63199e-06
-1.00882e-06
-6.30109e-06
-1.36437e-06
-6.94549e-06
-1.54558e-06
-7.48541e-06
-1.50676e-06
-7.79192e-06
-1.23218e-06
-7.67366e-06
-7.70008e-07
-6.87349e-06
-2.70714e-07
-5.09467e-06
-2.10147e-06
-3.36803e-07
2.19799e-06
-8.90381e-07
5.08827e-06
-1.33486e-06
6.59866e-06
-1.52766e-06
7.12144e-06
-1.45055e-06
7.03703e-06
-1.14587e-06
6.623e-06
-6.75369e-07
6.05864e-06
-9.88054e-08
5.44985e-06
5.34662e-07
4.85382e-06
1.1881e-06
4.29803e-06
1.83543e-06
3.79302e-06
2.45919e-06
3.34025e-06
3.04824e-06
2.93669e-06
3.59592e-06
2.57741e-06
4.09862e-06
2.25689e-06
4.55474e-06
1.96974e-06
4.96393e-06
1.71097e-06
5.3266e-06
1.47613e-06
5.64357e-06
1.26125e-06
5.9158e-06
1.06283e-06
6.14425e-06
8.77767e-07
6.32979e-06
7.03285e-07
6.4731e-06
5.36842e-07
6.5746e-06
3.76083e-07
6.63447e-06
2.18765e-07
6.65257e-06
6.27006e-08
6.62845e-06
-9.4304e-08
6.56132e-06
-2.54518e-07
6.45005e-06
-4.20349e-07
6.29317e-06
-5.94417e-07
6.08888e-06
-7.79628e-07
5.83511e-06
-9.79266e-07
5.52954e-06
-1.19709e-06
5.16978e-06
-1.43745e-06
4.75359e-06
-1.70538e-06
4.27916e-06
-2.0067e-06
3.74573e-06
-2.34808e-06
3.15441e-06
-2.73697e-06
2.50937e-06
-3.18133e-06
1.81968e-06
-3.68888e-06
1.10172e-06
-4.26555e-06
3.82195e-07
-4.91246e-06
-2.98517e-07
-5.62038e-06
-8.83915e-07
-6.3601e-06
-1.30235e-06
-7.06698e-06
-1.47629e-06
-7.61797e-06
-1.34726e-06
-7.80269e-06
-9.24096e-07
-7.29665e-06
-3.5637e-07
-5.6624e-06
-2.45784e-06
-4.67184e-07
2.66518e-06
-1.09316e-06
5.71425e-06
-1.4509e-06
6.9564e-06
-1.43191e-06
7.10246e-06
-1.08257e-06
6.68769e-06
-4.97958e-07
6.03838e-06
2.28101e-07
5.33258e-06
1.02128e-06
4.65667e-06
1.82921e-06
4.04589e-06
2.61786e-06
3.50938e-06
3.36668e-06
3.0442e-06
4.06434e-06
2.64259e-06
4.70546e-06
2.29557e-06
5.2884e-06
1.99447e-06
5.81369e-06
1.7316e-06
6.28305e-06
1.50038e-06
6.69877e-06
1.29525e-06
7.06334e-06
1.11156e-06
7.37916e-06
9.4542e-07
7.64847e-06
7.93522e-07
7.87318e-06
6.53052e-07
8.05491e-06
5.21559e-07
8.19488e-06
3.96868e-07
8.29397e-06
2.77002e-07
8.35262e-06
1.60111e-07
8.3709e-06
4.4416e-08
8.34846e-06
-7.18586e-08
8.28448e-06
-1.90543e-07
8.17773e-06
-3.1359e-07
8.02645e-06
-4.4314e-07
7.82842e-06
-5.816e-07
7.58089e-06
-7.31742e-07
7.28062e-06
-8.96816e-07
6.92385e-06
-1.08068e-06
6.50647e-06
-1.28799e-06
6.02414e-06
-1.52436e-06
5.47267e-06
-1.79661e-06
4.84864e-06
-2.11294e-06
4.15045e-06
-2.48314e-06
3.38002e-06
-2.91844e-06
2.54547e-06
-3.431e-06
1.66511e-06
-4.0321e-06
7.72861e-07
-4.72813e-06
-7.51343e-08
-5.5121e-06
-7.95009e-07
-6.3471e-06
-1.2763e-06
-7.13668e-06
-1.40167e-06
-7.67733e-06
-1.10373e-06
-7.59458e-06
-4.85031e-07
-6.2811e-06
-2.94287e-06
-6.56505e-07
3.32168e-06
-1.29245e-06
6.3502e-06
-1.41024e-06
7.07419e-06
-1.02167e-06
6.71389e-06
-2.83237e-07
5.94926e-06
6.47597e-07
5.10755e-06
1.65262e-06
4.32756e-06
2.65561e-06
3.65368e-06
3.61275e-06
3.08876e-06
4.50177e-06
2.62036e-06
5.31359e-06
2.23237e-06
6.04668e-06
1.90951e-06
6.7035e-06
1.63875e-06
7.28842e-06
1.40955e-06
7.8065e-06
1.21352e-06
8.26285e-06
1.04403e-06
8.66226e-06
8.95846e-07
9.00903e-06
7.64795e-07
9.30693e-06
6.47517e-07
9.55918e-06
5.41272e-07
9.76845e-06
4.43786e-07
9.93688e-06
3.5313e-07
1.00661e-05
2.67631e-07
1.01573e-05
1.85796e-07
1.02112e-05
1.0625e-07
1.02279e-05
2.76814e-08
1.02073e-05
-5.12055e-08
1.01485e-05
-1.31746e-07
1.00502e-05
-2.1537e-07
9.91076e-06
-3.03653e-07
9.72755e-06
-3.98393e-07
9.4975e-06
-5.01687e-07
9.21672e-06
-6.16043e-07
8.88056e-06
-7.44516e-07
8.48345e-06
-8.90888e-07
8.01899e-06
-1.0599e-06
7.47994e-06
-1.25756e-06
6.85853e-06
-1.49153e-06
6.147e-06
-1.77161e-06
5.33882e-06
-2.11026e-06
4.43086e-06
-2.52305e-06
3.42741e-06
-3.02864e-06
2.34667e-06
-3.64739e-06
1.23094e-06
-4.39637e-06
1.60272e-07
-5.27644e-06
-7.34325e-07
-6.24208e-06
-1.27129e-06
-7.14037e-06
-1.26188e-06
-7.60399e-06
-6.68286e-07
-6.8747e-06
-3.61115e-06
-8.88013e-07
4.20969e-06
-1.33347e-06
6.79565e-06
-9.35282e-07
6.676e-06
2.90689e-08
5.74954e-06
1.26052e-06
4.7178e-06
2.55888e-06
3.80919e-06
3.81174e-06
3.0747e-06
4.9662e-06
2.49922e-06
6.00388e-06
2.05108e-06
6.92415e-06
1.70009e-06
7.73445e-06
1.42207e-06
8.4452e-06
1.19876e-06
9.06723e-06
1.01672e-06
9.61065e-06
8.66122e-07
1.00845e-05
7.39717e-07
1.04964e-05
6.3212e-07
1.08529e-05
5.39273e-07
1.11597e-05
4.58067e-07
1.14211e-05
3.86081e-07
1.1641e-05
3.21393e-07
1.18223e-05
2.62445e-07
1.19675e-05
2.07946e-07
1.20783e-05
1.56794e-07
1.21561e-05
1.0802e-07
1.22016e-05
6.07424e-08
1.22152e-05
1.4131e-08
1.21966e-05
-3.26315e-08
1.21452e-05
-8.03854e-08
1.20599e-05
-1.30032e-07
1.19388e-05
-1.82574e-07
1.17796e-05
-2.39161e-07
1.15791e-05
-3.01155e-07
1.13332e-05
-3.70207e-07
1.10371e-05
-4.48373e-07
1.06844e-05
-5.38252e-07
1.02677e-05
-6.43201e-07
9.7778e-06
-7.67622e-07
9.20365e-06
-9.17383e-07
8.53245e-06
-1.10041e-06
7.74971e-06
-1.32752e-06
6.8403e-06
-1.61363e-06
5.79083e-06
-1.97918e-06
4.59508e-06
-2.45164e-06
3.26465e-06
-3.06595e-06
1.84835e-06
-3.86013e-06
4.61993e-07
-4.85573e-06
-6.76484e-07
-6.00189e-06
-1.2323e-06
-7.04817e-06
-8.81401e-07
-7.22559e-06
-4.49256e-06
-1.0153e-06
5.22499e-06
-7.47808e-07
6.52816e-06
5.84041e-07
5.34415e-06
2.29992e-06
4.03366e-06
4.01939e-06
2.99832e-06
5.58434e-06
2.24425e-06
6.94818e-06
1.71086e-06
8.11453e-06
1.33287e-06
9.10557e-06
1.06004e-06
9.94739e-06
8.58272e-07
1.06642e-05
7.05264e-07
1.12766e-05
5.86396e-07
1.18013e-05
4.91969e-07
1.2252e-05
4.15422e-07
1.26395e-05
3.52213e-07
1.29725e-05
2.99123e-07
1.3258e-05
2.53815e-07
1.35015e-05
2.14558e-07
1.37075e-05
1.80033e-07
1.38797e-05
1.49218e-07
1.40208e-05
1.213e-07
1.41332e-05
9.56135e-08
1.42184e-05
7.16009e-08
1.42776e-05
4.87762e-08
1.43117e-05
2.67022e-08
1.43208e-05
4.97004e-09
1.4305e-05
-1.68199e-08
1.42637e-05
-3.90783e-08
1.41959e-05
-6.22474e-08
1.41002e-05
-8.68209e-08
1.39744e-05
-1.13369e-07
1.38158e-05
-1.42575e-07
1.36209e-05
-1.75276e-07
1.3385e-05
-2.12529e-07
1.31025e-05
-2.55697e-07
1.27658e-05
-3.06579e-07
1.23658e-05
-3.67598e-07
1.18905e-05
-4.42097e-07
1.13249e-05
-5.34789e-07
1.06499e-05
-6.52495e-07
9.84157e-06
-8.05321e-07
8.87099e-06
-1.0086e-06
7.70531e-06
-1.28595e-06
6.31337e-06
-1.67401e-06
4.68111e-06
-2.22787e-06
2.8468e-06
-3.02142e-06
9.70766e-07
-4.12586e-06
-5.42837e-07
-5.53457e-06
-9.63024e-07
-6.80541e-06
-5.45558e-06
-2.34944e-07
5.45994e-06
1.80406e-06
4.48916e-06
4.40157e-06
2.74664e-06
6.72186e-06
1.71337e-06
8.60687e-06
1.11331e-06
1.00972e-05
7.53947e-07
1.12735e-05
5.34566e-07
1.22103e-05
3.96034e-07
1.2966e-05
3.04334e-07
1.35837e-05
2.40625e-07
1.40945e-05
1.94405e-07
1.45213e-05
1.59614e-07
1.48807e-05
1.32606e-07
1.5185e-05
1.11086e-07
1.54437e-05
9.35532e-08
1.56638e-05
7.89856e-08
1.58509e-05
6.66645e-08
1.60094e-05
5.60688e-08
1.61427e-05
4.68103e-08
1.62533e-05
3.85923e-08
1.63434e-05
3.11816e-08
1.64146e-05
2.43903e-08
1.64682e-05
1.80617e-08
1.65049e-05
1.2061e-08
1.65253e-05
6.26709e-09
1.65297e-05
5.68063e-10
1.6518e-05
-5.14498e-09
1.64899e-05
-1.09839e-08
1.64448e-05
-1.70699e-08
1.63815e-05
-2.3539e-08
1.62987e-05
-3.05488e-08
1.61944e-05
-3.82893e-08
1.60661e-05
-4.6996e-08
1.59105e-05
-5.69691e-08
1.57234e-05
-6.86014e-08
1.54993e-05
-8.24191e-08
1.52308e-05
-9.91462e-08
1.49085e-05
-1.19807e-07
1.45197e-05
-1.45899e-07
1.40469e-05
-1.79694e-07
1.34663e-05
-2.2479e-07
1.27449e-05
-2.87158e-07
1.18361e-05
-3.77209e-07
1.0676e-05
-5.13873e-07
9.18029e-06
-7.32164e-07
7.25425e-06
-1.09537e-06
4.84325e-06
-1.71486e-06
2.10373e-06
-2.79504e-06
-1.05738e-07
-4.59594e-06
-5.56132e-06
5.45994e-06
9.9491e-06
1.26957e-05
1.44091e-05
1.55224e-05
1.62764e-05
1.68109e-05
1.7207e-05
1.75113e-05
1.77519e-05
1.79463e-05
1.81059e-05
1.82385e-05
1.83496e-05
1.84432e-05
1.85222e-05
1.85888e-05
1.86449e-05
1.86917e-05
1.87303e-05
1.87615e-05
1.87859e-05
1.88039e-05
1.8816e-05
1.88223e-05
1.88228e-05
1.88177e-05
1.88067e-05
1.87896e-05
1.87661e-05
1.87356e-05
1.86973e-05
1.86503e-05
1.85933e-05
1.85247e-05
1.84423e-05
1.83431e-05
1.82233e-05
1.80774e-05
1.78977e-05
1.76729e-05
1.73858e-05
1.70086e-05
1.64947e-05
1.57625e-05
1.46672e-05
1.29523e-05
1.01573e-05
5.56132e-06
)
;

boundaryField
{
    movingWall
    {
        type            calculated;
        value           uniform 0;
    }
    fixedWalls
    {
        type            calculated;
        value           uniform 0;
    }
    frontAndBack
    {
        type            empty;
        value           nonuniform List<scalar> 0();
    }
}


// ************************************************************************* //
