/*--------------------------------*- C++ -*----------------------------------*\
| =========                 |                                                 |
| \\      /  F ield         | OpenFOAM: The Open Source CFD Toolbox           |
|  \\    /   O peration     | Version:  v2012                                 |
|   \\  /    A nd           | Website:  www.openfoam.com                      |
|    \\/     M anipulation  |                                                 |
\*---------------------------------------------------------------------------*/
FoamFile
{
    version     2.0;
    format      ascii;
    class       volVectorField;
    location    "0.1";
    object      U;
}
// * * * * * * * * * * * * * * * * * * * * * * * * * * * * * * * * * * * * * //

dimensions      [0 1 -1 0 0 0 0];


internalField   nonuniform List<vector> 
2500
(
(3.24885e-05 -3.21772e-05 0)
(9.75943e-05 -3.99451e-05 0)
(0.000135353 -2.05543e-05 0)
(0.000104245 7.91274e-06 0)
(-9.63963e-06 3.74182e-05 0)
(-0.00020486 6.46928e-05 0)
(-0.000474153 8.84395e-05 0)
(-0.000807817 0.000108249 0)
(-0.00119504 0.000124097 0)
(-0.00162469 0.000136121 0)
(-0.00208575 0.000144523 0)
(-0.00256754 0.000149532 0)
(-0.00305991 0.000151386 0)
(-0.00355327 0.000150324 0)
(-0.00403868 0.000146583 0)
(-0.00450784 0.000140392 0)
(-0.00495314 0.000131979 0)
(-0.00536768 0.000121566 0)
(-0.00574522 0.000109369 0)
(-0.00608024 9.56048e-05 0)
(-0.00636792 8.04865e-05 0)
(-0.00660413 6.42284e-05 0)
(-0.0067855 4.70425e-05 0)
(-0.00690932 2.91381e-05 0)
(-0.00697365 1.07304e-05 0)
(-0.00697731 -7.93422e-06 0)
(-0.00691998 -2.65812e-05 0)
(-0.00680214 -4.49531e-05 0)
(-0.00662518 -6.28049e-05 0)
(-0.00639129 -7.98777e-05 0)
(-0.00610354 -9.58983e-05 0)
(-0.0057659 -0.000110587 0)
(-0.00538325 -0.000123656 0)
(-0.00496137 -0.000134821 0)
(-0.00450691 -0.000143799 0)
(-0.00402741 -0.000150313 0)
(-0.00353122 -0.000154095 0)
(-0.00302746 -0.000154895 0)
(-0.00252592 -0.000152475 0)
(-0.00203699 -0.000146626 0)
(-0.00157152 -0.000137161 0)
(-0.00114065 -0.000123936 0)
(-0.000755643 -0.000106856 0)
(-0.000427502 -8.59162e-05 0)
(-0.000166545 -6.1294e-05 0)
(1.84394e-05 -3.35691e-05 0)
(0.000121542 -4.20439e-06 0)
(0.000142901 2.33895e-05 0)
(9.86178e-05 4.12395e-05 0)
(3.17766e-05 3.17084e-05 0)
(4.07238e-05 -9.77699e-05 0)
(9.27253e-05 -9.12591e-05 0)
(4.43003e-05 1.49066e-05 0)
(-0.000167982 0.000160488 0)
(-0.000570675 0.000315071 0)
(-0.00116509 0.000462854 0)
(-0.00193899 0.000595616 0)
(-0.00287237 0.00070935 0)
(-0.00394084 0.000802339 0)
(-0.00511784 0.000874129 0)
(-0.00637602 0.000924993 0)
(-0.00768819 0.000955636 0)
(-0.00902789 0.000967026 0)
(-0.0103698 0.000960291 0)
(-0.01169 0.000936659 0)
(-0.0129661 0.000897421 0)
(-0.0141774 0.000843903 0)
(-0.0153052 0.000777453 0)
(-0.0163323 0.000699433 0)
(-0.0172436 0.000611221 0)
(-0.0180258 0.000514208 0)
(-0.0186676 0.0004098 0)
(-0.0191599 0.000299416 0)
(-0.0194951 0.000184489 0)
(-0.0196683 6.64998e-05 0)
(-0.0196762 -5.2959e-05 0)
(-0.0195182 -0.000172217 0)
(-0.0191957 -0.000289604 0)
(-0.0187126 -0.000403469 0)
(-0.018075 -0.000512123 0)
(-0.0172916 -0.000613827 0)
(-0.0163732 -0.000706817 0)
(-0.0153333 -0.000789321 0)
(-0.0141876 -0.000859592 0)
(-0.0129543 -0.000915927 0)
(-0.0116536 -0.000956689 0)
(-0.010308 -0.000980353 0)
(-0.00894176 -0.000985532 0)
(-0.00758076 -0.000971022 0)
(-0.00625215 -0.000935854 0)
(-0.00498394 -0.000879365 0)
(-0.0038044 -0.000801292 0)
(-0.00274129 -0.000701932 0)
(-0.00182089 -0.000582414 0)
(-0.00106639 -0.000445202 0)
(-0.000495757 -0.00029507 0)
(-0.000118336 -0.000140924 0)
(7.05565e-05 9.40953e-07 0)
(0.000101401 0.000100304 0)
(4.16256e-05 9.86295e-05 0)
(2.21959e-05 -0.000137248 0)
(-1.02241e-05 -4.42613e-05 0)
(-0.000232098 0.000237903 0)
(-0.000698944 0.000603173 0)
(-0.00143615 0.000991925 0)
(-0.00244517 0.00136829 0)
(-0.00371038 0.00171103 0)
(-0.00520498 0.00200819 0)
(-0.00689532 0.00225351 0)
(-0.00874373 0.0024443 0)
(-0.0107107 0.00258008 0)
(-0.0127561 0.00266186 0)
(-0.0148407 0.00269159 0)
(-0.0169262 0.00267185 0)
(-0.0189764 0.00260567 0)
(-0.0209571 0.00249635 0)
(-0.0228366 0.00234739 0)
(-0.0245859 0.00216242 0)
(-0.0261786 0.00194517 0)
(-0.0275913 0.00169945 0)
(-0.0288033 0.00142914 0)
(-0.0297974 0.0011382 0)
(-0.0305591 0.000830643 0)
(-0.0310772 0.000510549 0)
(-0.0313437 0.00018214 0)
(-0.0313542 -0.000150155 0)
(-0.0311075 -0.000481736 0)
(-0.030606 -0.000807962 0)
(-0.0298558 -0.00112418 0)
(-0.0288666 -0.00142565 0)
(-0.0276517 -0.00170758 0)
(-0.0262282 -0.0019651 0)
(-0.0246168 -0.00219339 0)
(-0.0228418 -0.00238771 0)
(-0.020931 -0.00254348 0)
(-0.0189156 -0.00265636 0)
(-0.0168296 -0.00272237 0)
(-0.0147099 -0.00273798 0)
(-0.0125955 -0.00270026 0)
(-0.0105271 -0.00260703 0)
(-0.00854618 -0.00245711 0)
(-0.00669423 -0.00225064 0)
(-0.00501142 -0.00198946 0)
(-0.00353499 -0.00167795 0)
(-0.00229705 -0.00132413 0)
(-0.00132164 -0.000941703 0)
(-0.000620662 -0.000553422 0)
(-0.000188246 -0.000196103 0)
(6.40116e-06 7.08994e-05 0)
(2.49648e-05 0.00014451 0)
(-4.89777e-06 -0.000110474 0)
(-0.000152345 0.000163884 0)
(-0.000593692 0.000703514 0)
(-0.00135825 0.0013653 0)
(-0.00246044 0.00206229 0)
(-0.00389761 0.00273789 0)
(-0.00564934 0.00335596 0)
(-0.00768264 0.00389452 0)
(-0.00995639 0.00434102 0)
(-0.0124243 0.00468914 0)
(-0.0150373 0.00493683 0)
(-0.0177452 0.00508492 0)
(-0.0204982 0.00513626 0)
(-0.0232478 0.00509509 0)
(-0.0259475 0.00496661 0)
(-0.0285534 0.00475672 0)
(-0.0310244 0.0044718 0)
(-0.0333228 0.00411855 0)
(-0.0354145 0.00370398 0)
(-0.037269 0.00323527 0)
(-0.0388595 0.00271979 0)
(-0.0401633 0.00216509 0)
(-0.0411616 0.00157887 0)
(-0.0418401 0.000968973 0)
(-0.0421883 0.000343515 0)
(-0.0422006 -0.000289096 0)
(-0.0418755 -0.000920155 0)
(-0.0412164 -0.00154086 0)
(-0.0402312 -0.00214233 0)
(-0.0389326 -0.00271556 0)
(-0.0373381 -0.00325145 0)
(-0.0354699 -0.00374088 0)
(-0.0333551 -0.0041748 0)
(-0.031025 -0.00454438 0)
(-0.0285158 -0.00484113 0)
(-0.0258676 -0.00505711 0)
(-0.0231242 -0.00518509 0)
(-0.0203328 -0.00521877 0)
(-0.0175432 -0.00515312 0)
(-0.0148069 -0.00498465 0)
(-0.0121764 -0.00471189 0)
(-0.00970369 -0.00433595 0)
(-0.00743855 -0.00386135 0)
(-0.00542693 -0.00329724 0)
(-0.00370823 -0.00265925 0)
(-0.0023123 -0.00197231 0)
(-0.00125528 -0.00127511 0)
(-0.000534583 -0.000625872 0)
(-0.00012905 -0.000111495 0)
(-7.14552e-07 0.00012811 0)
(-3.33297e-05 -2.65214e-06 0)
(-0.000306582 0.000562711 0)
(-0.000988955 0.00144304 0)
(-0.00207406 0.00247007 0)
(-0.00355883 0.00353495 0)
(-0.00543268 0.00456274 0)
(-0.00766825 0.00550304 0)
(-0.0102257 0.00632348 0)
(-0.0130569 0.00700439 0)
(-0.016108 0.00753513 0)
(-0.0193219 0.00791141 0)
(-0.0226404 0.00813352 0)
(-0.0260048 0.00820502 0)
(-0.0293583 0.00813182 0)
(-0.0326457 0.00792156 0)
(-0.0358151 0.00758308 0)
(-0.0388177 0.00712614 0)
(-0.0416085 0.00656115 0)
(-0.0441467 0.00589903 0)
(-0.0463959 0.00515112 0)
(-0.0483241 0.00432907 0)
(-0.049904 0.00344486 0)
(-0.0511133 0.00251076 0)
(-0.0519347 0.00153931 0)
(-0.0523559 0.000543444 0)
(-0.0523701 -0.000463491 0)
(-0.0519758 -0.00146776 0)
(-0.0511769 -0.0024554 0)
(-0.0499831 -0.00341233 0)
(-0.0484095 -0.00432429 0)
(-0.0464772 -0.00517692 0)
(-0.0442128 -0.00595585 0)
(-0.0416484 -0.00664693 0)
(-0.0388218 -0.00723637 0)
(-0.0357756 -0.00771101 0)
(-0.0325576 -0.0080586 0)
(-0.0292197 -0.00826808 0)
(-0.0258178 -0.00833003 0)
(-0.0224104 -0.00823706 0)
(-0.0190582 -0.00798435 0)
(-0.0158227 -0.00757038 0)
(-0.0127644 -0.00699773 0)
(-0.0099415 -0.00627433 0)
(-0.00740752 -0.00541504 0)
(-0.00520889 -0.00444401 0)
(-0.00338212 -0.003398 0)
(-0.00194984 -0.00233124 0)
(-0.00091671 -0.0013213 0)
(-0.000277638 -0.000477708 0)
(-2.79947e-05 3.39906e-05 0)
(-6.04458e-05 0.000186949 0)
(-0.000460371 0.00116074 0)
(-0.00139028 0.00247008 0)
(-0.00280477 0.00393184 0)
(-0.00467974 0.00542109 0)
(-0.00699371 0.00684798 0)
(-0.00971029 0.0081496 0)
(-0.0127816 0.00928382 0)
(-0.0161522 0.010224 0)
(-0.019761 0.010955 0)
(-0.0235439 0.01147 0)
(-0.0274352 0.0117685 0)
(-0.0313691 0.0118549 0)
(-0.0352814 0.0117366 0)
(-0.03911 0.011424 0)
(-0.042796 0.0109292 0)
(-0.0462841 0.0102657 0)
(-0.0495234 0.00944804 0)
(-0.0524674 0.00849177 0)
(-0.0550747 0.00741292 0)
(-0.0573089 0.00622814 0)
(-0.059139 0.00495455 0)
(-0.0605395 0.00360974 0)
(-0.0614908 0.00221174 0)
(-0.0619788 0.000779062 0)
(-0.061996 -0.000669178 0)
(-0.0615406 -0.0021134 0)
(-0.060617 -0.00353367 0)
(-0.0592362 -0.00490985 0)
(-0.0574156 -0.00622159 0)
(-0.055179 -0.00744844 0)
(-0.0525567 -0.00857002 0)
(-0.0495851 -0.00956626 0)
(-0.0463071 -0.0104177 0)
(-0.042771 -0.0111059 0)
(-0.0390309 -0.0116136 0)
(-0.0351455 -0.0119256 0)
(-0.0311779 -0.0120288 0)
(-0.0271942 -0.0119134 0)
(-0.0232628 -0.0115731 0)
(-0.0194528 -0.0110065 0)
(-0.0158326 -0.0102179 0)
(-0.012468 -0.00921888 0)
(-0.00941986 -0.00803041 0)
(-0.00674209 -0.00668521 0)
(-0.00447917 -0.00523144 0)
(-0.00266241 -0.00373742 0)
(-0.00130664 -0.00229703 0)
(-0.000426501 -0.0010371 0)
(-5.41091e-05 -0.00013913 0)
(-8.54862e-05 0.000455111 0)
(-0.000608429 0.00195693 0)
(-0.00178396 0.00378685 0)
(-0.00352799 0.00575435 0)
(-0.00579385 0.00772361 0)
(-0.00854729 0.0095935 0)
(-0.0117412 0.0112909 0)
(-0.0153185 0.0127653 0)
(-0.0192156 0.0139837 0)
(-0.0233642 0.0149268 0)
(-0.0276933 0.0155854 0)
(-0.0321304 0.0159585 0)
(-0.0366033 0.016051 0)
(-0.0410413 0.0158724 0)
(-0.0453764 0.0154358 0)
(-0.0495438 0.0147569 0)
(-0.0534828 0.0138533 0)
(-0.0571372 0.0127442 0)
(-0.060456 0.0114501 0)
(-0.0633936 0.00999236 0)
(-0.0659097 0.00839314 0)
(-0.0679703 0.00667533 0)
(-0.0695474 0.00486245 0)
(-0.0706192 0.00297867 0)
(-0.0711703 0.00104877 0)
(-0.0711922 -0.000901745 0)
(-0.0706829 -0.00284672 0)
(-0.0696474 -0.0047596 0)
(-0.0680976 -0.00661347 0)
(-0.0660525 -0.00838121 0)
(-0.0635384 -0.0100356 0)
(-0.0605884 -0.0115494 0)
(-0.0572426 -0.0128962 0)
(-0.0535479 -0.0140502 0)
(-0.0495575 -0.0149869 0)
(-0.0453308 -0.0156838 0)
(-0.0409323 -0.0161208 0)
(-0.0364312 -0.0162812 0)
(-0.0319002 -0.016152 0)
(-0.0274147 -0.0157256 0)
(-0.0230508 -0.0150004 0)
(-0.0188841 -0.0139824 0)
(-0.0149879 -0.012687 0)
(-0.0114309 -0.0111409 0)
(-0.00827512 -0.00938483 0)
(-0.00557445 -0.00747735 0)
(-0.00337059 -0.00549889 0)
(-0.00169056 -0.00355645 0)
(-0.000570203 -0.00178944 0)
(-7.82331e-05 -0.000388357 0)
(-0.000108476 0.000797571 0)
(-0.000749218 0.00294592 0)
(-0.00216451 0.00538944 0)
(-0.00423347 0.00793505 0)
(-0.00688681 0.0104402 0)
(-0.0100764 0.0127959 0)
(-0.0137432 0.014921 0)
(-0.0178198 0.0167585 0)
(-0.0222339 0.0182702 0)
(-0.0269097 0.0194331 0)
(-0.0317688 0.0202365 0)
(-0.0367325 0.0206789 0)
(-0.0417224 0.0207662 0)
(-0.0466622 0.0205102 0)
(-0.0514784 0.0199268 0)
(-0.0561012 0.0190359 0)
(-0.0604652 0.0178594 0)
(-0.0645099 0.0164216 0)
(-0.0681803 0.0147484 0)
(-0.0714272 0.0128668 0)
(-0.0742074 0.0108051 0)
(-0.0764842 0.00859242 0)
(-0.0782273 0.00625869 0)
(-0.0794132 0.00383474 0)
(-0.0800254 0.00135217 0)
(-0.0800545 -0.00115656 0)
(-0.0794983 -0.00365823 0)
(-0.0783619 -0.00611902 0)
(-0.076658 -0.00850473 0)
(-0.0744071 -0.0107808 0)
(-0.0716369 -0.0129127 0)
(-0.068383 -0.0148661 0)
(-0.0646885 -0.016607 0)
(-0.0606037 -0.0181031 0)
(-0.0561858 -0.0193233 0)
(-0.0514985 -0.0202392 0)
(-0.0466116 -0.0208256 0)
(-0.0415995 -0.0210613 0)
(-0.0365412 -0.0209303 0)
(-0.0315181 -0.020423 0)
(-0.0266133 -0.0195375 0)
(-0.0219095 -0.0182811 0)
(-0.0174877 -0.0166725 0)
(-0.0134249 -0.0147434 0)
(-0.00979249 -0.0125421 0)
(-0.00665457 -0.0101358 0)
(-0.00406467 -0.00761497 0)
(-0.00206313 -0.00509703 0)
(-0.000707198 -0.00273023 0)
(-0.000100364 -0.000709679 0)
(-0.000129721 0.00121011 0)
(-0.000882985 0.00412091 0)
(-0.0025309 0.00727129 0)
(-0.00491823 0.0104685 0)
(-0.00795362 0.0135663 0)
(-0.0115746 0.0164504 0)
(-0.0157095 0.0190345 0)
(-0.0202799 0.0212563 0)
(-0.0252039 0.0230739 0)
(-0.0303976 0.024462 0)
(-0.0357755 0.0254086 0)
(-0.0412521 0.0259125 0)
(-0.0467435 0.0259812 0)
(-0.0521679 0.0256289 0)
(-0.0574468 0.0248752 0)
(-0.062506 0.023744 0)
(-0.0672759 0.0222622 0)
(-0.0716925 0.0204596 0)
(-0.0756974 0.0183677 0)
(-0.0792383 0.0160197 0)
(-0.0822696 0.0134504 0)
(-0.0847523 0.0106954 0)
(-0.0866543 0.00779161 0)
(-0.0879505 0.00477692 0)
(-0.0886234 0.00169014 0)
(-0.0886629 -0.00142887 0)
(-0.0880663 -0.00453937 0)
(-0.0868389 -0.00759986 0)
(-0.0849939 -0.0105684 0)
(-0.0825524 -0.0134025 0)
(-0.0795436 -0.0160598 0)
(-0.076005 -0.018498 0)
(-0.0719819 -0.0206759 0)
(-0.0675272 -0.0225533 0)
(-0.0627017 -0.0240925 0)
(-0.057573 -0.0252584 0)
(-0.052215 -0.0260203 0)
(-0.0467075 -0.026352 0)
(-0.0411347 -0.0262339 0)
(-0.0355843 -0.025654 0)
(-0.0301461 -0.0246094 0)
(-0.0249102 -0.0231083 0)
(-0.0199657 -0.0211719 0)
(-0.0153985 -0.0188363 0)
(-0.0112901 -0.0161557 0)
(-0.0077161 -0.0132049 0)
(-0.00474258 -0.0100826 0)
(-0.00242377 -0.00691391 0)
(-0.000837866 -0.00385363 0)
(-0.00012082 -0.00109916 0)
(-0.000149597 0.00168905 0)
(-0.00101076 0.0054752 0)
(-0.00288444 0.00942526 0)
(-0.00558333 0.0133482 0)
(-0.00899492 0.0170964 0)
(-0.0130423 0.0205524 0)
(-0.0176408 0.0236264 0)
(-0.0227002 0.026253 0)
(-0.0281288 0.0283881 0)
(-0.0338338 0.0300049 0)
(-0.0397224 0.0310914 0)
(-0.0457026 0.0316473 0)
(-0.0516843 0.0316823 0)
(-0.0575809 0.0312137 0)
(-0.0633092 0.0302652 0)
(-0.0687909 0.0288652 0)
(-0.0739529 0.0270461 0)
(-0.0787279 0.0248433 0)
(-0.0830547 0.0222944 0)
(-0.0868785 0.0194393 0)
(-0.0901517 0.0163193 0)
(-0.0928332 0.0129772 0)
(-0.0948895 0.00945703 0)
(-0.0962942 0.00580405 0)
(-0.0970288 0.00206464 0)
(-0.0970825 -0.00171365 0)
(-0.0964522 -0.00548218 0)
(-0.0951429 -0.00919147 0)
(-0.093168 -0.0127913 0)
(-0.0905492 -0.0162312 0)
(-0.0873167 -0.0194602 0)
(-0.083509 -0.022428 0)
(-0.0791732 -0.025085 0)
(-0.0743647 -0.0273834 0)
(-0.0691468 -0.0292778 0)
(-0.0635906 -0.0307263 0)
(-0.0577739 -0.0316914 0)
(-0.0517811 -0.032142 0)
(-0.0457018 -0.0320539 0)
(-0.0396297 -0.031412 0)
(-0.0336615 -0.0302119 0)
(-0.0278951 -0.0284618 0)
(-0.022428 -0.0261843 0)
(-0.017356 -0.0234191 0)
(-0.0127713 -0.0202251 0)
(-0.00876175 -0.0166831 0)
(-0.0054067 -0.0128982 0)
(-0.00277447 -0.00900211 0)
(-0.000963478 -0.00515424 0)
(-0.000140014 -0.00155352 0)
(-0.000168469 0.00223149 0)
(-0.00113386 0.00700302 0)
(-0.00322754 0.0118448 0)
(-0.00623203 0.0165681 0)
(-0.0100145 0.0210251 0)
(-0.0144839 0.025097 0)
(-0.019542 0.0286924 0)
(-0.0250867 0.0317444 0)
(-0.0310158 0.0342078 0)
(-0.0372276 0.0360559 0)
(-0.0436212 0.0372776 0)
(-0.050098 0.0378747 0)
(-0.0565623 0.0378597 0)
(-0.062922 0.037254 0)
(-0.0690899 0.0360855 0)
(-0.0749839 0.0343879 0)
(-0.0805276 0.0321995 0)
(-0.085651 0.0295616 0)
(-0.0902904 0.0265185 0)
(-0.094389 0.0231169 0)
(-0.0978974 0.0194052 0)
(-0.100773 0.0154333 0)
(-0.102981 0.0112528 0)
(-0.104494 0.00691647 0)
(-0.105292 0.00247854 0)
(-0.105365 -0.00200551 0)
(-0.104707 -0.00647895 0)
(-0.103325 -0.010884 0)
(-0.101231 -0.015162 0)
(-0.0984469 -0.0192539 0)
(-0.0950035 -0.0231001 0)
(-0.0909402 -0.0266416 0)
(-0.0863054 -0.0298203 0)
(-0.081156 -0.0325799 0)
(-0.0755577 -0.0348669 0)
(-0.0695844 -0.0366317 0)
(-0.0633178 -0.03783 0)
(-0.0568464 -0.0384244 0)
(-0.050265 -0.0383856 0)
(-0.0436737 -0.0376945 0)
(-0.0371759 -0.0363443 0)
(-0.0308778 -0.034342 0)
(-0.0248861 -0.031711 0)
(-0.0193069 -0.0284931 0)
(-0.0142439 -0.0247508 0)
(-0.00979783 -0.0205694 0)
(-0.00606188 -0.0160595 0)
(-0.0031185 -0.0113578 0)
(-0.00108568 -0.00662795 0)
(-0.000158365 -0.00207038 0)
(-0.000186664 0.0028353 0)
(-0.00125367 0.00869992 0)
(-0.00356305 0.0145247 0)
(-0.00686862 0.0201232 0)
(-0.011018 0.0253481 0)
(-0.0159058 0.0300807 0)
(-0.0214206 0.0342292 0)
(-0.0274479 0.0377269 0)
(-0.0338747 0.0405292 0)
(-0.0405898 0.0426105 0)
(-0.0474844 0.043962 0)
(-0.0544528 0.0445885 0)
(-0.0613935 0.0445065 0)
(-0.0682096 0.0437416 0)
(-0.0748095 0.0423273 0)
(-0.0811077 0.0403032 0)
(-0.087025 0.0377134 0)
(-0.0924889 0.0346062 0)
(-0.0974336 0.0310327 0)
(-0.101801 0.0270465 0)
(-0.10554 0.0227035 0)
(-0.108606 0.018061 0)
(-0.110965 0.0131782 0)
(-0.112587 0.00811564 0)
(-0.113452 0.00293551 0)
(-0.113548 -0.00229865 0)
(-0.112871 -0.00752187 0)
(-0.111424 -0.0126679 0)
(-0.109221 -0.0176695 0)
(-0.106283 -0.0224586 0)
(-0.102641 -0.0269669 0)
(-0.0983348 -0.0311262 0)
(-0.093413 -0.0348695 0)
(-0.0879342 -0.0381313 0)
(-0.0819658 -0.0408496 0)
(-0.0755841 -0.0429664 0)
(-0.0688741 -0.0444298 0)
(-0.0619286 -0.045195 0)
(-0.0548476 -0.0452269 0)
(-0.047737 -0.0445014 0)
(-0.0407079 -0.0430081 0)
(-0.0338749 -0.0407518 0)
(-0.0273544 -0.0377554 0)
(-0.0212635 -0.0340615 0)
(-0.0157182 -0.029735 0)
(-0.0108327 -0.0248649 0)
(-0.00671426 -0.019566 0)
(-0.00345974 -0.0139794 0)
(-0.00120621 -0.00827245 0)
(-0.000176264 -0.0026483 0)
(-0.000204466 0.00349907 0)
(-0.00137149 0.0105629 0)
(-0.00389391 0.0174614 0)
(-0.00749771 0.0240098 0)
(-0.0120113 0.0300621 0)
(-0.0173155 0.0355006 0)
(-0.0232852 0.0402346 0)
(-0.0297934 0.0441985 0)
(-0.0367158 0.0473498 0)
(-0.0439318 0.0496657 0)
(-0.0513241 0.0511408 0)
(-0.0587801 0.051784 0)
(-0.0661922 0.0516167 0)
(-0.0734587 0.0506701 0)
(-0.0804841 0.0489838 0)
(-0.0871796 0.0466036 0)
(-0.0934633 0.0435807 0)
(-0.0992608 0.0399703 0)
(-0.104505 0.0358308 0)
(-0.109135 0.0312232 0)
(-0.1131 0.0262107 0)
(-0.116356 0.0208585 0)
(-0.118864 0.0152334 0)
(-0.120597 0.00940384 0)
(-0.121532 0.00343988 0)
(-0.121658 -0.00258678 0)
(-0.120968 -0.00860285 0)
(-0.119466 -0.0145336 0)
(-0.117165 -0.0203029 0)
(-0.114085 -0.0258337 0)
(-0.110257 -0.0310486 0)
(-0.105719 -0.0358699 0)
(-0.100523 -0.040221 0)
(-0.0947256 -0.0440273 0)
(-0.0883968 -0.0472172 0)
(-0.0816147 -0.0497236 0)
(-0.0744673 -0.0514858 0)
(-0.0670512 -0.0524512 0)
(-0.0594715 -0.0525775 0)
(-0.0518406 -0.0518344 0)
(-0.044277 -0.0502067 0)
(-0.0369041 -0.0476958 0)
(-0.0298489 -0.0443226 0)
(-0.0232398 -0.0401295 0)
(-0.0172059 -0.0351826 0)
(-0.0118755 -0.0295732 0)
(-0.00737051 -0.0234197 0)
(-0.00380224 -0.0168673 0)
(-0.00132683 -0.0100874 0)
(-0.00019407 -0.00328682 0)
(-0.000222122 0.00422211 0)
(-0.00148854 0.0125904 0)
(-0.00422295 0.0206529 0)
(-0.0081239 0.0282262 0)
(-0.0130009 0.0351658 0)
(-0.0187208 0.0413556 0)
(-0.0251447 0.0467071 0)
(-0.0321328 0.0511576 0)
(-0.0395497 0.0546678 0)
(-0.0472645 0.0572189 0)
(-0.0551516 0.0588104 0)
(-0.0630912 0.0594568 0)
(-0.0709697 0.0591852 0)
(-0.0786808 0.0580336 0)
(-0.086125 0.0560484 0)
(-0.0932107 0.0532826 0)
(-0.0998537 0.0497947 0)
(-0.105978 0.0456476 0)
(-0.111515 0.0409073 0)
(-0.116403 0.0356425 0)
(-0.120591 0.029924 0)
(-0.124033 0.0238248 0)
(-0.126691 0.0174193 0)
(-0.128536 0.0107838 0)
(-0.129545 0.00399647 0)
(-0.129706 -0.00286308 0)
(-0.129012 -0.00971325 0)
(-0.127465 -0.0164707 0)
(-0.125077 -0.0230507 0)
(-0.121868 -0.0293669 0)
(-0.117866 -0.0353324 0)
(-0.113111 -0.0408601 0)
(-0.107653 -0.0458634 0)
(-0.101549 -0.0502575 0)
(-0.0948703 -0.0539607 0)
(-0.0876963 -0.0568962 0)
(-0.0801176 -0.0589935 0)
(-0.0722345 -0.060191 0)
(-0.0641572 -0.0604377 0)
(-0.0560043 -0.0596962 0)
(-0.0479021 -0.0579448 0)
(-0.0399834 -0.0551802 0)
(-0.0323858 -0.0514199 0)
(-0.0252502 -0.0467046 0)
(-0.0187192 -0.0411005 0)
(-0.0129359 -0.0347003 0)
(-0.00803743 -0.0276254 0)
(-0.00415005 -0.0200247 0)
(-0.00144921 -0.0120744 0)
(-0.000212106 -0.00398639 0)
(-0.000239841 0.00500431 0)
(-0.00160589 0.0147821 0)
(-0.00455277 0.0240989 0)
(-0.00875154 0.0327722 0)
(-0.0139928 0.040659 0)
(-0.020129 0.0476456 0)
(-0.0270075 0.0536467 0)
(-0.0344755 0.0586035 0)
(-0.0423858 0.0624816 0)
(-0.0505975 0.0652678 0)
(-0.0589762 0.0669676 0)
(-0.0673948 0.0676023 0)
(-0.0757342 0.0672064 0)
(-0.083883 0.0658256 0)
(-0.0917384 0.0635138 0)
(-0.0992061 0.0603325 0)
(-0.1062 0.056348 0)
(-0.112643 0.0516313 0)
(-0.118465 0.0462563 0)
(-0.123606 0.0402997 0)
(-0.128011 0.0338402 0)
(-0.131637 0.0269584 0)
(-0.134444 0.0197365 0)
(-0.136403 0.0122586 0)
(-0.137491 0.00461047 0)
(-0.137693 -0.0031202 0)
(-0.137003 -0.0108437 0)
(-0.135422 -0.0184683 0)
(-0.13296 -0.0259005 0)
(-0.129635 -0.0330448 0)
(-0.125475 -0.0398047 0)
(-0.120518 -0.0460832 0)
(-0.114812 -0.0517834 0)
(-0.108415 -0.0568099 0)
(-0.101399 -0.0610702 0)
(-0.093843 -0.0644765 0)
(-0.0858406 -0.0669477 0)
(-0.0774955 -0.0684118 0)
(-0.0689223 -0.068808 0)
(-0.0602461 -0.0680899 0)
(-0.0516011 -0.0662279 0)
(-0.0431298 -0.0632124 0)
(-0.0349812 -0.059056 0)
(-0.0273089 -0.0537963 0)
(-0.0202701 -0.0474982 0)
(-0.0140233 -0.040255 0)
(-0.00872167 -0.0321905 0)
(-0.00450705 -0.0234574 0)
(-0.00157491 -0.0142372 0)
(-0.000230668 -0.00474829 0)
(-0.000257805 0.00584611 0)
(-0.00172454 0.017139 0)
(-0.00488577 0.027801 0)
(-0.00938465 0.0376494 0)
(-0.0149924 0.0465432 0)
(-0.021547 0.0543718 0)
(-0.0288815 0.0610538 0)
(-0.0368298 0.0665359 0)
(-0.0452325 0.0707898 0)
(-0.0539386 0.0738094 0)
(-0.0628048 0.0756079 0)
(-0.0716968 0.0762149 0)
(-0.0804897 0.0756735 0)
(-0.0890676 0.074038 0)
(-0.0973247 0.0713716 0)
(-0.105164 0.0677444 0)
(-0.112499 0.0632317 0)
(-0.11925 0.0579128 0)
(-0.125349 0.0518703 0)
(-0.130733 0.0451888 0)
(-0.13535 0.037955 0)
(-0.139155 0.0302572 0)
(-0.14211 0.0221853 0)
(-0.144184 0.0138309 0)
(-0.145354 0.0052872 0)
(-0.145605 -0.00335029 0)
(-0.144929 -0.011984 0)
(-0.143326 -0.0205141 0)
(-0.140803 -0.0288383 0)
(-0.137378 -0.0368521 0)
(-0.133076 -0.0444496 0)
(-0.127934 -0.0515233 0)
(-0.121998 -0.0579657 0)
(-0.115326 -0.0636704 0)
(-0.107987 -0.0685332 0)
(-0.100062 -0.0724545 0)
(-0.0916464 -0.0753412 0)
(-0.0828462 -0.0771095 0)
(-0.0737808 -0.0776874 0)
(-0.0645812 -0.0770177 0)
(-0.0553899 -0.0750614 0)
(-0.0463593 -0.0718005 0)
(-0.03765 -0.067241 0)
(-0.0294296 -0.061416 0)
(-0.0218702 -0.0543876 0)
(-0.0151468 -0.0462489 0)
(-0.00942965 -0.0371253 0)
(-0.004877 -0.0271737 0)
(-0.00170544 -0.0165813 0)
(-0.000250028 -0.00557463 0)
(-0.000276174 0.00674841 0)
(-0.00184535 0.0196634 0)
(-0.00522413 0.0317618 0)
(-0.0100269 0.0428609 0)
(-0.0160049 0.0528214 0)
(-0.0229811 0.0615363 0)
(-0.0307737 0.0689296 0)
(-0.0392027 0.0749545 0)
(-0.0480966 0.0795905 0)
(-0.0572937 0.0828401 0)
(-0.0666418 0.0847259 0)
(-0.0759995 0.0852872 0)
(-0.0852361 0.0845773 0)
(-0.0942319 0.0826607 0)
(-0.102878 0.0796105 0)
(-0.111076 0.0755067 0)
(-0.118737 0.0704341 0)
(-0.125784 0.0644813 0)
(-0.132147 0.0577395 0)
(-0.137765 0.0503016 0)
(-0.142585 0.0422624 0)
(-0.146563 0.0337178 0)
(-0.149662 0.024765 0)
(-0.151851 0.0155028 0)
(-0.153107 0.00603196 0)
(-0.153413 -0.00354503 0)
(-0.152761 -0.013123 0)
(-0.151149 -0.0225943 0)
(-0.148582 -0.0318482 0)
(-0.145075 -0.0407714 0)
(-0.140652 -0.0492483 0)
(-0.135346 -0.0571612 0)
(-0.129201 -0.0643917 0)
(-0.122273 -0.0708215 0)
(-0.11463 -0.0763341 0)
(-0.106354 -0.080817 0)
(-0.0975385 -0.0841639 0)
(-0.0882936 -0.0862777 0)
(-0.0787422 -0.0870733 0)
(-0.0690214 -0.086481 0)
(-0.0592817 -0.0844502 0)
(-0.0496856 -0.0809526 0)
(-0.0404061 -0.0759859 0)
(-0.0316249 -0.0695765 0)
(-0.0235304 -0.0617826 0)
(-0.0163152 -0.0526958 0)
(-0.0101675 -0.0424427 0)
(-0.00526345 -0.0311841 0)
(-0.00184221 -0.0191139 0)
(-0.000270439 -0.00646825 0)
(-0.000295093 0.00771257 0)
(-0.00196913 0.0223582 0)
(-0.00556987 0.0359855 0)
(-0.0106817 0.048411 0)
(-0.017035 0.0594974 0)
(-0.0244368 0.0691422 0)
(-0.03269 0.0772756 0)
(-0.0416002 0.0838589 0)
(-0.0509832 0.0888809 0)
(-0.0606663 0.0923547 0)
(-0.0704885 0.0943138 0)
(-0.0803014 0.0948093 0)
(-0.0899688 0.0939059 0)
(-0.0993673 0.0916799 0)
(-0.108386 0.0882157 0)
(-0.116925 0.083604 0)
(-0.124895 0.0779401 0)
(-0.13222 0.0713222 0)
(-0.138831 0.0638507 0)
(-0.144667 0.055627 0)
(-0.149679 0.0467538 0)
(-0.153822 0.0373344 0)
(-0.15706 0.0274731 0)
(-0.159362 0.0172758 0)
(-0.160706 0.0068497 0)
(-0.161075 -0.00369576 0)
(-0.160458 -0.0142485 0)
(-0.158851 -0.0246934 0)
(-0.156258 -0.0349118 0)
(-0.15269 -0.044782 0)
(-0.148169 -0.0541787 0)
(-0.142724 -0.0629742 0)
(-0.136396 -0.0710385 0)
(-0.129238 -0.0782411 0)
(-0.121316 -0.0844526 0)
(-0.112709 -0.0895464 0)
(-0.103513 -0.0934016 0)
(-0.0938382 -0.0959061 0)
(-0.0838112 -0.0969598 0)
(-0.0735746 -0.0964785 0)
(-0.0632867 -0.0943977 0)
(-0.0531203 -0.0906765 0)
(-0.0432613 -0.085302 0)
(-0.0339064 -0.0782921 0)
(-0.025261 -0.0696991 0)
(-0.0175365 -0.0596121 0)
(-0.010941 -0.048158 0)
(-0.00566979 -0.0355017 0)
(-0.00198656 -0.0218442 0)
(-0.000292142 -0.0074327 0)
(-0.000314696 0.00874033 0)
(-0.00209664 0.0252277 0)
(-0.0059249 0.0404777 0)
(-0.0113523 0.0543056 0)
(-0.018087 0.0665765 0)
(-0.0259194 0.0771931 0)
(-0.0346359 0.0860932 0)
(-0.044027 0.0932477 0)
(-0.0538955 0.0986567 0)
(-0.0640576 0.102346 0)
(-0.0743432 0.104361 0)
(-0.084597 0.104767 0)
(-0.0946779 0.103643 0)
(-0.104459 0.101078 0)
(-0.113828 0.0971677 0)
(-0.122685 0.0920163 0)
(-0.130942 0.0857298 0)
(-0.138523 0.0784166 0)
(-0.14536 0.0701867 0)
(-0.151396 0.06115 0)
(-0.156583 0.0514171 0)
(-0.160879 0.0410985 0)
(-0.164247 0.0303054 0)
(-0.16666 0.0191497 0)
(-0.168094 0.00774481 0)
(-0.168531 -0.00379362 0)
(-0.16796 -0.0153472 0)
(-0.166375 -0.0267941 0)
(-0.163776 -0.0380083 0)
(-0.160173 -0.04886 0)
(-0.155581 -0.0592147 0)
(-0.150026 -0.0689344 0)
(-0.143546 -0.0778779 0)
(-0.136189 -0.0859019 0)
(-0.128018 -0.092863 0)
(-0.119109 -0.0986196 0)
(-0.109558 -0.103035 0)
(-0.0994735 -0.10598 0)
(-0.0889864 -0.107337 0)
(-0.0782438 -0.107006 0)
(-0.0674114 -0.104905 0)
(-0.0566724 -0.100979 0)
(-0.0462258 -0.0952003 0)
(-0.0362841 -0.0875774 0)
(-0.0270711 -0.0781544 0)
(-0.0188186 -0.0670161 0)
(-0.0117558 -0.054289 0)
(-0.0060993 -0.0401416 0)
(-0.00213981 -0.0247828 0)
(-0.000315375 -0.00847224 0)
(-0.000335117 0.00983383 0)
(-0.00222865 0.0282768 0)
(-0.00629109 0.0452448 0)
(-0.0120418 0.0605514 0)
(-0.0191651 0.0740646 0)
(-0.0274334 0.0856929 0)
(-0.0366157 0.0953835 0)
(-0.0464867 0.103119 0)
(-0.0568353 0.108912 0)
(-0.0674663 0.112802 0)
(-0.0782008 0.114853 0)
(-0.0888766 0.115144 0)
(-0.0993483 0.113768 0)
(-0.109487 0.11083 0)
(-0.119179 0.106442 0)
(-0.128324 0.100718 0)
(-0.136838 0.0937773 0)
(-0.144645 0.0857398 0)
(-0.151681 0.0767247 0)
(-0.157893 0.0668507 0)
(-0.163235 0.0562362 0)
(-0.167666 0.0449983 0)
(-0.171154 0.0332545 0)
(-0.17367 0.0211223 0)
(-0.175193 0.00872066 0)
(-0.175705 -0.0038297 0)
(-0.175191 -0.0164049 0)
(-0.173646 -0.028877 0)
(-0.171065 -0.0411137 0)
(-0.167453 -0.0529773 0)
(-0.162823 -0.0643249 0)
(-0.157195 -0.0750086 0)
(-0.1506 -0.0848756 0)
(-0.143082 -0.0937696 0)
(-0.1347 -0.101533 0)
(-0.125525 -0.108007 0)
(-0.11565 -0.113038 0)
(-0.105185 -0.116477 0)
(-0.0942599 -0.11819 0)
(-0.0830267 -0.118054 0)
(-0.0716582 -0.115969 0)
(-0.0603477 -0.111863 0)
(-0.0493076 -0.105691 0)
(-0.0387672 -0.0974474 0)
(-0.0289696 -0.0871669 0)
(-0.0201687 -0.0749278 0)
(-0.0126172 -0.0608553 0)
(-0.00655521 -0.0451211 0)
(-0.00230325 -0.027942 0)
(-0.000340372 -0.00959178 0)
(-0.000356497 0.0109956 0)
(-0.00236592 0.0315117 0)
(-0.00667038 0.0502947 0)
(-0.0127534 0.0671565 0)
(-0.0202734 0.0819682 0)
(-0.0289834 0.0946457 0)
(-0.0386337 0.105147 0)
(-0.0489818 0.113467 0)
(-0.0598024 0.119636 0)
(-0.0708887 0.123711 0)
(-0.0820526 0.125771 0)
(-0.0931259 0.125915 0)
(-0.103959 0.124254 0)
(-0.114422 0.120908 0)
(-0.124401 0.116005 0)
(-0.133798 0.109675 0)
(-0.142531 0.10205 0)
(-0.150527 0.0932603 0)
(-0.157729 0.0834356 0)
(-0.164086 0.0727035 0)
(-0.169554 0.0611895 0)
(-0.174099 0.0490173 0)
(-0.17769 0.0363098 0)
(-0.180301 0.0231894 0)
(-0.181911 0.00977928 0)
(-0.182501 -0.00379538 0)
(-0.182058 -0.0174063 0)
(-0.18057 -0.0309207 0)
(-0.178033 -0.0442006 0)
(-0.174446 -0.0571016 0)
(-0.169815 -0.069473 0)
(-0.164154 -0.0811572 0)
(-0.15749 -0.0919901 0)
(-0.149858 -0.101802 0)
(-0.141311 -0.11042 0)
(-0.131915 -0.117669 0)
(-0.121758 -0.123375 0)
(-0.110948 -0.12737 0)
(-0.0996158 -0.129496 0)
(-0.0879149 -0.129608 0)
(-0.0760249 -0.127584 0)
(-0.0641487 -0.12333 0)
(-0.0525125 -0.116781 0)
(-0.0413628 -0.107916 0)
(-0.030964 -0.0967554 0)
(-0.0215937 -0.0833689 0)
(-0.0135304 -0.0678789 0)
(-0.00704071 -0.0504593 0)
(-0.0024782 -0.0313357 0)
(-0.000367378 -0.0107969 0)
(-0.000378993 0.0122285 0)
(-0.00250934 0.0349392 0)
(-0.00706492 0.0556364 0)
(-0.0134904 0.07413 0)
(-0.0214164 0.0902948 0)
(-0.030574 0.104055 0)
(-0.0406935 0.115382 0)
(-0.0515141 0.124287 0)
(-0.0627954 0.130819 0)
(-0.0743185 0.135053 0)
(-0.0858867 0.137091 0)
(-0.0973259 0.137051 0)
(-0.108484 0.135064 0)
(-0.11923 0.131272 0)
(-0.129451 0.125817 0)
(-0.139053 0.118847 0)
(-0.147958 0.110506 0)
(-0.156099 0.100938 0)
(-0.163423 0.0902827 0)
(-0.169884 0.0786755 0)
(-0.175446 0.0662495 0)
(-0.180076 0.053134 0)
(-0.183749 0.0394565 0)
(-0.186441 0.0253433 0)
(-0.188133 0.0109208 0)
(-0.188805 -0.00368255 0)
(-0.188444 -0.0183355 0)
(-0.187035 -0.0329015 0)
(-0.184571 -0.0472382 0)
(-0.181044 -0.0611958 0)
(-0.176455 -0.0746162 0)
(-0.170811 -0.0873332 0)
(-0.16413 -0.0991716 0)
(-0.15644 -0.109949 0)
(-0.147784 -0.119476 0)
(-0.138223 -0.127559 0)
(-0.127837 -0.134004 0)
(-0.116729 -0.13862 0)
(-0.10503 -0.141224 0)
(-0.0928931 -0.141645 0)
(-0.0805037 -0.139736 0)
(-0.0680739 -0.135376 0)
(-0.0558435 -0.128477 0)
(-0.0440771 -0.118997 0)
(-0.0330613 -0.106939 0)
(-0.0231002 -0.092362 0)
(-0.0145008 -0.075383 0)
(-0.00755907 -0.0561775 0)
(-0.00266603 -0.0349794 0)
(-0.00039665 -0.0120939 0)
(-0.000402788 0.0135361 0)
(-0.00265992 0.0385674 0)
(-0.00747718 0.0612804 0)
(-0.014257 0.0814821 0)
(-0.0225989 0.0990521 0)
(-0.0322103 0.113925 0)
(-0.0427991 0.126087 0)
(-0.0540849 0.135569 0)
(-0.0658113 0.142441 0)
(-0.0777472 0.146803 0)
(-0.0896872 0.148779 0)
(-0.101452 0.148512 0)
(-0.112888 0.146157 0)
(-0.123865 0.141875 0)
(-0.134274 0.135828 0)
(-0.144024 0.128182 0)
(-0.153044 0.119096 0)
(-0.161274 0.108725 0)
(-0.168667 0.0972205 0)
(-0.175185 0.0847262 0)
(-0.180797 0.0713814 0)
(-0.185478 0.0573206 0)
(-0.189205 0.0426747 0)
(-0.19196 0.0275727 0)
(-0.193724 0.0121432 0)
(-0.194481 -0.0034841 0)
(-0.194213 -0.0191759 0)
(-0.192905 -0.0347938 0)
(-0.190544 -0.0501923 0)
(-0.187118 -0.0652174 0)
(-0.182621 -0.0797053 0)
(-0.177051 -0.0934816 0)
(-0.170415 -0.106361 0)
(-0.162732 -0.118148 0)
(-0.154036 -0.128637 0)
(-0.144377 -0.137616 0)
(-0.133826 -0.144869 0)
(-0.122482 -0.150178 0)
(-0.110467 -0.153332 0)
(-0.0979376 -0.154134 0)
(-0.085081 -0.152404 0)
(-0.0721178 -0.147991 0)
(-0.059301 -0.140779 0)
(-0.0469142 -0.130699 0)
(-0.0352679 -0.117735 0)
(-0.0246948 -0.10193 0)
(-0.0155336 -0.0833928 0)
(-0.00811373 -0.0622988 0)
(-0.00286819 -0.0388901 0)
(-0.000428473 -0.0134897 0)
(-0.000428109 0.0149223 0)
(-0.0028189 0.0424058 0)
(-0.00791012 0.0672385 0)
(-0.0150578 0.0892244 0)
(-0.0238268 0.108248 0)
(-0.033898 0.124258 0)
(-0.0449546 0.137257 0)
(-0.056695 0.1473 0)
(-0.0688458 0.154481 0)
(-0.0811633 0.158929 0)
(-0.0934341 0.160796 0)
(-0.105475 0.160252 0)
(-0.117132 0.157477 0)
(-0.128276 0.152657 0)
(-0.138804 0.145976 0)
(-0.148633 0.137617 0)
(-0.157698 0.127756 0)
(-0.165949 0.116561 0)
(-0.173347 0.104193 0)
(-0.179864 0.0908056 0)
(-0.185475 0.0765424 0)
(-0.190163 0.0615423 0)
(-0.193911 0.0459388 0)
(-0.196705 0.0298621 0)
(-0.198529 0.0134411 0)
(-0.199368 -0.00319424 0)
(-0.199204 -0.0199109 0)
(-0.19802 -0.03657 0)
(-0.195797 -0.0530248 0)
(-0.192518 -0.0691188 0)
(-0.188167 -0.0846838 0)
(-0.182735 -0.099539 0)
(-0.176217 -0.11349 0)
(-0.168619 -0.126328 0)
(-0.159964 -0.137831 0)
(-0.150288 -0.147769 0)
(-0.139652 -0.155899 0)
(-0.128144 -0.16198 0)
(-0.115882 -0.165768 0)
(-0.103016 -0.167032 0)
(-0.0897361 -0.165557 0)
(-0.0762696 -0.161156 0)
(-0.0628822 -0.153681 0)
(-0.0498768 -0.143031 0)
(-0.0375894 -0.129161 0)
(-0.0263838 -0.112097 0)
(-0.0166345 -0.0919349 0)
(-0.00870838 -0.0688482 0)
(-0.0030863 -0.0430867 0)
(-0.000463164 -0.0149923 0)
(-0.000455243 0.0163917 0)
(-0.00298781 0.0464655 0)
(-0.00836746 0.0735248 0)
(-0.0158986 0.0973699 0)
(-0.0251072 0.117893 0)
(-0.0356441 0.135056 0)
(-0.047165 0.148885 0)
(-0.0593452 0.159461 0)
(-0.0718932 0.166909 0)
(-0.0845527 0.171391 0)
(-0.0971029 0.173091 0)
(-0.109358 0.17221 0)
(-0.121164 0.168958 0)
(-0.132399 0.163547 0)
(-0.142965 0.156185 0)
(-0.152789 0.147076 0)
(-0.161816 0.136411 0)
(-0.170007 0.124374 0)
(-0.177334 0.111135 0)
(-0.183778 0.0968533 0)
(-0.189326 0.0816802 0)
(-0.193968 0.0657564 0)
(-0.197695 0.0492166 0)
(-0.200498 0.0321906 0)
(-0.202365 0.0148061 0)
(-0.203282 -0.00280911 0)
(-0.203232 -0.0205237 0)
(-0.202195 -0.0382007 0)
(-0.200147 -0.055694 0)
(-0.197064 -0.0728467 0)
(-0.192923 -0.089488 0)
(-0.187701 -0.105432 0)
(-0.181383 -0.120477 0)
(-0.173961 -0.134401 0)
(-0.165441 -0.146969 0)
(-0.155845 -0.157928 0)
(-0.145221 -0.167012 0)
(-0.133641 -0.173948 0)
(-0.121214 -0.178461 0)
(-0.108085 -0.18028 0)
(-0.0944402 -0.179151 0)
(-0.080513 -0.174845 0)
(-0.0665809 -0.167172 0)
(-0.0529657 -0.155993 0)
(-0.0400307 -0.141232 0)
(-0.0281739 -0.122886 0)
(-0.0178094 -0.101037 0)
(-0.00934714 -0.0758529 0)
(-0.0033222 -0.04759 0)
(-0.000501092 -0.0166101 0)
(-0.000484556 0.0179501 0)
(-0.00316864 0.0507596 0)
(-0.00885386 0.0801553 0)
(-0.0167867 0.105934 0)
(-0.026449 0.127995 0)
(-0.0374572 0.146319 0)
(-0.0494363 0.160959 0)
(-0.0620362 0.172028 0)
(-0.0749463 0.179689 0)
(-0.0878979 0.184138 0)
(-0.100664 0.185601 0)
(-0.113056 0.184313 0)
(-0.124927 0.180518 0)
(-0.136158 0.174457 0)
(-0.146664 0.166366 0)
(-0.156383 0.156468 0)
(-0.165273 0.144973 0)
(-0.173308 0.132078 0)
(-0.180474 0.117964 0)
(-0.186763 0.102798 0)
(-0.192175 0.0867324 0)
(-0.196709 0.0699114 0)
(-0.200365 0.0524686 0)
(-0.20314 0.0345318 0)
(-0.205027 0.0162251 0)
(-0.206015 -0.00232726 0)
(-0.206086 -0.0209985 0)
(-0.205218 -0.0396553 0)
(-0.203384 -0.0581551 0)
(-0.200552 -0.0763424 0)
(-0.196689 -0.0940464 0)
(-0.19176 -0.111078 0)
(-0.185736 -0.12723 0)
(-0.178592 -0.14227 0)
(-0.170318 -0.155947 0)
(-0.160917 -0.167989 0)
(-0.150418 -0.178103 0)
(-0.138878 -0.185987 0)
(-0.126389 -0.191325 0)
(-0.113087 -0.193806 0)
(-0.0991546 -0.193129 0)
(-0.084825 -0.189017 0)
(-0.0703863 -0.18123 0)
(-0.0561795 -0.169582 0)
(-0.0425962 -0.153957 0)
(-0.030072 -0.13432 0)
(-0.0190652 -0.110728 0)
(-0.0100347 -0.0833421 0)
(-0.003578 -0.0524228 0)
(-0.000542695 -0.0183531 0)
(-0.000516528 0.0196041 0)
(-0.00336391 0.0553037 0)
(-0.00937534 0.0871495 0)
(-0.0177314 0.114933 0)
(-0.0278634 0.138564 0)
(-0.039348 0.158046 0)
(-0.0517759 0.173464 0)
(-0.0647688 0.184971 0)
(-0.0779963 0.192771 0)
(-0.0911774 0.197108 0)
(-0.10408 0.198249 0)
(-0.116518 0.196472 0)
(-0.128348 0.192059 0)
(-0.139465 0.185284 0)
(-0.149794 0.17641 0)
(-0.159291 0.165684 0)
(-0.167927 0.153336 0)
(-0.175695 0.139574 0)
(-0.182593 0.124589 0)
(-0.188632 0.108554 0)
(-0.193822 0.0916257 0)
(-0.198175 0.0739462 0)
(-0.2017 0.0556472 0)
(-0.204403 0.0368524 0)
(-0.206282 0.0176807 0)
(-0.207328 -0.00175027 0)
(-0.207526 -0.0213202 0)
(-0.206851 -0.0409025 0)
(-0.205271 -0.06036 0)
(-0.202747 -0.079542 0)
(-0.199236 -0.09828 0)
(-0.194691 -0.116385 0)
(-0.189065 -0.133644 0)
(-0.182318 -0.149819 0)
(-0.174416 -0.164644 0)
(-0.165343 -0.177827 0)
(-0.155105 -0.189051 0)
(-0.143737 -0.197977 0)
(-0.131313 -0.204252 0)
(-0.117953 -0.207515 0)
(-0.103829 -0.207414 0)
(-0.0891743 -0.203615 0)
(-0.074283 -0.195819 0)
(-0.0595146 -0.183785 0)
(-0.04529 -0.167344 0)
(-0.0320855 -0.146419 0)
(-0.0204094 -0.121038 0)
(-0.0107767 -0.0913476 0)
(-0.00385628 -0.0576105 0)
(-0.000588504 -0.0202322 0)
(-0.000551787 0.0213619 0)
(-0.00357692 0.0601168 0)
(-0.00993959 0.0945304 0)
(-0.0187447 0.124388 0)
(-0.0293645 0.149612 0)
(-0.0413301 0.170235 0)
(-0.0541927 0.18638 0)
(-0.0675436 0.198249 0)
(-0.0810316 0.206097 0)
(-0.0943644 0.210222 0)
(-0.107307 0.210941 0)
(-0.119677 0.20858 0)
(-0.131343 0.203464 0)
(-0.142212 0.195903 0)
(-0.152229 0.186191 0)
(-0.161364 0.1746 0)
(-0.169613 0.161376 0)
(-0.176983 0.146744 0)
(-0.183494 0.130901 0)
(-0.189171 0.114026 0)
(-0.194041 0.0962749 0)
(-0.198129 0.0777893 0)
(-0.201455 0.0586962 0)
(-0.204033 0.0391127 0)
(-0.205868 0.0191499 0)
(-0.206956 -0.00108333 0)
(-0.207282 -0.0214759 0)
(-0.206821 -0.0419104 0)
(-0.205537 -0.0622585 0)
(-0.203383 -0.0823768 0)
(-0.200304 -0.102102 0)
(-0.196242 -0.121249 0)
(-0.191131 -0.139602 0)
(-0.184911 -0.156919 0)
(-0.177526 -0.172921 0)
(-0.168935 -0.187299 0)
(-0.159116 -0.199709 0)
(-0.148078 -0.209778 0)
(-0.135871 -0.217109 0)
(-0.122593 -0.22129 0)
(-0.108401 -0.221909 0)
(-0.0935201 -0.218564 0)
(-0.0782495 -0.210891 0)
(-0.0629642 -0.198577 0)
(-0.0481153 -0.181391 0)
(-0.0342229 -0.159202 0)
(-0.0218512 -0.131998 0)
(-0.0115798 -0.0999038 0)
(-0.00416016 -0.0631815 0)
(-0.000639177 -0.0222596 0)
(-0.000591162 0.0232336 0)
(-0.00381197 0.0652224 0)
(-0.0105566 0.102326 0)
(-0.0198417 0.134322 0)
(-0.0309702 0.161151 0)
(-0.0434199 0.182878 0)
(-0.0566974 0.199679 0)
(-0.0703607 0.21181 0)
(-0.0840372 0.219592 0)
(-0.0974248 0.223383 0)
(-0.110289 0.223561 0)
(-0.122456 0.220507 0)
(-0.133809 0.214593 0)
(-0.144274 0.206169 0)
(-0.153817 0.195561 0)
(-0.162433 0.183067 0)
(-0.170137 0.168953 0)
(-0.176963 0.153454 0)
(-0.182949 0.136777 0)
(-0.188139 0.119101 0)
(-0.192578 0.100583 0)
(-0.196305 0.0813592 0)
(-0.199353 0.0615505 0)
(-0.201746 0.0412651 0)
(-0.203496 0.0206038 0)
(-0.204605 -0.000335791 0)
(-0.205058 -0.0214548 0)
(-0.204831 -0.042648 0)
(-0.203883 -0.0637987 0)
(-0.202161 -0.0847742 0)
(-0.199601 -0.105421 0)
(-0.196127 -0.125558 0)
(-0.191658 -0.144974 0)
(-0.186112 -0.163423 0)
(-0.179405 -0.18062 0)
(-0.171469 -0.196238 0)
(-0.162252 -0.209907 0)
(-0.15173 -0.221221 0)
(-0.139922 -0.229737 0)
(-0.126896 -0.234986 0)
(-0.112788 -0.236488 0)
(-0.0978089 -0.233767 0)
(-0.0822564 -0.226376 0)
(-0.0665182 -0.213921 0)
(-0.0510748 -0.196091 0)
(-0.0364937 -0.172685 0)
(-0.0234015 -0.14364 0)
(-0.0124522 -0.109049 0)
(-0.00449355 -0.0691678 0)
(-0.000695549 -0.0244498 0)
(-0.000635753 0.0252321 0)
(-0.00407466 0.0706493 0)
(-0.0112392 0.11057 0)
(-0.0210417 0.144763 0)
(-0.0327028 0.173192 0)
(-0.0456375 0.195966 0)
(-0.0593021 0.213322 0)
(-0.073218 0.225589 0)
(-0.0869919 0.233161 0)
(-0.100315 0.236473 0)
(-0.112956 0.235971 0)
(-0.124758 0.232099 0)
(-0.135621 0.22528 0)
(-0.145498 0.21591 0)
(-0.154382 0.204349 0)
(-0.162295 0.190919 0)
(-0.16928 0.175905 0)
(-0.175394 0.159554 0)
(-0.180701 0.142077 0)
(-0.185265 0.123654 0)
(-0.18915 0.10444 0)
(-0.19241 0.0845638 0)
(-0.195093 0.0641363 0)
(-0.197232 0.0432551 0)
(-0.198849 0.0220079 0)
(-0.19995 0.000478362 0)
(-0.200525 -0.0212495 0)
(-0.200549 -0.0430855 0)
(-0.199977 -0.0649281 0)
(-0.198752 -0.0866588 0)
(-0.196797 -0.108136 0)
(-0.194024 -0.129191 0)
(-0.190334 -0.149617 0)
(-0.185619 -0.169171 0)
(-0.17977 -0.187563 0)
(-0.172686 -0.204452 0)
(-0.164279 -0.219448 0)
(-0.154488 -0.232108 0)
(-0.143292 -0.241943 0)
(-0.130724 -0.248424 0)
(-0.116888 -0.250996 0)
(-0.101972 -0.249096 0)
(-0.0862647 -0.242183 0)
(-0.0701613 -0.229761 0)
(-0.0541703 -0.211422 0)
(-0.0389089 -0.186878 0)
(-0.0250737 -0.155995 0)
(-0.0134043 -0.118823 0)
(-0.00486142 -0.0756057 0)
(-0.000758692 -0.0268192 0)
(-0.000687022 0.0273732 0)
(-0.00437235 0.0764335 0)
(-0.012004 0.119304 0)
(-0.0223693 0.155745 0)
(-0.0345898 0.185748 0)
(-0.0480071 0.209483 0)
(-0.0620196 0.22726 0)
(-0.0761101 0.2395 0)
(-0.0898658 0.246688 0)
(-0.102975 0.249346 0)
(-0.115219 0.248003 0)
(-0.126459 0.243171 0)
(-0.136625 0.235332 0)
(-0.145702 0.224929 0)
(-0.153714 0.212357 0)
(-0.160716 0.197964 0)
(-0.166783 0.182051 0)
(-0.172001 0.164874 0)
(-0.176459 0.146647 0)
(-0.180244 0.127549 0)
(-0.18344 0.107727 0)
(-0.186118 0.0873014 0)
(-0.188339 0.0663715 0)
(-0.190149 0.0450207 0)
(-0.191579 0.0233213 0)
(-0.192639 0.00134016 0)
(-0.193326 -0.0208562 0)
(-0.193613 -0.0431958 0)
(-0.193456 -0.0655954 0)
(-0.192789 -0.0879541 0)
(-0.19153 -0.110147 0)
(-0.189574 -0.13202 0)
(-0.186805 -0.153379 0)
(-0.183091 -0.173986 0)
(-0.178296 -0.193551 0)
(-0.172281 -0.211727 0)
(-0.164919 -0.228104 0)
(-0.156106 -0.242207 0)
(-0.145774 -0.2535 0)
(-0.133908 -0.26139 0)
(-0.120572 -0.26524 0)
(-0.105921 -0.264391 0)
(-0.090222 -0.258188 0)
(-0.0738717 -0.246018 0)
(-0.0574021 -0.22735 0)
(-0.0414816 -0.201785 0)
(-0.0268842 -0.169097 0)
(-0.0144492 -0.129274 0)
(-0.00527019 -0.0825374 0)
(-0.000830007 -0.0293874 0)
(-0.000746935 0.0296773 0)
(-0.00471473 0.0826204 0)
(-0.0128726 0.12858 0)
(-0.0238554 0.167307 0)
(-0.0366653 0.198832 0)
(-0.0505562 0.223402 0)
(-0.0648617 0.241426 0)
(-0.0790243 0.253435 0)
(-0.0926152 0.260025 0)
(-0.105327 0.261825 0)
(-0.116959 0.259454 0)
(-0.127406 0.253504 0)
(-0.136632 0.244521 0)
(-0.144661 0.232997 0)
(-0.151559 0.219361 0)
(-0.157419 0.203987 0)
(-0.16235 0.187189 0)
(-0.166469 0.169228 0)
(-0.169893 0.150319 0)
(-0.172736 0.130635 0)
(-0.175098 0.110313 0)
(-0.177071 0.0894623 0)
(-0.178728 0.068167 0)
(-0.180129 0.046494 0)
(-0.18131 0.0244976 0)
(-0.182293 0.00222554 0)
(-0.183076 -0.0202759 0)
(-0.183635 -0.0429556 0)
(-0.183925 -0.0657516 0)
(-0.183878 -0.0885847 0)
(-0.1834 -0.111351 0)
(-0.182379 -0.133915 0)
(-0.180678 -0.156099 0)
(-0.178144 -0.177679 0)
(-0.17461 -0.198372 0)
(-0.169901 -0.217827 0)
(-0.163846 -0.235621 0)
(-0.15629 -0.251253 0)
(-0.14711 -0.26414 0)
(-0.136238 -0.273625 0)
(-0.123678 -0.278983 0)
(-0.10954 -0.279447 0)
(-0.0940585 -0.274233 0)
(-0.077618 -0.262583 0)
(-0.0607677 -0.24382 0)
(-0.0442267 -0.2174 0)
(-0.028854 -0.182977 0)
(-0.015604 -0.140453 0)
(-0.00572829 -0.0900123 0)
(-0.000911359 -0.0321777 0)
(-0.000818156 0.0321707 0)
(-0.00511462 0.0892672 0)
(-0.0138727 0.138461 0)
(-0.0255394 0.179493 0)
(-0.0389701 0.212452 0)
(-0.0533153 0.237685 0)
(-0.0678362 0.255729 0)
(-0.0819356 0.267253 0)
(-0.0951746 0.272989 0)
(-0.10726 0.273689 0)
(-0.118023 0.27008 0)
(-0.127399 0.262841 0)
(-0.135402 0.252585 0)
(-0.142103 0.239854 0)
(-0.147616 0.225112 0)
(-0.152076 0.208752 0)
(-0.155632 0.191099 0)
(-0.158436 0.172416 0)
(-0.160633 0.152912 0)
(-0.162359 0.132753 0)
(-0.163739 0.112061 0)
(-0.164879 0.0909308 0)
(-0.165867 0.0694284 0)
(-0.166772 0.047602 0)
(-0.167643 0.0254856 0)
(-0.168506 0.00310553 0)
(-0.169364 -0.0195143 0)
(-0.170199 -0.0423463 0)
(-0.170964 -0.0653525 0)
(-0.171589 -0.0884786 0)
(-0.171977 -0.111645 0)
(-0.172003 -0.134741 0)
(-0.171518 -0.157613 0)
(-0.170345 -0.180053 0)
(-0.168289 -0.201793 0)
(-0.165138 -0.22249 0)
(-0.160675 -0.241713 0)
(-0.154688 -0.258941 0)
(-0.146992 -0.273551 0)
(-0.13745 -0.284821 0)
(-0.125997 -0.291937 0)
(-0.112679 -0.294011 0)
(-0.0976797 -0.290111 0)
(-0.0813551 -0.279311 0)
(-0.0642603 -0.26075 0)
(-0.0471615 -0.233703 0)
(-0.031009 -0.197665 0)
(-0.0168906 -0.152419 0)
(-0.0062469 -0.098089 0)
(-0.00100527 -0.0352187 0)
(-0.000904339 0.0348872 0)
(-0.00558917 0.0964468 0)
(-0.0150407 0.149024 0)
(-0.0274702 0.192356 0)
(-0.0415524 0.226612 0)
(-0.0563155 0.252274 0)
(-0.070942 0.270047 0)
(-0.0847982 0.280772 0)
(-0.0974463 0.285348 0)
(-0.108622 0.284671 0)
(-0.118204 0.27959 0)
(-0.126184 0.270879 0)
(-0.132636 0.259222 0)
(-0.137692 0.245208 0)
(-0.141519 0.229332 0)
(-0.144301 0.212001 0)
(-0.146229 0.193546 0)
(-0.14749 0.174226 0)
(-0.148258 0.154241 0)
(-0.148694 0.13374 0)
(-0.148941 0.112831 0)
(-0.149119 0.0915889 0)
(-0.149332 0.0700594 0)
(-0.149657 0.0482694 0)
(-0.150151 0.0262308 0)
(-0.150849 0.00394683 0)
(-0.151759 -0.0185829 0)
(-0.152865 -0.0413558 0)
(-0.154125 -0.0643608 0)
(-0.155469 -0.0875708 0)
(-0.156796 -0.110936 0)
(-0.157976 -0.134372 0)
(-0.158846 -0.157756 0)
(-0.159214 -0.180906 0)
(-0.158857 -0.203577 0)
(-0.157526 -0.225439 0)
(-0.154958 -0.246069 0)
(-0.150882 -0.264932 0)
(-0.145042 -0.281375 0)
(-0.13722 -0.294617 0)
(-0.127266 -0.303752 0)
(-0.115142 -0.307764 0)
(-0.100957 -0.305558 0)
(-0.0850168 -0.296006 0)
(-0.0678648 -0.278023 0)
(-0.0503045 -0.250657 0)
(-0.033382 -0.213189 0)
(-0.0183381 -0.165238 0)
(-0.0068411 -0.106839 0)
(-0.00111522 -0.0385455 0)
(-0.00101059 0.0378711 0)
(-0.0061615 0.104252 0)
(-0.0164239 0.160366 0)
(-0.0297091 0.205953 0)
(-0.0444674 0.241303 0)
(-0.0595844 0.267082 0)
(-0.0741596 0.284213 0)
(-0.0875324 0.293755 0)
(-0.0992834 0.29681 0)
(-0.109198 0.294443 0)
(-0.117223 0.287638 0)
(-0.123425 0.277269 0)
(-0.127954 0.26409 0)
(-0.131012 0.248733 0)
(-0.132826 0.231718 0)
(-0.133635 0.21346 0)
(-0.133673 0.194286 0)
(-0.13316 0.174443 0)
(-0.1323 0.154115 0)
(-0.131274 0.133434 0)
(-0.130242 0.112485 0)
(-0.129338 0.0913211 0)
(-0.128674 0.0699653 0)
(-0.128338 0.0484214 0)
(-0.128393 0.0266776 0)
(-0.128879 0.00471288 0)
(-0.129811 -0.0174982 0)
(-0.131179 -0.0399797 0)
(-0.132945 -0.0627484 0)
(-0.13504 -0.0858071 0)
(-0.137366 -0.109137 0)
(-0.139791 -0.132689 0)
(-0.142145 -0.156372 0)
(-0.144222 -0.180041 0)
(-0.145778 -0.203479 0)
(-0.146531 -0.226386 0)
(-0.146173 -0.248354 0)
(-0.144373 -0.268853 0)
(-0.140799 -0.287209 0)
(-0.13514 -0.302593 0)
(-0.127146 -0.314012 0)
(-0.116666 -0.320319 0)
(-0.103711 -0.320236 0)
(-0.0885057 -0.312406 0)
(-0.0715519 -0.295473 0)
(-0.0536744 -0.268193 0)
(-0.0360138 -0.229569 0)
(-0.0199848 -0.178988 0)
(-0.00753154 -0.116348 0)
(-0.00124609 -0.042203 0)
(-0.00114416 0.0411812 0)
(-0.00686327 0.112803 0)
(-0.0180842 0.172603 0)
(-0.0323313 0.220345 0)
(-0.0477755 0.256493 0)
(-0.0631378 0.281974 0)
(-0.0774372 0.297995 0)
(-0.0900045 0.305893 0)
(-0.100466 0.307009 0)
(-0.108685 0.302605 0)
(-0.114703 0.293812 0)
(-0.118686 0.281606 0)
(-0.120873 0.266805 0)
(-0.121548 0.250076 0)
(-0.121005 0.231952 0)
(-0.119537 0.212845 0)
(-0.117422 0.193069 0)
(-0.114912 0.172851 0)
(-0.112234 0.152354 0)
(-0.109589 0.131681 0)
(-0.107147 0.110894 0)
(-0.105052 0.0900206 0)
(-0.103423 0.0690588 0)
(-0.102353 0.0479879 0)
(-0.101911 0.026772 0)
(-0.102141 0.00536549 0)
(-0.103064 -0.0162824 0)
(-0.104677 -0.0382223 0)
(-0.106946 -0.0604996 0)
(-0.10981 -0.0831482 0)
(-0.113177 -0.106183 0)
(-0.116917 -0.129592 0)
(-0.120859 -0.153323 0)
(-0.124792 -0.177271 0)
(-0.128458 -0.201265 0)
(-0.131549 -0.22504 0)
(-0.133717 -0.248223 0)
(-0.134572 -0.270302 0)
(-0.133704 -0.290604 0)
(-0.130703 -0.308266 0)
(-0.125198 -0.322222 0)
(-0.116904 -0.331196 0)
(-0.105696 -0.333716 0)
(-0.0916762 -0.328166 0)
(-0.0752681 -0.312865 0)
(-0.057286 -0.286203 0)
(-0.0389546 -0.246811 0)
(-0.0218818 -0.193756 0)
(-0.00834687 -0.126727 0)
(-0.0014049 -0.0462487 0)
(-0.00131569 0.0448958 0)
(-0.00773851 0.122253 0)
(-0.0201033 0.185874 0)
(-0.0354283 0.235585 0)
(-0.051536 0.272116 0)
(-0.0669646 0.296751 0)
(-0.0806662 0.311077 0)
(-0.0919956 0.316778 0)
(-0.100664 0.315484 0)
(-0.106655 0.308674 0)
(-0.110137 0.297632 0)
(-0.111397 0.283433 0)
(-0.110782 0.266946 0)
(-0.108664 0.24886 0)
(-0.105411 0.229704 0)
(-0.101368 0.209874 0)
(-0.0968504 0.189658 0)
(-0.0921398 0.169253 0)
(-0.0874806 0.148791 0)
(-0.0830831 0.128346 0)
(-0.0791249 0.107948 0)
(-0.0757539 0.087597 0)
(-0.0730904 0.0672659 0)
(-0.0712295 0.0469088 0)
(-0.0702424 0.0264657 0)
(-0.0701773 0.00586708 0)
(-0.0710598 -0.014962 0)
(-0.0728919 -0.0360978 0)
(-0.0756501 -0.0576138 0)
(-0.0792826 -0.0795745 0)
(-0.0837059 -0.10203 0)
(-0.0887999 -0.125006 0)
(-0.094403 -0.148494 0)
(-0.100306 -0.172439 0)
(-0.106245 -0.196719 0)
(-0.1119 -0.221123 0)
(-0.116891 -0.245327 0)
(-0.120779 -0.26886 0)
(-0.123077 -0.291072 0)
(-0.123271 -0.311092 0)
(-0.120856 -0.327804 0)
(-0.115387 -0.339815 0)
(-0.106561 -0.345459 0)
(-0.0943088 -0.342833 0)
(-0.0789176 -0.329874 0)
(-0.0611421 -0.304515 0)
(-0.0422643 -0.264899 0)
(-0.0240972 -0.209641 0)
(-0.00932768 -0.138111 0)
(-0.00160208 -0.0507586 0)
(-0.00154122 0.0491215 0)
(-0.00884972 0.132801 0)
(-0.0225891 0.200344 0)
(-0.0391073 0.251711 0)
(-0.0557956 0.288036 0)
(-0.0710011 0.31111 0)
(-0.0836433 0.323021 0)
(-0.0931554 0.325882 0)
(-0.0993932 0.321659 0)
(-0.102508 0.312068 0)
(-0.102837 0.298544 0)
(-0.100811 0.282242 0)
(-0.0969035 0.264065 0)
(-0.0915782 0.2447 0)
(-0.085272 0.224651 0)
(-0.0783787 0.204282 0)
(-0.0712446 0.183839 0)
(-0.064168 0.16348 0)
(-0.0574024 0.143296 0)
(-0.05116 0.123325 0)
(-0.0456172 0.103565 0)
(-0.0409182 0.0839861 0)
(-0.0371797 0.0645345 0)
(-0.034494 0.0451401 0)
(-0.0329309 0.0257202 0)
(-0.03254 0.00618357 0)
(-0.0333506 -0.013567 0)
(-0.0353717 -0.0336312 0)
(-0.0385894 -0.0541079 0)
(-0.0429648 -0.0750912 0)
(-0.0484294 -0.0966643 0)
(-0.0548797 -0.118893 0)
(-0.0621704 -0.141815 0)
(-0.0701062 -0.165426 0)
(-0.0784336 -0.189666 0)
(-0.0868314 -0.214389 0)
(-0.0949037 -0.239338 0)
(-0.102176 -0.264109 0)
(-0.108096 -0.288103 0)
(-0.112049 -0.310477 0)
(-0.113387 -0.330096 0)
(-0.111482 -0.345481 0)
(-0.105811 -0.354787 0)
(-0.0960698 -0.355806 0)
(-0.0823329 -0.346042 0)
(-0.0652184 -0.322865 0)
(-0.0460101 -0.283775 0)
(-0.0267224 -0.226752 0)
(-0.0105325 -0.150676 0)
(-0.00185355 -0.0558352 0)
(-0.00184593 0.0540063 0)
(-0.0102876 0.144708 0)
(-0.0256841 0.2162 0)
(-0.0434866 0.268716 0)
(-0.0605624 0.304014 0)
(-0.0750844 0.324602 0)
(-0.0860084 0.333221 0)
(-0.092932 0.332514 0)
(-0.0959357 0.324823 0)
(-0.095403 0.312104 0)
(-0.0918782 0.295924 0)
(-0.0859656 0.27749 0)
(-0.0782653 0.257705 0)
(-0.0693351 0.237223 0)
(-0.0596715 0.2165 0)
(-0.0497038 0.195844 0)
(-0.0397952 0.175445 0)
(-0.0302482 0.15541 0)
(-0.0213118 0.135783 0)
(-0.0131893 0.11656 0)
(-0.00604536 0.0977063 0)
(-1.27472e-05 0.07916 0)
(0.00480243 0.0608422 0)
(0.00831624 0.0426606 0)
(0.0104639 0.0245124 0)
(0.0111976 0.00628772 0)
(0.0104858 -0.0121293 0)
(0.00831275 -0.0308581 0)
(0.00468109 -0.0500195 0)
(-0.000385814 -0.069733 0)
(-0.00683938 -0.0901131 0)
(-0.0145997 -0.111263 0)
(-0.0235475 -0.133265 0)
(-0.0335145 -0.156173 0)
(-0.0442717 -0.179989 0)
(-0.0555163 -0.204647 0)
(-0.0668583 -0.229975 0)
(-0.0778083 -0.255659 0)
(-0.0877703 -0.281188 0)
(-0.0960432 -0.305789 0)
(-0.10184 -0.328357 0)
(-0.104334 -0.347377 0)
(-0.10274 -0.360858 0)
(-0.0964502 -0.366301 0)
(-0.0852255 -0.360732 0)
(-0.069433 -0.340845 0)
(-0.0502587 -0.303304 0)
(-0.0298785 -0.245196 0)
(-0.0120478 -0.164647 0)
(-0.00218459 -0.0616203 0)
(-0.00227095 0.0597603 0)
(-0.0121868 0.15831 0)
(-0.0295739 0.233635 0)
(-0.0486787 0.286499 0)
(-0.0657562 0.319633 0)
(-0.0788732 0.336553 0)
(-0.0871471 0.340849 0)
(-0.0904689 0.335787 0)
(-0.0892484 0.32411 0)
(-0.0841727 0.307993 0)
(-0.0760336 0.289093 0)
(-0.0656199 0.268618 0)
(-0.053658 0.247427 0)
(-0.0407836 0.2261 0)
(-0.0275343 0.205016 0)
(-0.0143541 0.184403 0)
(-0.00160295 0.164382 0)
(0.010431 0.144996 0)
(0.0215191 0.126237 0)
(0.0314808 0.108058 0)
(0.0401741 0.0903891 0)
(0.0474871 0.0731392 0)
(0.0533316 0.0562065 0)
(0.0576375 0.0394796 0)
(0.0603498 0.0228398 0)
(0.0614255 0.00616288 0)
(0.0608322 -0.0106808 0)
(0.0585486 -0.0278252 0)
(0.0545653 -0.045408 0)
(0.0488877 -0.0635691 0)
(0.0415402 -0.0824486 0)
(0.0325728 -0.102182 0)
(0.0220688 -0.122897 0)
(0.0101567 -0.144699 0)
(-0.00297655 -0.167659 0)
(-0.0170683 -0.191796 0)
(-0.0317612 -0.217038 0)
(-0.0465821 -0.243187 0)
(-0.0609227 -0.269855 0)
(-0.0740262 -0.296391 0)
(-0.0849882 -0.321787 0)
(-0.0927841 -0.34456 0)
(-0.0963403 -0.362648 0)
(-0.094671 -0.373301 0)
(-0.0871025 -0.373058 0)
(-0.0735902 -0.357833 0)
(-0.0550538 -0.323222 0)
(-0.0337234 -0.265065 0)
(-0.0140032 -0.180316 0)
(-0.00263697 -0.0683164 0)
(-0.00288626 0.0666911 0)
(-0.014751 0.174042 0)
(-0.0344926 0.252813 0)
(-0.0547468 0.304781 0)
(-0.0711108 0.334195 0)
(-0.0817115 0.345976 0)
(-0.0860378 0.344784 0)
(-0.0844553 0.334583 0)
(-0.0778291 0.318499 0)
(-0.0672193 0.298867 0)
(-0.0536897 0.277354 0)
(-0.0382082 0.255102 0)
(-0.0216045 0.23286 0)
(-0.00456168 0.211093 0)
(0.0123738 0.190067 0)
(0.028774 0.169911 0)
(0.0443089 0.150659 0)
(0.0587273 0.132288 0)
(0.0718395 0.114734 0)
(0.0835029 0.0979062 0)
(0.0936098 0.0817012 0)
(0.102079 0.0660039 0)
(0.108846 0.0506933 0)
(0.113862 0.0356437 0)
(0.117084 0.0207259 0)
(0.118479 0.00580676 0)
(0.118014 -0.00925102 0)
(0.115664 -0.0245897 0)
(0.111408 -0.0403571 0)
(0.105232 -0.0567065 0)
(0.097133 -0.0737964 0)
(0.0871253 -0.091789 0)
(0.0752486 -0.110846 0)
(0.0615789 -0.131124 0)
(0.0462439 -0.15276 0)
(0.029442 -0.175856 0)
(0.0114674 -0.200453 0)
(-0.00726197 -0.226486 0)
(-0.0261711 -0.253728 0)
(-0.0444967 -0.281703 0)
(-0.0612627 -0.309574 0)
(-0.0752781 -0.335994 0)
(-0.0851784 -0.358937 0)
(-0.0895427 -0.375506 0)
(-0.0871315 -0.381798 0)
(-0.0772756 -0.372882 0)
(-0.0603634 -0.343036 0)
(-0.0384511 -0.28638 0)
(-0.0165971 -0.198056 0)
(-0.0032823 -0.0762216 0)
(-0.00381469 0.0752638 0)
(-0.0182915 0.192455 0)
(-0.040708 0.273785 0)
(-0.0615996 0.322953 0)
(-0.0759886 0.346559 0)
(-0.0823985 0.351442 0)
(-0.0810172 0.343541 0)
(-0.0729171 0.327532 0)
(-0.0595485 0.306837 0)
(-0.0423899 0.283826 0)
(-0.0227683 0.260062 0)
(-0.00179183 0.23652 0)
(0.0196576 0.213772 0)
(0.0409013 0.192117 0)
(0.0614313 0.171678 0)
(0.0808752 0.152468 0)
(0.0989658 0.134429 0)
(0.115514 0.117466 0)
(0.130389 0.101463 0)
(0.143501 0.08629 0)
(0.154788 0.0718153 0)
(0.164206 0.057905 0)
(0.171723 0.0444254 0)
(0.177313 0.0312431 0)
(0.180953 0.0182246 0)
(0.182618 0.00523469 0)
(0.18228 -0.0078651 0)
(0.17991 -0.0212181 0)
(0.175477 -0.0349744 0)
(0.168946 -0.0492925 0)
(0.160287 -0.0643404 0)
(0.149476 -0.0802964 0)
(0.136502 -0.0973484 0)
(0.121379 -0.115691 0)
(0.10416 -0.135518 0)
(0.0849564 -0.157014 0)
(0.0639671 -0.180326 0)
(0.0415107 -0.205536 0)
(0.0180711 -0.232603 0)
(-0.00565106 -0.261276 0)
(-0.0286856 -0.290974 0)
(-0.0497479 -0.320604 0)
(-0.067229 -0.348332 0)
(-0.0792596 -0.371293 0)
(-0.0839193 -0.385287 0)
(-0.079663 -0.384562 0)
(-0.0659611 -0.361862 0)
(-0.0442686 -0.308998 0)
(-0.0201328 -0.218329 0)
(-0.00424683 -0.0857912 0)
(-0.00527557 0.0862071 0)
(-0.0232758 0.214198 0)
(-0.0484469 0.296299 0)
(-0.0687538 0.339808 0)
(-0.0790322 0.354906 0)
(-0.0788095 0.35093 0)
(-0.0694329 0.335222 0)
(-0.0529381 0.313048 0)
(-0.0314504 0.287924 0)
(-0.00685152 0.262054 0)
(0.0193382 0.236735 0)
(0.0459594 0.212664 0)
(0.0721638 0.19016 0)
(0.0973527 0.169317 0)
(0.121117 0.150093 0)
(0.143187 0.132377 0)
(0.163393 0.116022 0)
(0.181634 0.100867 0)
(0.197856 0.0867493 0)
(0.212032 0.0735107 0)
(0.224155 0.0609995 0)
(0.234227 0.0490713 0)
(0.24225 0.0375878 0)
(0.248225 0.0264156 0)
(0.252148 0.0154236 0)
(0.254007 0.00448181 0)
(0.253781 -0.00654215 0)
(0.251438 -0.0177852 0)
(0.246937 -0.0293916 0)
(0.240228 -0.0415159 0)
(0.231251 -0.0543253 0)
(0.219944 -0.0680026 0)
(0.206245 -0.082748 0)
(0.1901 -0.0987802 0)
(0.171478 -0.116335 0)
(0.150384 -0.135659 0)
(0.126893 -0.157 0)
(0.101179 -0.180579 0)
(0.0735713 -0.206549 0)
(0.044621 -0.23492 0)
(0.0151821 -0.265439 0)
(-0.0134934 -0.297398 0)
(-0.0396726 -0.329353 0)
(-0.0611108 -0.358729 0)
(-0.0751639 -0.381317 0)
(-0.0791685 -0.390748 0)
(-0.0711706 -0.378152 0)
(-0.0513011 -0.332397 0)
(-0.0250623 -0.241658 0)
(-0.00575559 -0.0977436 0)
(-0.00765503 0.100685 0)
(-0.0303603 0.239914 0)
(-0.0576478 0.319411 0)
(-0.0748166 0.35311 0)
(-0.0775279 0.356432 0)
(-0.0672884 0.341706 0)
(-0.0471551 0.317547 0)
(-0.0203178 0.28946 0)
(0.0104521 0.260693 0)
(0.043003 0.233002 0)
(0.0757832 0.207231 0)
(0.107732 0.183684 0)
(0.138158 0.162375 0)
(0.166638 0.143164 0)
(0.192929 0.125846 0)
(0.216911 0.110195 0)
(0.238543 0.0959855 0)
(0.257833 0.083008 0)
(0.274813 0.0710691 0)
(0.289531 0.0599937 0)
(0.302037 0.0496234 0)
(0.312378 0.0398133 0)
(0.320592 0.0304296 0)
(0.326708 0.0213468 0)
(0.330743 0.0124442 0)
(0.332695 0.0036035 0)
(0.332553 -0.00529452 0)
(0.330283 -0.0143731 0)
(0.325839 -0.023763 0)
(0.319155 -0.0336055 0)
(0.31015 -0.0440565 0)
(0.298725 -0.0552904 0)
(0.28477 -0.0675046 0)
(0.268166 -0.0809233 0)
(0.248793 -0.0958015 0)
(0.226544 -0.112426 0)
(0.201348 -0.131116 0)
(0.1732 -0.152206 0)
(0.142214 -0.17603 0)
(0.108697 -0.202861 0)
(0.0732523 -0.232817 0)
(0.0369162 -0.265684 0)
(0.00132903 -0.300618 0)
(-0.031101 -0.335671 0)
(-0.0571255 -0.367085 0)
(-0.0728435 -0.388364 0)
(-0.0743307 -0.38927 0)
(-0.0593113 -0.355258 0)
(-0.0320014 -0.268485 0)
(-0.00820064 -0.113229 0)
(-0.0115743 0.120527 0)
(-0.0402561 0.26985 0)
(-0.0672518 0.340735 0)
(-0.0763906 0.358967 0)
(-0.0662845 0.347057 0)
(-0.0417357 0.320344 0)
(-0.00795312 0.288088 0)
(0.0307796 0.255337 0)
(0.0713182 0.224545 0)
(0.111555 0.196694 0)
(0.150179 0.171994 0)
(0.186439 0.150286 0)
(0.21995 0.131257 0)
(0.250558 0.114552 0)
(0.27825 0.0998271 0)
(0.303092 0.0867697 0)
(0.32519 0.0751069 0)
(0.344668 0.0646032 0)
(0.361649 0.0550561 0)
(0.376253 0.0462911 0)
(0.388582 0.0381568 0)
(0.398725 0.0305195 0)
(0.406755 0.0232596 0)
(0.412724 0.0162671 0)
(0.416664 0.00943832 0)
(0.418589 0.00267307 0)
(0.418492 -0.00412892 0)
(0.416344 -0.0110712 0)
(0.412094 -0.0182638 0)
(0.405667 -0.0258273 0)
(0.396965 -0.0338963 0)
(0.385863 -0.0426247 0)
(0.37221 -0.052191 0)
(0.355832 -0.0628051 0)
(0.33653 -0.0747153 0)
(0.314089 -0.0882164 0)
(0.288292 -0.103657 0)
(0.258937 -0.121444 0)
(0.225884 -0.142039 0)
(0.189113 -0.16594 0)
(0.148839 -0.193621 0)
(0.105664 -0.225408 0)
(0.0608231 -0.261222 0)
(0.0164911 -0.300099 0)
(-0.0238788 -0.33935 0)
(-0.0553567 -0.373207 0)
(-0.071716 -0.390927 0)
(-0.0669359 -0.374695 0)
(-0.0415446 -0.298722 0)
(-0.0121948 -0.134037 0)
(-0.0177483 0.148556 0)
(-0.0528828 0.302815 0)
(-0.0733042 0.355064 0)
(-0.065863 0.351031 0)
(-0.0357947 0.321336 0)
(0.00761216 0.283129 0)
(0.057145 0.244875 0)
(0.108037 0.210114 0)
(0.15742 0.179895 0)
(0.203753 0.154146 0)
(0.246334 0.132364 0)
(0.28495 0.113936 0)
(0.319657 0.098279 0)
(0.350644 0.0848851 0)
(0.378158 0.073331 0)
(0.40246 0.0632708 0)
(0.423799 0.0544234 0)
(0.442405 0.0465601 0)
(0.45848 0.0394938 0)
(0.472198 0.0330694 0)
(0.483707 0.0271569 0)
(0.493126 0.0216448 0)
(0.500551 0.0164354 0)
(0.506051 0.0114411 0)
(0.509672 0.00658058 0)
(0.511437 0.00177604 0)
(0.511345 -0.00304968 0)
(0.509371 -0.00797613 0)
(0.505465 -0.0130883 0)
(0.499548 -0.0184797 0)
(0.491514 -0.0242565 0)
(0.481225 -0.0305418 0)
(0.468506 -0.0374819 0)
(0.453144 -0.045253 0)
(0.434885 -0.0540709 0)
(0.413428 -0.0642024 0)
(0.388431 -0.0759791 0)
(0.359513 -0.0898147 0)
(0.326278 -0.106222 0)
(0.288347 -0.125826 0)
(0.245445 -0.149364 0)
(0.19754 -0.177635 0)
(0.145098 -0.211357 0)
(0.0894933 -0.250796 0)
(0.0336082 -0.294973 0)
(-0.0174162 -0.340061 0)
(-0.0554572 -0.37654 0)
(-0.0697491 -0.384915 0)
(-0.0533042 -0.330642 0)
(-0.0183767 -0.162884 0)
(-0.02588 0.189377 0)
(-0.0643831 0.333679 0)
(-0.0643978 0.351757 0)
(-0.0272805 0.319462 0)
(0.0304477 0.272777 0)
(0.0954752 0.226997 0)
(0.160177 0.187446 0)
(0.220751 0.154975 0)
(0.275656 0.128811 0)
(0.324562 0.107792 0)
(0.367721 0.0908206 0)
(0.405623 0.0769891 0)
(0.43882 0.0655869 0)
(0.467844 0.0560705 0)
(0.493176 0.0480269 0)
(0.515234 0.0411413 0)
(0.534374 0.0351719 0)
(0.550897 0.0299306 0)
(0.565051 0.0252692 0)
(0.577043 0.0210689 0)
(0.587041 0.0172323 0)
(0.595179 0.0136783 0)
(0.601561 0.0103373 0)
(0.606264 0.00714756 0)
(0.609339 0.0040529 0)
(0.610814 0.00100006 0)
(0.610694 -0.00206341 0)
(0.608957 -0.00519153 0)
(0.605557 -0.00844214 0)
(0.600422 -0.0118794 0)
(0.593447 -0.0155768 0)
(0.584496 -0.0196208 0)
(0.573391 -0.024116 0)
(0.559908 -0.0291912 0)
(0.543771 -0.0350086 0)
(0.524637 -0.041775 0)
(0.502091 -0.0497582 0)
(0.475629 -0.0593093 0)
(0.444657 -0.0708923 0)
(0.408484 -0.0851234 0)
(0.366352 -0.102817 0)
(0.317504 -0.125031 0)
(0.261362 -0.15307 0)
(0.197894 -0.188366 0)
(0.128328 -0.231993 0)
(0.0563855 -0.283275 0)
(-0.00986447 -0.336539 0)
(-0.0558798 -0.374847 0)
(-0.0627857 -0.358339 0)
(-0.0261692 -0.204116 0)
(-0.0296284 0.246728 0)
(-0.0583961 0.346552 0)
(-0.0119537 0.311498 0)
(0.0704013 0.251532 0)
(0.159092 0.196209 0)
(0.242182 0.152086 0)
(0.315607 0.118847 0)
(0.37872 0.0941914 0)
(0.432387 0.0758013 0)
(0.477928 0.0618809 0)
(0.516641 0.0511484 0)
(0.549658 0.0427116 0)
(0.577911 0.035952 0)
(0.602156 0.0304374 0)
(0.622997 0.0258616 0)
(0.640918 0.0220036 0)
(0.656305 0.0187009 0)
(0.66947 0.015832 0)
(0.68066 0.0133035 0)
(0.690078 0.0110427 0)
(0.69788 0.00899121 0)
(0.704194 0.0071014 0)
(0.709115 0.00533291 0)
(0.712714 0.00365059 0)
(0.715039 0.0020227 0)
(0.716118 0.000419512 0)
(0.715955 -0.00118811 0)
(0.714536 -0.00283008 0)
(0.711824 -0.0045386 0)
(0.707757 -0.00634955 0)
(0.702247 -0.00830433 0)
(0.695175 -0.0104523 0)
(0.686386 -0.0128539 0)
(0.675678 -0.0155851 0)
(0.662795 -0.0187433 0)
(0.647414 -0.0224561 0)
(0.629121 -0.0268943 0)
(0.607394 -0.0322906 0)
(0.581568 -0.0389685 0)
(0.550798 -0.0473862 0)
(0.514014 -0.0582041 0)
(0.469892 -0.0723837 0)
(0.41685 -0.0913255 0)
(0.353173 -0.117028 0)
(0.27749 -0.152137 0)
(0.189931 -0.199423 0)
(0.0942952 -0.259587 0)
(0.00283849 -0.325573 0)
(-0.0528331 -0.364952 0)
(-0.0285073 -0.260371 0)
(0.0100409 0.286711 0)
(0.0248653 0.299726 0)
(0.150358 0.214161 0)
(0.281629 0.145883 0)
(0.38779 0.100248 0)
(0.471341 0.0705474 0)
(0.537214 0.0512849 0)
(0.589396 0.038566 0)
(0.631192 0.0298879 0)
(0.665132 0.0237435 0)
(0.693053 0.0192356 0)
(0.716277 0.0158205 0)
(0.735769 0.0131596 0)
(0.752238 0.0110348 0)
(0.766218 0.00930125 0)
(0.778115 0.00785951 0)
(0.788239 0.00663918 0)
(0.796835 0.0055891 0)
(0.804092 0.00467104 0)
(0.81016 0.00385577 0)
(0.815157 0.0031203 0)
(0.819174 0.00244608 0)
(0.82228 0.00181763 0)
(0.824528 0.00122162 0)
(0.825952 0.000646117 0)
(0.826572 8.00339e-05 0)
(0.826392 -0.000487401 0)
(0.825404 -0.00106729 0)
(0.823582 -0.00167159 0)
(0.820885 -0.00231374 0)
(0.817252 -0.00300932 0)
(0.812601 -0.00377707 0)
(0.806821 -0.00464026 0)
(0.799769 -0.00562848 0)
(0.791259 -0.00678042 0)
(0.781051 -0.00814783 0)
(0.768832 -0.00980176 0)
(0.754189 -0.0118423 0)
(0.736578 -0.0144149 0)
(0.715261 -0.0177374 0)
(0.689236 -0.0221487 0)
(0.657108 -0.0281944 0)
(0.616921 -0.0367837 0)
(0.565929 -0.0494693 0)
(0.500448 -0.0688963 0)
(0.415919 -0.0993324 0)
(0.306688 -0.14696 0)
(0.169405 -0.218964 0)
(0.0356163 -0.308497 0)
(0.0145894 -0.29473 0)
(0.301251 0.147011 0)
(0.400425 0.127489 0)
(0.564646 0.0751797 0)
(0.682469 0.0427894 0)
(0.752596 0.0251228 0)
(0.7976 0.0154519 0)
(0.828867 0.0100755 0)
(0.851603 0.00698366 0)
(0.868775 0.00510677 0)
(0.882177 0.00389472 0)
(0.892906 0.00306472 0)
(0.901656 0.0024668 0)
(0.90889 0.00201774 0)
(0.91493 0.00166887 0)
(0.920008 0.00139023 0)
(0.924292 0.00116239 0)
(0.927911 0.000972229 0)
(0.930961 0.000810531 0)
(0.93352 0.000670593 0)
(0.935644 0.000547398 0)
(0.93738 0.00043708 0)
(0.938763 0.000336568 0)
(0.93982 0.000243338 0)
(0.94057 0.000155233 0)
(0.941026 7.03392e-05 0)
(0.941196 -1.3097e-05 0)
(0.941083 -9.67564e-05 0)
(0.940682 -0.000182388 0)
(0.939984 -0.000271897 0)
(0.938974 -0.000367431 0)
(0.937629 -0.000471507 0)
(0.935918 -0.000587183 0)
(0.933798 -0.000718306 0)
(0.931216 -0.00086986 0)
(0.928098 -0.00104848 0)
(0.924351 -0.00126326 0)
(0.91985 -0.00152705 0)
(0.914427 -0.00185864 0)
(0.907854 -0.00228666 0)
(0.899813 -0.00285697 0)
(0.889845 -0.00364707 0)
(0.877262 -0.00479596 0)
(0.860986 -0.00656726 0)
(0.839233 -0.00948275 0)
(0.809008 -0.0145893 0)
(0.765009 -0.0239416 0)
(0.695657 -0.0414634 0)
(0.577237 -0.0743109 0)
(0.408945 -0.128032 0)
(0.304997 -0.148435 0)
)
;

boundaryField
{
    movingWall
    {
        type            fixedValue;
        value           uniform (1 0 0);
    }
    fixedWalls
    {
        type            noSlip;
    }
    frontAndBack
    {
        type            empty;
    }
}


// ************************************************************************* //
