/*--------------------------------*- C++ -*----------------------------------*\
| =========                 |                                                 |
| \\      /  F ield         | OpenFOAM: The Open Source CFD Toolbox           |
|  \\    /   O peration     | Version:  v2012                                 |
|   \\  /    A nd           | Website:  www.openfoam.com                      |
|    \\/     M anipulation  |                                                 |
\*---------------------------------------------------------------------------*/
FoamFile
{
    version     2.0;
    format      ascii;
    class       vectorField;
    location    "constant/polyMesh";
    object      points;
}
// * * * * * * * * * * * * * * * * * * * * * * * * * * * * * * * * * * * * * //


2652
(
(0 0 0)
(0.002 0 0)
(0.004 0 0)
(0.006 0 0)
(0.008 0 0)
(0.01 0 0)
(0.012 0 0)
(0.014 0 0)
(0.016 0 0)
(0.018 0 0)
(0.02 0 0)
(0.022 0 0)
(0.024 0 0)
(0.026 0 0)
(0.028 0 0)
(0.03 0 0)
(0.032 0 0)
(0.034 0 0)
(0.036 0 0)
(0.038 0 0)
(0.04 0 0)
(0.042 0 0)
(0.044 0 0)
(0.046 0 0)
(0.048 0 0)
(0.05 0 0)
(0 0.002 0)
(0.002 0.002 0)
(0.004 0.002 0)
(0.006 0.002 0)
(0.008 0.002 0)
(0.01 0.002 0)
(0.012 0.002 0)
(0.014 0.002 0)
(0.016 0.002 0)
(0.018 0.002 0)
(0.02 0.002 0)
(0.022 0.002 0)
(0.024 0.002 0)
(0.026 0.002 0)
(0.028 0.002 0)
(0.03 0.002 0)
(0.032 0.002 0)
(0.034 0.002 0)
(0.036 0.002 0)
(0.038 0.002 0)
(0.04 0.002 0)
(0.042 0.002 0)
(0.044 0.002 0)
(0.046 0.002 0)
(0.048 0.002 0)
(0.05 0.002 0)
(0 0.004 0)
(0.002 0.004 0)
(0.004 0.004 0)
(0.006 0.004 0)
(0.008 0.004 0)
(0.01 0.004 0)
(0.012 0.004 0)
(0.014 0.004 0)
(0.016 0.004 0)
(0.018 0.004 0)
(0.02 0.004 0)
(0.022 0.004 0)
(0.024 0.004 0)
(0.026 0.004 0)
(0.028 0.004 0)
(0.03 0.004 0)
(0.032 0.004 0)
(0.034 0.004 0)
(0.036 0.004 0)
(0.038 0.004 0)
(0.04 0.004 0)
(0.042 0.004 0)
(0.044 0.004 0)
(0.046 0.004 0)
(0.048 0.004 0)
(0.05 0.004 0)
(0 0.006 0)
(0.002 0.006 0)
(0.004 0.006 0)
(0.006 0.006 0)
(0.008 0.006 0)
(0.01 0.006 0)
(0.012 0.006 0)
(0.014 0.006 0)
(0.016 0.006 0)
(0.018 0.006 0)
(0.02 0.006 0)
(0.022 0.006 0)
(0.024 0.006 0)
(0.026 0.006 0)
(0.028 0.006 0)
(0.03 0.006 0)
(0.032 0.006 0)
(0.034 0.006 0)
(0.036 0.006 0)
(0.038 0.006 0)
(0.04 0.006 0)
(0.042 0.006 0)
(0.044 0.006 0)
(0.046 0.006 0)
(0.048 0.006 0)
(0.05 0.006 0)
(0 0.008 0)
(0.002 0.008 0)
(0.004 0.008 0)
(0.006 0.008 0)
(0.008 0.008 0)
(0.01 0.008 0)
(0.012 0.008 0)
(0.014 0.008 0)
(0.016 0.008 0)
(0.018 0.008 0)
(0.02 0.008 0)
(0.022 0.008 0)
(0.024 0.008 0)
(0.026 0.008 0)
(0.028 0.008 0)
(0.03 0.008 0)
(0.032 0.008 0)
(0.034 0.008 0)
(0.036 0.008 0)
(0.038 0.008 0)
(0.04 0.008 0)
(0.042 0.008 0)
(0.044 0.008 0)
(0.046 0.008 0)
(0.048 0.008 0)
(0.05 0.008 0)
(0 0.01 0)
(0.002 0.01 0)
(0.004 0.01 0)
(0.006 0.01 0)
(0.008 0.01 0)
(0.01 0.01 0)
(0.012 0.01 0)
(0.014 0.01 0)
(0.016 0.01 0)
(0.018 0.01 0)
(0.02 0.01 0)
(0.022 0.01 0)
(0.024 0.01 0)
(0.026 0.01 0)
(0.028 0.01 0)
(0.03 0.01 0)
(0.032 0.01 0)
(0.034 0.01 0)
(0.036 0.01 0)
(0.038 0.01 0)
(0.04 0.01 0)
(0.042 0.01 0)
(0.044 0.01 0)
(0.046 0.01 0)
(0.048 0.01 0)
(0.05 0.01 0)
(0 0.012 0)
(0.002 0.012 0)
(0.004 0.012 0)
(0.006 0.012 0)
(0.008 0.012 0)
(0.01 0.012 0)
(0.012 0.012 0)
(0.014 0.012 0)
(0.016 0.012 0)
(0.018 0.012 0)
(0.02 0.012 0)
(0.022 0.012 0)
(0.024 0.012 0)
(0.026 0.012 0)
(0.028 0.012 0)
(0.03 0.012 0)
(0.032 0.012 0)
(0.034 0.012 0)
(0.036 0.012 0)
(0.038 0.012 0)
(0.04 0.012 0)
(0.042 0.012 0)
(0.044 0.012 0)
(0.046 0.012 0)
(0.048 0.012 0)
(0.05 0.012 0)
(0 0.014 0)
(0.002 0.014 0)
(0.004 0.014 0)
(0.006 0.014 0)
(0.008 0.014 0)
(0.01 0.014 0)
(0.012 0.014 0)
(0.014 0.014 0)
(0.016 0.014 0)
(0.018 0.014 0)
(0.02 0.014 0)
(0.022 0.014 0)
(0.024 0.014 0)
(0.026 0.014 0)
(0.028 0.014 0)
(0.03 0.014 0)
(0.032 0.014 0)
(0.034 0.014 0)
(0.036 0.014 0)
(0.038 0.014 0)
(0.04 0.014 0)
(0.042 0.014 0)
(0.044 0.014 0)
(0.046 0.014 0)
(0.048 0.014 0)
(0.05 0.014 0)
(0 0.016 0)
(0.002 0.016 0)
(0.004 0.016 0)
(0.006 0.016 0)
(0.008 0.016 0)
(0.01 0.016 0)
(0.012 0.016 0)
(0.014 0.016 0)
(0.016 0.016 0)
(0.018 0.016 0)
(0.02 0.016 0)
(0.022 0.016 0)
(0.024 0.016 0)
(0.026 0.016 0)
(0.028 0.016 0)
(0.03 0.016 0)
(0.032 0.016 0)
(0.034 0.016 0)
(0.036 0.016 0)
(0.038 0.016 0)
(0.04 0.016 0)
(0.042 0.016 0)
(0.044 0.016 0)
(0.046 0.016 0)
(0.048 0.016 0)
(0.05 0.016 0)
(0 0.018 0)
(0.002 0.018 0)
(0.004 0.018 0)
(0.006 0.018 0)
(0.008 0.018 0)
(0.01 0.018 0)
(0.012 0.018 0)
(0.014 0.018 0)
(0.016 0.018 0)
(0.018 0.018 0)
(0.02 0.018 0)
(0.022 0.018 0)
(0.024 0.018 0)
(0.026 0.018 0)
(0.028 0.018 0)
(0.03 0.018 0)
(0.032 0.018 0)
(0.034 0.018 0)
(0.036 0.018 0)
(0.038 0.018 0)
(0.04 0.018 0)
(0.042 0.018 0)
(0.044 0.018 0)
(0.046 0.018 0)
(0.048 0.018 0)
(0.05 0.018 0)
(0 0.02 0)
(0.002 0.02 0)
(0.004 0.02 0)
(0.006 0.02 0)
(0.008 0.02 0)
(0.01 0.02 0)
(0.012 0.02 0)
(0.014 0.02 0)
(0.016 0.02 0)
(0.018 0.02 0)
(0.02 0.02 0)
(0.022 0.02 0)
(0.024 0.02 0)
(0.026 0.02 0)
(0.028 0.02 0)
(0.03 0.02 0)
(0.032 0.02 0)
(0.034 0.02 0)
(0.036 0.02 0)
(0.038 0.02 0)
(0.04 0.02 0)
(0.042 0.02 0)
(0.044 0.02 0)
(0.046 0.02 0)
(0.048 0.02 0)
(0.05 0.02 0)
(0 0.022 0)
(0.002 0.022 0)
(0.004 0.022 0)
(0.006 0.022 0)
(0.008 0.022 0)
(0.01 0.022 0)
(0.012 0.022 0)
(0.014 0.022 0)
(0.016 0.022 0)
(0.018 0.022 0)
(0.02 0.022 0)
(0.022 0.022 0)
(0.024 0.022 0)
(0.026 0.022 0)
(0.028 0.022 0)
(0.03 0.022 0)
(0.032 0.022 0)
(0.034 0.022 0)
(0.036 0.022 0)
(0.038 0.022 0)
(0.04 0.022 0)
(0.042 0.022 0)
(0.044 0.022 0)
(0.046 0.022 0)
(0.048 0.022 0)
(0.05 0.022 0)
(0 0.024 0)
(0.002 0.024 0)
(0.004 0.024 0)
(0.006 0.024 0)
(0.008 0.024 0)
(0.01 0.024 0)
(0.012 0.024 0)
(0.014 0.024 0)
(0.016 0.024 0)
(0.018 0.024 0)
(0.02 0.024 0)
(0.022 0.024 0)
(0.024 0.024 0)
(0.026 0.024 0)
(0.028 0.024 0)
(0.03 0.024 0)
(0.032 0.024 0)
(0.034 0.024 0)
(0.036 0.024 0)
(0.038 0.024 0)
(0.04 0.024 0)
(0.042 0.024 0)
(0.044 0.024 0)
(0.046 0.024 0)
(0.048 0.024 0)
(0.05 0.024 0)
(0 0.026 0)
(0.002 0.026 0)
(0.004 0.026 0)
(0.006 0.026 0)
(0.008 0.026 0)
(0.01 0.026 0)
(0.012 0.026 0)
(0.014 0.026 0)
(0.016 0.026 0)
(0.018 0.026 0)
(0.02 0.026 0)
(0.022 0.026 0)
(0.024 0.026 0)
(0.026 0.026 0)
(0.028 0.026 0)
(0.03 0.026 0)
(0.032 0.026 0)
(0.034 0.026 0)
(0.036 0.026 0)
(0.038 0.026 0)
(0.04 0.026 0)
(0.042 0.026 0)
(0.044 0.026 0)
(0.046 0.026 0)
(0.048 0.026 0)
(0.05 0.026 0)
(0 0.028 0)
(0.002 0.028 0)
(0.004 0.028 0)
(0.006 0.028 0)
(0.008 0.028 0)
(0.01 0.028 0)
(0.012 0.028 0)
(0.014 0.028 0)
(0.016 0.028 0)
(0.018 0.028 0)
(0.02 0.028 0)
(0.022 0.028 0)
(0.024 0.028 0)
(0.026 0.028 0)
(0.028 0.028 0)
(0.03 0.028 0)
(0.032 0.028 0)
(0.034 0.028 0)
(0.036 0.028 0)
(0.038 0.028 0)
(0.04 0.028 0)
(0.042 0.028 0)
(0.044 0.028 0)
(0.046 0.028 0)
(0.048 0.028 0)
(0.05 0.028 0)
(0 0.03 0)
(0.002 0.03 0)
(0.004 0.03 0)
(0.006 0.03 0)
(0.008 0.03 0)
(0.01 0.03 0)
(0.012 0.03 0)
(0.014 0.03 0)
(0.016 0.03 0)
(0.018 0.03 0)
(0.02 0.03 0)
(0.022 0.03 0)
(0.024 0.03 0)
(0.026 0.03 0)
(0.028 0.03 0)
(0.03 0.03 0)
(0.032 0.03 0)
(0.034 0.03 0)
(0.036 0.03 0)
(0.038 0.03 0)
(0.04 0.03 0)
(0.042 0.03 0)
(0.044 0.03 0)
(0.046 0.03 0)
(0.048 0.03 0)
(0.05 0.03 0)
(0 0.032 0)
(0.002 0.032 0)
(0.004 0.032 0)
(0.006 0.032 0)
(0.008 0.032 0)
(0.01 0.032 0)
(0.012 0.032 0)
(0.014 0.032 0)
(0.016 0.032 0)
(0.018 0.032 0)
(0.02 0.032 0)
(0.022 0.032 0)
(0.024 0.032 0)
(0.026 0.032 0)
(0.028 0.032 0)
(0.03 0.032 0)
(0.032 0.032 0)
(0.034 0.032 0)
(0.036 0.032 0)
(0.038 0.032 0)
(0.04 0.032 0)
(0.042 0.032 0)
(0.044 0.032 0)
(0.046 0.032 0)
(0.048 0.032 0)
(0.05 0.032 0)
(0 0.034 0)
(0.002 0.034 0)
(0.004 0.034 0)
(0.006 0.034 0)
(0.008 0.034 0)
(0.01 0.034 0)
(0.012 0.034 0)
(0.014 0.034 0)
(0.016 0.034 0)
(0.018 0.034 0)
(0.02 0.034 0)
(0.022 0.034 0)
(0.024 0.034 0)
(0.026 0.034 0)
(0.028 0.034 0)
(0.03 0.034 0)
(0.032 0.034 0)
(0.034 0.034 0)
(0.036 0.034 0)
(0.038 0.034 0)
(0.04 0.034 0)
(0.042 0.034 0)
(0.044 0.034 0)
(0.046 0.034 0)
(0.048 0.034 0)
(0.05 0.034 0)
(0 0.036 0)
(0.002 0.036 0)
(0.004 0.036 0)
(0.006 0.036 0)
(0.008 0.036 0)
(0.01 0.036 0)
(0.012 0.036 0)
(0.014 0.036 0)
(0.016 0.036 0)
(0.018 0.036 0)
(0.02 0.036 0)
(0.022 0.036 0)
(0.024 0.036 0)
(0.026 0.036 0)
(0.028 0.036 0)
(0.03 0.036 0)
(0.032 0.036 0)
(0.034 0.036 0)
(0.036 0.036 0)
(0.038 0.036 0)
(0.04 0.036 0)
(0.042 0.036 0)
(0.044 0.036 0)
(0.046 0.036 0)
(0.048 0.036 0)
(0.05 0.036 0)
(0 0.038 0)
(0.002 0.038 0)
(0.004 0.038 0)
(0.006 0.038 0)
(0.008 0.038 0)
(0.01 0.038 0)
(0.012 0.038 0)
(0.014 0.038 0)
(0.016 0.038 0)
(0.018 0.038 0)
(0.02 0.038 0)
(0.022 0.038 0)
(0.024 0.038 0)
(0.026 0.038 0)
(0.028 0.038 0)
(0.03 0.038 0)
(0.032 0.038 0)
(0.034 0.038 0)
(0.036 0.038 0)
(0.038 0.038 0)
(0.04 0.038 0)
(0.042 0.038 0)
(0.044 0.038 0)
(0.046 0.038 0)
(0.048 0.038 0)
(0.05 0.038 0)
(0 0.04 0)
(0.002 0.04 0)
(0.004 0.04 0)
(0.006 0.04 0)
(0.008 0.04 0)
(0.01 0.04 0)
(0.012 0.04 0)
(0.014 0.04 0)
(0.016 0.04 0)
(0.018 0.04 0)
(0.02 0.04 0)
(0.022 0.04 0)
(0.024 0.04 0)
(0.026 0.04 0)
(0.028 0.04 0)
(0.03 0.04 0)
(0.032 0.04 0)
(0.034 0.04 0)
(0.036 0.04 0)
(0.038 0.04 0)
(0.04 0.04 0)
(0.042 0.04 0)
(0.044 0.04 0)
(0.046 0.04 0)
(0.048 0.04 0)
(0.05 0.04 0)
(0 0.042 0)
(0.002 0.042 0)
(0.004 0.042 0)
(0.006 0.042 0)
(0.008 0.042 0)
(0.01 0.042 0)
(0.012 0.042 0)
(0.014 0.042 0)
(0.016 0.042 0)
(0.018 0.042 0)
(0.02 0.042 0)
(0.022 0.042 0)
(0.024 0.042 0)
(0.026 0.042 0)
(0.028 0.042 0)
(0.03 0.042 0)
(0.032 0.042 0)
(0.034 0.042 0)
(0.036 0.042 0)
(0.038 0.042 0)
(0.04 0.042 0)
(0.042 0.042 0)
(0.044 0.042 0)
(0.046 0.042 0)
(0.048 0.042 0)
(0.05 0.042 0)
(0 0.044 0)
(0.002 0.044 0)
(0.004 0.044 0)
(0.006 0.044 0)
(0.008 0.044 0)
(0.01 0.044 0)
(0.012 0.044 0)
(0.014 0.044 0)
(0.016 0.044 0)
(0.018 0.044 0)
(0.02 0.044 0)
(0.022 0.044 0)
(0.024 0.044 0)
(0.026 0.044 0)
(0.028 0.044 0)
(0.03 0.044 0)
(0.032 0.044 0)
(0.034 0.044 0)
(0.036 0.044 0)
(0.038 0.044 0)
(0.04 0.044 0)
(0.042 0.044 0)
(0.044 0.044 0)
(0.046 0.044 0)
(0.048 0.044 0)
(0.05 0.044 0)
(0 0.046 0)
(0.002 0.046 0)
(0.004 0.046 0)
(0.006 0.046 0)
(0.008 0.046 0)
(0.01 0.046 0)
(0.012 0.046 0)
(0.014 0.046 0)
(0.016 0.046 0)
(0.018 0.046 0)
(0.02 0.046 0)
(0.022 0.046 0)
(0.024 0.046 0)
(0.026 0.046 0)
(0.028 0.046 0)
(0.03 0.046 0)
(0.032 0.046 0)
(0.034 0.046 0)
(0.036 0.046 0)
(0.038 0.046 0)
(0.04 0.046 0)
(0.042 0.046 0)
(0.044 0.046 0)
(0.046 0.046 0)
(0.048 0.046 0)
(0.05 0.046 0)
(0 0.048 0)
(0.002 0.048 0)
(0.004 0.048 0)
(0.006 0.048 0)
(0.008 0.048 0)
(0.01 0.048 0)
(0.012 0.048 0)
(0.014 0.048 0)
(0.016 0.048 0)
(0.018 0.048 0)
(0.02 0.048 0)
(0.022 0.048 0)
(0.024 0.048 0)
(0.026 0.048 0)
(0.028 0.048 0)
(0.03 0.048 0)
(0.032 0.048 0)
(0.034 0.048 0)
(0.036 0.048 0)
(0.038 0.048 0)
(0.04 0.048 0)
(0.042 0.048 0)
(0.044 0.048 0)
(0.046 0.048 0)
(0.048 0.048 0)
(0.05 0.048 0)
(0 0.05 0)
(0.002 0.05 0)
(0.004 0.05 0)
(0.006 0.05 0)
(0.008 0.05 0)
(0.01 0.05 0)
(0.012 0.05 0)
(0.014 0.05 0)
(0.016 0.05 0)
(0.018 0.05 0)
(0.02 0.05 0)
(0.022 0.05 0)
(0.024 0.05 0)
(0.026 0.05 0)
(0.028 0.05 0)
(0.03 0.05 0)
(0.032 0.05 0)
(0.034 0.05 0)
(0.036 0.05 0)
(0.038 0.05 0)
(0.04 0.05 0)
(0.042 0.05 0)
(0.044 0.05 0)
(0.046 0.05 0)
(0.048 0.05 0)
(0.05 0.05 0)
(0 0.052 0)
(0.002 0.052 0)
(0.004 0.052 0)
(0.006 0.052 0)
(0.008 0.052 0)
(0.01 0.052 0)
(0.012 0.052 0)
(0.014 0.052 0)
(0.016 0.052 0)
(0.018 0.052 0)
(0.02 0.052 0)
(0.022 0.052 0)
(0.024 0.052 0)
(0.026 0.052 0)
(0.028 0.052 0)
(0.03 0.052 0)
(0.032 0.052 0)
(0.034 0.052 0)
(0.036 0.052 0)
(0.038 0.052 0)
(0.04 0.052 0)
(0.042 0.052 0)
(0.044 0.052 0)
(0.046 0.052 0)
(0.048 0.052 0)
(0.05 0.052 0)
(0 0.054 0)
(0.002 0.054 0)
(0.004 0.054 0)
(0.006 0.054 0)
(0.008 0.054 0)
(0.01 0.054 0)
(0.012 0.054 0)
(0.014 0.054 0)
(0.016 0.054 0)
(0.018 0.054 0)
(0.02 0.054 0)
(0.022 0.054 0)
(0.024 0.054 0)
(0.026 0.054 0)
(0.028 0.054 0)
(0.03 0.054 0)
(0.032 0.054 0)
(0.034 0.054 0)
(0.036 0.054 0)
(0.038 0.054 0)
(0.04 0.054 0)
(0.042 0.054 0)
(0.044 0.054 0)
(0.046 0.054 0)
(0.048 0.054 0)
(0.05 0.054 0)
(0 0.056 0)
(0.002 0.056 0)
(0.004 0.056 0)
(0.006 0.056 0)
(0.008 0.056 0)
(0.01 0.056 0)
(0.012 0.056 0)
(0.014 0.056 0)
(0.016 0.056 0)
(0.018 0.056 0)
(0.02 0.056 0)
(0.022 0.056 0)
(0.024 0.056 0)
(0.026 0.056 0)
(0.028 0.056 0)
(0.03 0.056 0)
(0.032 0.056 0)
(0.034 0.056 0)
(0.036 0.056 0)
(0.038 0.056 0)
(0.04 0.056 0)
(0.042 0.056 0)
(0.044 0.056 0)
(0.046 0.056 0)
(0.048 0.056 0)
(0.05 0.056 0)
(0 0.058 0)
(0.002 0.058 0)
(0.004 0.058 0)
(0.006 0.058 0)
(0.008 0.058 0)
(0.01 0.058 0)
(0.012 0.058 0)
(0.014 0.058 0)
(0.016 0.058 0)
(0.018 0.058 0)
(0.02 0.058 0)
(0.022 0.058 0)
(0.024 0.058 0)
(0.026 0.058 0)
(0.028 0.058 0)
(0.03 0.058 0)
(0.032 0.058 0)
(0.034 0.058 0)
(0.036 0.058 0)
(0.038 0.058 0)
(0.04 0.058 0)
(0.042 0.058 0)
(0.044 0.058 0)
(0.046 0.058 0)
(0.048 0.058 0)
(0.05 0.058 0)
(0 0.06 0)
(0.002 0.06 0)
(0.004 0.06 0)
(0.006 0.06 0)
(0.008 0.06 0)
(0.01 0.06 0)
(0.012 0.06 0)
(0.014 0.06 0)
(0.016 0.06 0)
(0.018 0.06 0)
(0.02 0.06 0)
(0.022 0.06 0)
(0.024 0.06 0)
(0.026 0.06 0)
(0.028 0.06 0)
(0.03 0.06 0)
(0.032 0.06 0)
(0.034 0.06 0)
(0.036 0.06 0)
(0.038 0.06 0)
(0.04 0.06 0)
(0.042 0.06 0)
(0.044 0.06 0)
(0.046 0.06 0)
(0.048 0.06 0)
(0.05 0.06 0)
(0 0.062 0)
(0.002 0.062 0)
(0.004 0.062 0)
(0.006 0.062 0)
(0.008 0.062 0)
(0.01 0.062 0)
(0.012 0.062 0)
(0.014 0.062 0)
(0.016 0.062 0)
(0.018 0.062 0)
(0.02 0.062 0)
(0.022 0.062 0)
(0.024 0.062 0)
(0.026 0.062 0)
(0.028 0.062 0)
(0.03 0.062 0)
(0.032 0.062 0)
(0.034 0.062 0)
(0.036 0.062 0)
(0.038 0.062 0)
(0.04 0.062 0)
(0.042 0.062 0)
(0.044 0.062 0)
(0.046 0.062 0)
(0.048 0.062 0)
(0.05 0.062 0)
(0 0.064 0)
(0.002 0.064 0)
(0.004 0.064 0)
(0.006 0.064 0)
(0.008 0.064 0)
(0.01 0.064 0)
(0.012 0.064 0)
(0.014 0.064 0)
(0.016 0.064 0)
(0.018 0.064 0)
(0.02 0.064 0)
(0.022 0.064 0)
(0.024 0.064 0)
(0.026 0.064 0)
(0.028 0.064 0)
(0.03 0.064 0)
(0.032 0.064 0)
(0.034 0.064 0)
(0.036 0.064 0)
(0.038 0.064 0)
(0.04 0.064 0)
(0.042 0.064 0)
(0.044 0.064 0)
(0.046 0.064 0)
(0.048 0.064 0)
(0.05 0.064 0)
(0 0.066 0)
(0.002 0.066 0)
(0.004 0.066 0)
(0.006 0.066 0)
(0.008 0.066 0)
(0.01 0.066 0)
(0.012 0.066 0)
(0.014 0.066 0)
(0.016 0.066 0)
(0.018 0.066 0)
(0.02 0.066 0)
(0.022 0.066 0)
(0.024 0.066 0)
(0.026 0.066 0)
(0.028 0.066 0)
(0.03 0.066 0)
(0.032 0.066 0)
(0.034 0.066 0)
(0.036 0.066 0)
(0.038 0.066 0)
(0.04 0.066 0)
(0.042 0.066 0)
(0.044 0.066 0)
(0.046 0.066 0)
(0.048 0.066 0)
(0.05 0.066 0)
(0 0.068 0)
(0.002 0.068 0)
(0.004 0.068 0)
(0.006 0.068 0)
(0.008 0.068 0)
(0.01 0.068 0)
(0.012 0.068 0)
(0.014 0.068 0)
(0.016 0.068 0)
(0.018 0.068 0)
(0.02 0.068 0)
(0.022 0.068 0)
(0.024 0.068 0)
(0.026 0.068 0)
(0.028 0.068 0)
(0.03 0.068 0)
(0.032 0.068 0)
(0.034 0.068 0)
(0.036 0.068 0)
(0.038 0.068 0)
(0.04 0.068 0)
(0.042 0.068 0)
(0.044 0.068 0)
(0.046 0.068 0)
(0.048 0.068 0)
(0.05 0.068 0)
(0 0.07 0)
(0.002 0.07 0)
(0.004 0.07 0)
(0.006 0.07 0)
(0.008 0.07 0)
(0.01 0.07 0)
(0.012 0.07 0)
(0.014 0.07 0)
(0.016 0.07 0)
(0.018 0.07 0)
(0.02 0.07 0)
(0.022 0.07 0)
(0.024 0.07 0)
(0.026 0.07 0)
(0.028 0.07 0)
(0.03 0.07 0)
(0.032 0.07 0)
(0.034 0.07 0)
(0.036 0.07 0)
(0.038 0.07 0)
(0.04 0.07 0)
(0.042 0.07 0)
(0.044 0.07 0)
(0.046 0.07 0)
(0.048 0.07 0)
(0.05 0.07 0)
(0 0.072 0)
(0.002 0.072 0)
(0.004 0.072 0)
(0.006 0.072 0)
(0.008 0.072 0)
(0.01 0.072 0)
(0.012 0.072 0)
(0.014 0.072 0)
(0.016 0.072 0)
(0.018 0.072 0)
(0.02 0.072 0)
(0.022 0.072 0)
(0.024 0.072 0)
(0.026 0.072 0)
(0.028 0.072 0)
(0.03 0.072 0)
(0.032 0.072 0)
(0.034 0.072 0)
(0.036 0.072 0)
(0.038 0.072 0)
(0.04 0.072 0)
(0.042 0.072 0)
(0.044 0.072 0)
(0.046 0.072 0)
(0.048 0.072 0)
(0.05 0.072 0)
(0 0.074 0)
(0.002 0.074 0)
(0.004 0.074 0)
(0.006 0.074 0)
(0.008 0.074 0)
(0.01 0.074 0)
(0.012 0.074 0)
(0.014 0.074 0)
(0.016 0.074 0)
(0.018 0.074 0)
(0.02 0.074 0)
(0.022 0.074 0)
(0.024 0.074 0)
(0.026 0.074 0)
(0.028 0.074 0)
(0.03 0.074 0)
(0.032 0.074 0)
(0.034 0.074 0)
(0.036 0.074 0)
(0.038 0.074 0)
(0.04 0.074 0)
(0.042 0.074 0)
(0.044 0.074 0)
(0.046 0.074 0)
(0.048 0.074 0)
(0.05 0.074 0)
(0 0.076 0)
(0.002 0.076 0)
(0.004 0.076 0)
(0.006 0.076 0)
(0.008 0.076 0)
(0.01 0.076 0)
(0.012 0.076 0)
(0.014 0.076 0)
(0.016 0.076 0)
(0.018 0.076 0)
(0.02 0.076 0)
(0.022 0.076 0)
(0.024 0.076 0)
(0.026 0.076 0)
(0.028 0.076 0)
(0.03 0.076 0)
(0.032 0.076 0)
(0.034 0.076 0)
(0.036 0.076 0)
(0.038 0.076 0)
(0.04 0.076 0)
(0.042 0.076 0)
(0.044 0.076 0)
(0.046 0.076 0)
(0.048 0.076 0)
(0.05 0.076 0)
(0 0.078 0)
(0.002 0.078 0)
(0.004 0.078 0)
(0.006 0.078 0)
(0.008 0.078 0)
(0.01 0.078 0)
(0.012 0.078 0)
(0.014 0.078 0)
(0.016 0.078 0)
(0.018 0.078 0)
(0.02 0.078 0)
(0.022 0.078 0)
(0.024 0.078 0)
(0.026 0.078 0)
(0.028 0.078 0)
(0.03 0.078 0)
(0.032 0.078 0)
(0.034 0.078 0)
(0.036 0.078 0)
(0.038 0.078 0)
(0.04 0.078 0)
(0.042 0.078 0)
(0.044 0.078 0)
(0.046 0.078 0)
(0.048 0.078 0)
(0.05 0.078 0)
(0 0.08 0)
(0.002 0.08 0)
(0.004 0.08 0)
(0.006 0.08 0)
(0.008 0.08 0)
(0.01 0.08 0)
(0.012 0.08 0)
(0.014 0.08 0)
(0.016 0.08 0)
(0.018 0.08 0)
(0.02 0.08 0)
(0.022 0.08 0)
(0.024 0.08 0)
(0.026 0.08 0)
(0.028 0.08 0)
(0.03 0.08 0)
(0.032 0.08 0)
(0.034 0.08 0)
(0.036 0.08 0)
(0.038 0.08 0)
(0.04 0.08 0)
(0.042 0.08 0)
(0.044 0.08 0)
(0.046 0.08 0)
(0.048 0.08 0)
(0.05 0.08 0)
(0 0.082 0)
(0.002 0.082 0)
(0.004 0.082 0)
(0.006 0.082 0)
(0.008 0.082 0)
(0.01 0.082 0)
(0.012 0.082 0)
(0.014 0.082 0)
(0.016 0.082 0)
(0.018 0.082 0)
(0.02 0.082 0)
(0.022 0.082 0)
(0.024 0.082 0)
(0.026 0.082 0)
(0.028 0.082 0)
(0.03 0.082 0)
(0.032 0.082 0)
(0.034 0.082 0)
(0.036 0.082 0)
(0.038 0.082 0)
(0.04 0.082 0)
(0.042 0.082 0)
(0.044 0.082 0)
(0.046 0.082 0)
(0.048 0.082 0)
(0.05 0.082 0)
(0 0.084 0)
(0.002 0.084 0)
(0.004 0.084 0)
(0.006 0.084 0)
(0.008 0.084 0)
(0.01 0.084 0)
(0.012 0.084 0)
(0.014 0.084 0)
(0.016 0.084 0)
(0.018 0.084 0)
(0.02 0.084 0)
(0.022 0.084 0)
(0.024 0.084 0)
(0.026 0.084 0)
(0.028 0.084 0)
(0.03 0.084 0)
(0.032 0.084 0)
(0.034 0.084 0)
(0.036 0.084 0)
(0.038 0.084 0)
(0.04 0.084 0)
(0.042 0.084 0)
(0.044 0.084 0)
(0.046 0.084 0)
(0.048 0.084 0)
(0.05 0.084 0)
(0 0.086 0)
(0.002 0.086 0)
(0.004 0.086 0)
(0.006 0.086 0)
(0.008 0.086 0)
(0.01 0.086 0)
(0.012 0.086 0)
(0.014 0.086 0)
(0.016 0.086 0)
(0.018 0.086 0)
(0.02 0.086 0)
(0.022 0.086 0)
(0.024 0.086 0)
(0.026 0.086 0)
(0.028 0.086 0)
(0.03 0.086 0)
(0.032 0.086 0)
(0.034 0.086 0)
(0.036 0.086 0)
(0.038 0.086 0)
(0.04 0.086 0)
(0.042 0.086 0)
(0.044 0.086 0)
(0.046 0.086 0)
(0.048 0.086 0)
(0.05 0.086 0)
(0 0.088 0)
(0.002 0.088 0)
(0.004 0.088 0)
(0.006 0.088 0)
(0.008 0.088 0)
(0.01 0.088 0)
(0.012 0.088 0)
(0.014 0.088 0)
(0.016 0.088 0)
(0.018 0.088 0)
(0.02 0.088 0)
(0.022 0.088 0)
(0.024 0.088 0)
(0.026 0.088 0)
(0.028 0.088 0)
(0.03 0.088 0)
(0.032 0.088 0)
(0.034 0.088 0)
(0.036 0.088 0)
(0.038 0.088 0)
(0.04 0.088 0)
(0.042 0.088 0)
(0.044 0.088 0)
(0.046 0.088 0)
(0.048 0.088 0)
(0.05 0.088 0)
(0 0.09 0)
(0.002 0.09 0)
(0.004 0.09 0)
(0.006 0.09 0)
(0.008 0.09 0)
(0.01 0.09 0)
(0.012 0.09 0)
(0.014 0.09 0)
(0.016 0.09 0)
(0.018 0.09 0)
(0.02 0.09 0)
(0.022 0.09 0)
(0.024 0.09 0)
(0.026 0.09 0)
(0.028 0.09 0)
(0.03 0.09 0)
(0.032 0.09 0)
(0.034 0.09 0)
(0.036 0.09 0)
(0.038 0.09 0)
(0.04 0.09 0)
(0.042 0.09 0)
(0.044 0.09 0)
(0.046 0.09 0)
(0.048 0.09 0)
(0.05 0.09 0)
(0 0.092 0)
(0.002 0.092 0)
(0.004 0.092 0)
(0.006 0.092 0)
(0.008 0.092 0)
(0.01 0.092 0)
(0.012 0.092 0)
(0.014 0.092 0)
(0.016 0.092 0)
(0.018 0.092 0)
(0.02 0.092 0)
(0.022 0.092 0)
(0.024 0.092 0)
(0.026 0.092 0)
(0.028 0.092 0)
(0.03 0.092 0)
(0.032 0.092 0)
(0.034 0.092 0)
(0.036 0.092 0)
(0.038 0.092 0)
(0.04 0.092 0)
(0.042 0.092 0)
(0.044 0.092 0)
(0.046 0.092 0)
(0.048 0.092 0)
(0.05 0.092 0)
(0 0.094 0)
(0.002 0.094 0)
(0.004 0.094 0)
(0.006 0.094 0)
(0.008 0.094 0)
(0.01 0.094 0)
(0.012 0.094 0)
(0.014 0.094 0)
(0.016 0.094 0)
(0.018 0.094 0)
(0.02 0.094 0)
(0.022 0.094 0)
(0.024 0.094 0)
(0.026 0.094 0)
(0.028 0.094 0)
(0.03 0.094 0)
(0.032 0.094 0)
(0.034 0.094 0)
(0.036 0.094 0)
(0.038 0.094 0)
(0.04 0.094 0)
(0.042 0.094 0)
(0.044 0.094 0)
(0.046 0.094 0)
(0.048 0.094 0)
(0.05 0.094 0)
(0 0.096 0)
(0.002 0.096 0)
(0.004 0.096 0)
(0.006 0.096 0)
(0.008 0.096 0)
(0.01 0.096 0)
(0.012 0.096 0)
(0.014 0.096 0)
(0.016 0.096 0)
(0.018 0.096 0)
(0.02 0.096 0)
(0.022 0.096 0)
(0.024 0.096 0)
(0.026 0.096 0)
(0.028 0.096 0)
(0.03 0.096 0)
(0.032 0.096 0)
(0.034 0.096 0)
(0.036 0.096 0)
(0.038 0.096 0)
(0.04 0.096 0)
(0.042 0.096 0)
(0.044 0.096 0)
(0.046 0.096 0)
(0.048 0.096 0)
(0.05 0.096 0)
(0 0.098 0)
(0.002 0.098 0)
(0.004 0.098 0)
(0.006 0.098 0)
(0.008 0.098 0)
(0.01 0.098 0)
(0.012 0.098 0)
(0.014 0.098 0)
(0.016 0.098 0)
(0.018 0.098 0)
(0.02 0.098 0)
(0.022 0.098 0)
(0.024 0.098 0)
(0.026 0.098 0)
(0.028 0.098 0)
(0.03 0.098 0)
(0.032 0.098 0)
(0.034 0.098 0)
(0.036 0.098 0)
(0.038 0.098 0)
(0.04 0.098 0)
(0.042 0.098 0)
(0.044 0.098 0)
(0.046 0.098 0)
(0.048 0.098 0)
(0.05 0.098 0)
(0 0.1 0)
(0.002 0.1 0)
(0.004 0.1 0)
(0.006 0.1 0)
(0.008 0.1 0)
(0.01 0.1 0)
(0.012 0.1 0)
(0.014 0.1 0)
(0.016 0.1 0)
(0.018 0.1 0)
(0.02 0.1 0)
(0.022 0.1 0)
(0.024 0.1 0)
(0.026 0.1 0)
(0.028 0.1 0)
(0.03 0.1 0)
(0.032 0.1 0)
(0.034 0.1 0)
(0.036 0.1 0)
(0.038 0.1 0)
(0.04 0.1 0)
(0.042 0.1 0)
(0.044 0.1 0)
(0.046 0.1 0)
(0.048 0.1 0)
(0.05 0.1 0)
(0 0 0.01)
(0.002 0 0.01)
(0.004 0 0.01)
(0.006 0 0.01)
(0.008 0 0.01)
(0.01 0 0.01)
(0.012 0 0.01)
(0.014 0 0.01)
(0.016 0 0.01)
(0.018 0 0.01)
(0.02 0 0.01)
(0.022 0 0.01)
(0.024 0 0.01)
(0.026 0 0.01)
(0.028 0 0.01)
(0.03 0 0.01)
(0.032 0 0.01)
(0.034 0 0.01)
(0.036 0 0.01)
(0.038 0 0.01)
(0.04 0 0.01)
(0.042 0 0.01)
(0.044 0 0.01)
(0.046 0 0.01)
(0.048 0 0.01)
(0.05 0 0.01)
(0 0.002 0.01)
(0.002 0.002 0.01)
(0.004 0.002 0.01)
(0.006 0.002 0.01)
(0.008 0.002 0.01)
(0.01 0.002 0.01)
(0.012 0.002 0.01)
(0.014 0.002 0.01)
(0.016 0.002 0.01)
(0.018 0.002 0.01)
(0.02 0.002 0.01)
(0.022 0.002 0.01)
(0.024 0.002 0.01)
(0.026 0.002 0.01)
(0.028 0.002 0.01)
(0.03 0.002 0.01)
(0.032 0.002 0.01)
(0.034 0.002 0.01)
(0.036 0.002 0.01)
(0.038 0.002 0.01)
(0.04 0.002 0.01)
(0.042 0.002 0.01)
(0.044 0.002 0.01)
(0.046 0.002 0.01)
(0.048 0.002 0.01)
(0.05 0.002 0.01)
(0 0.004 0.01)
(0.002 0.004 0.01)
(0.004 0.004 0.01)
(0.006 0.004 0.01)
(0.008 0.004 0.01)
(0.01 0.004 0.01)
(0.012 0.004 0.01)
(0.014 0.004 0.01)
(0.016 0.004 0.01)
(0.018 0.004 0.01)
(0.02 0.004 0.01)
(0.022 0.004 0.01)
(0.024 0.004 0.01)
(0.026 0.004 0.01)
(0.028 0.004 0.01)
(0.03 0.004 0.01)
(0.032 0.004 0.01)
(0.034 0.004 0.01)
(0.036 0.004 0.01)
(0.038 0.004 0.01)
(0.04 0.004 0.01)
(0.042 0.004 0.01)
(0.044 0.004 0.01)
(0.046 0.004 0.01)
(0.048 0.004 0.01)
(0.05 0.004 0.01)
(0 0.006 0.01)
(0.002 0.006 0.01)
(0.004 0.006 0.01)
(0.006 0.006 0.01)
(0.008 0.006 0.01)
(0.01 0.006 0.01)
(0.012 0.006 0.01)
(0.014 0.006 0.01)
(0.016 0.006 0.01)
(0.018 0.006 0.01)
(0.02 0.006 0.01)
(0.022 0.006 0.01)
(0.024 0.006 0.01)
(0.026 0.006 0.01)
(0.028 0.006 0.01)
(0.03 0.006 0.01)
(0.032 0.006 0.01)
(0.034 0.006 0.01)
(0.036 0.006 0.01)
(0.038 0.006 0.01)
(0.04 0.006 0.01)
(0.042 0.006 0.01)
(0.044 0.006 0.01)
(0.046 0.006 0.01)
(0.048 0.006 0.01)
(0.05 0.006 0.01)
(0 0.008 0.01)
(0.002 0.008 0.01)
(0.004 0.008 0.01)
(0.006 0.008 0.01)
(0.008 0.008 0.01)
(0.01 0.008 0.01)
(0.012 0.008 0.01)
(0.014 0.008 0.01)
(0.016 0.008 0.01)
(0.018 0.008 0.01)
(0.02 0.008 0.01)
(0.022 0.008 0.01)
(0.024 0.008 0.01)
(0.026 0.008 0.01)
(0.028 0.008 0.01)
(0.03 0.008 0.01)
(0.032 0.008 0.01)
(0.034 0.008 0.01)
(0.036 0.008 0.01)
(0.038 0.008 0.01)
(0.04 0.008 0.01)
(0.042 0.008 0.01)
(0.044 0.008 0.01)
(0.046 0.008 0.01)
(0.048 0.008 0.01)
(0.05 0.008 0.01)
(0 0.01 0.01)
(0.002 0.01 0.01)
(0.004 0.01 0.01)
(0.006 0.01 0.01)
(0.008 0.01 0.01)
(0.01 0.01 0.01)
(0.012 0.01 0.01)
(0.014 0.01 0.01)
(0.016 0.01 0.01)
(0.018 0.01 0.01)
(0.02 0.01 0.01)
(0.022 0.01 0.01)
(0.024 0.01 0.01)
(0.026 0.01 0.01)
(0.028 0.01 0.01)
(0.03 0.01 0.01)
(0.032 0.01 0.01)
(0.034 0.01 0.01)
(0.036 0.01 0.01)
(0.038 0.01 0.01)
(0.04 0.01 0.01)
(0.042 0.01 0.01)
(0.044 0.01 0.01)
(0.046 0.01 0.01)
(0.048 0.01 0.01)
(0.05 0.01 0.01)
(0 0.012 0.01)
(0.002 0.012 0.01)
(0.004 0.012 0.01)
(0.006 0.012 0.01)
(0.008 0.012 0.01)
(0.01 0.012 0.01)
(0.012 0.012 0.01)
(0.014 0.012 0.01)
(0.016 0.012 0.01)
(0.018 0.012 0.01)
(0.02 0.012 0.01)
(0.022 0.012 0.01)
(0.024 0.012 0.01)
(0.026 0.012 0.01)
(0.028 0.012 0.01)
(0.03 0.012 0.01)
(0.032 0.012 0.01)
(0.034 0.012 0.01)
(0.036 0.012 0.01)
(0.038 0.012 0.01)
(0.04 0.012 0.01)
(0.042 0.012 0.01)
(0.044 0.012 0.01)
(0.046 0.012 0.01)
(0.048 0.012 0.01)
(0.05 0.012 0.01)
(0 0.014 0.01)
(0.002 0.014 0.01)
(0.004 0.014 0.01)
(0.006 0.014 0.01)
(0.008 0.014 0.01)
(0.01 0.014 0.01)
(0.012 0.014 0.01)
(0.014 0.014 0.01)
(0.016 0.014 0.01)
(0.018 0.014 0.01)
(0.02 0.014 0.01)
(0.022 0.014 0.01)
(0.024 0.014 0.01)
(0.026 0.014 0.01)
(0.028 0.014 0.01)
(0.03 0.014 0.01)
(0.032 0.014 0.01)
(0.034 0.014 0.01)
(0.036 0.014 0.01)
(0.038 0.014 0.01)
(0.04 0.014 0.01)
(0.042 0.014 0.01)
(0.044 0.014 0.01)
(0.046 0.014 0.01)
(0.048 0.014 0.01)
(0.05 0.014 0.01)
(0 0.016 0.01)
(0.002 0.016 0.01)
(0.004 0.016 0.01)
(0.006 0.016 0.01)
(0.008 0.016 0.01)
(0.01 0.016 0.01)
(0.012 0.016 0.01)
(0.014 0.016 0.01)
(0.016 0.016 0.01)
(0.018 0.016 0.01)
(0.02 0.016 0.01)
(0.022 0.016 0.01)
(0.024 0.016 0.01)
(0.026 0.016 0.01)
(0.028 0.016 0.01)
(0.03 0.016 0.01)
(0.032 0.016 0.01)
(0.034 0.016 0.01)
(0.036 0.016 0.01)
(0.038 0.016 0.01)
(0.04 0.016 0.01)
(0.042 0.016 0.01)
(0.044 0.016 0.01)
(0.046 0.016 0.01)
(0.048 0.016 0.01)
(0.05 0.016 0.01)
(0 0.018 0.01)
(0.002 0.018 0.01)
(0.004 0.018 0.01)
(0.006 0.018 0.01)
(0.008 0.018 0.01)
(0.01 0.018 0.01)
(0.012 0.018 0.01)
(0.014 0.018 0.01)
(0.016 0.018 0.01)
(0.018 0.018 0.01)
(0.02 0.018 0.01)
(0.022 0.018 0.01)
(0.024 0.018 0.01)
(0.026 0.018 0.01)
(0.028 0.018 0.01)
(0.03 0.018 0.01)
(0.032 0.018 0.01)
(0.034 0.018 0.01)
(0.036 0.018 0.01)
(0.038 0.018 0.01)
(0.04 0.018 0.01)
(0.042 0.018 0.01)
(0.044 0.018 0.01)
(0.046 0.018 0.01)
(0.048 0.018 0.01)
(0.05 0.018 0.01)
(0 0.02 0.01)
(0.002 0.02 0.01)
(0.004 0.02 0.01)
(0.006 0.02 0.01)
(0.008 0.02 0.01)
(0.01 0.02 0.01)
(0.012 0.02 0.01)
(0.014 0.02 0.01)
(0.016 0.02 0.01)
(0.018 0.02 0.01)
(0.02 0.02 0.01)
(0.022 0.02 0.01)
(0.024 0.02 0.01)
(0.026 0.02 0.01)
(0.028 0.02 0.01)
(0.03 0.02 0.01)
(0.032 0.02 0.01)
(0.034 0.02 0.01)
(0.036 0.02 0.01)
(0.038 0.02 0.01)
(0.04 0.02 0.01)
(0.042 0.02 0.01)
(0.044 0.02 0.01)
(0.046 0.02 0.01)
(0.048 0.02 0.01)
(0.05 0.02 0.01)
(0 0.022 0.01)
(0.002 0.022 0.01)
(0.004 0.022 0.01)
(0.006 0.022 0.01)
(0.008 0.022 0.01)
(0.01 0.022 0.01)
(0.012 0.022 0.01)
(0.014 0.022 0.01)
(0.016 0.022 0.01)
(0.018 0.022 0.01)
(0.02 0.022 0.01)
(0.022 0.022 0.01)
(0.024 0.022 0.01)
(0.026 0.022 0.01)
(0.028 0.022 0.01)
(0.03 0.022 0.01)
(0.032 0.022 0.01)
(0.034 0.022 0.01)
(0.036 0.022 0.01)
(0.038 0.022 0.01)
(0.04 0.022 0.01)
(0.042 0.022 0.01)
(0.044 0.022 0.01)
(0.046 0.022 0.01)
(0.048 0.022 0.01)
(0.05 0.022 0.01)
(0 0.024 0.01)
(0.002 0.024 0.01)
(0.004 0.024 0.01)
(0.006 0.024 0.01)
(0.008 0.024 0.01)
(0.01 0.024 0.01)
(0.012 0.024 0.01)
(0.014 0.024 0.01)
(0.016 0.024 0.01)
(0.018 0.024 0.01)
(0.02 0.024 0.01)
(0.022 0.024 0.01)
(0.024 0.024 0.01)
(0.026 0.024 0.01)
(0.028 0.024 0.01)
(0.03 0.024 0.01)
(0.032 0.024 0.01)
(0.034 0.024 0.01)
(0.036 0.024 0.01)
(0.038 0.024 0.01)
(0.04 0.024 0.01)
(0.042 0.024 0.01)
(0.044 0.024 0.01)
(0.046 0.024 0.01)
(0.048 0.024 0.01)
(0.05 0.024 0.01)
(0 0.026 0.01)
(0.002 0.026 0.01)
(0.004 0.026 0.01)
(0.006 0.026 0.01)
(0.008 0.026 0.01)
(0.01 0.026 0.01)
(0.012 0.026 0.01)
(0.014 0.026 0.01)
(0.016 0.026 0.01)
(0.018 0.026 0.01)
(0.02 0.026 0.01)
(0.022 0.026 0.01)
(0.024 0.026 0.01)
(0.026 0.026 0.01)
(0.028 0.026 0.01)
(0.03 0.026 0.01)
(0.032 0.026 0.01)
(0.034 0.026 0.01)
(0.036 0.026 0.01)
(0.038 0.026 0.01)
(0.04 0.026 0.01)
(0.042 0.026 0.01)
(0.044 0.026 0.01)
(0.046 0.026 0.01)
(0.048 0.026 0.01)
(0.05 0.026 0.01)
(0 0.028 0.01)
(0.002 0.028 0.01)
(0.004 0.028 0.01)
(0.006 0.028 0.01)
(0.008 0.028 0.01)
(0.01 0.028 0.01)
(0.012 0.028 0.01)
(0.014 0.028 0.01)
(0.016 0.028 0.01)
(0.018 0.028 0.01)
(0.02 0.028 0.01)
(0.022 0.028 0.01)
(0.024 0.028 0.01)
(0.026 0.028 0.01)
(0.028 0.028 0.01)
(0.03 0.028 0.01)
(0.032 0.028 0.01)
(0.034 0.028 0.01)
(0.036 0.028 0.01)
(0.038 0.028 0.01)
(0.04 0.028 0.01)
(0.042 0.028 0.01)
(0.044 0.028 0.01)
(0.046 0.028 0.01)
(0.048 0.028 0.01)
(0.05 0.028 0.01)
(0 0.03 0.01)
(0.002 0.03 0.01)
(0.004 0.03 0.01)
(0.006 0.03 0.01)
(0.008 0.03 0.01)
(0.01 0.03 0.01)
(0.012 0.03 0.01)
(0.014 0.03 0.01)
(0.016 0.03 0.01)
(0.018 0.03 0.01)
(0.02 0.03 0.01)
(0.022 0.03 0.01)
(0.024 0.03 0.01)
(0.026 0.03 0.01)
(0.028 0.03 0.01)
(0.03 0.03 0.01)
(0.032 0.03 0.01)
(0.034 0.03 0.01)
(0.036 0.03 0.01)
(0.038 0.03 0.01)
(0.04 0.03 0.01)
(0.042 0.03 0.01)
(0.044 0.03 0.01)
(0.046 0.03 0.01)
(0.048 0.03 0.01)
(0.05 0.03 0.01)
(0 0.032 0.01)
(0.002 0.032 0.01)
(0.004 0.032 0.01)
(0.006 0.032 0.01)
(0.008 0.032 0.01)
(0.01 0.032 0.01)
(0.012 0.032 0.01)
(0.014 0.032 0.01)
(0.016 0.032 0.01)
(0.018 0.032 0.01)
(0.02 0.032 0.01)
(0.022 0.032 0.01)
(0.024 0.032 0.01)
(0.026 0.032 0.01)
(0.028 0.032 0.01)
(0.03 0.032 0.01)
(0.032 0.032 0.01)
(0.034 0.032 0.01)
(0.036 0.032 0.01)
(0.038 0.032 0.01)
(0.04 0.032 0.01)
(0.042 0.032 0.01)
(0.044 0.032 0.01)
(0.046 0.032 0.01)
(0.048 0.032 0.01)
(0.05 0.032 0.01)
(0 0.034 0.01)
(0.002 0.034 0.01)
(0.004 0.034 0.01)
(0.006 0.034 0.01)
(0.008 0.034 0.01)
(0.01 0.034 0.01)
(0.012 0.034 0.01)
(0.014 0.034 0.01)
(0.016 0.034 0.01)
(0.018 0.034 0.01)
(0.02 0.034 0.01)
(0.022 0.034 0.01)
(0.024 0.034 0.01)
(0.026 0.034 0.01)
(0.028 0.034 0.01)
(0.03 0.034 0.01)
(0.032 0.034 0.01)
(0.034 0.034 0.01)
(0.036 0.034 0.01)
(0.038 0.034 0.01)
(0.04 0.034 0.01)
(0.042 0.034 0.01)
(0.044 0.034 0.01)
(0.046 0.034 0.01)
(0.048 0.034 0.01)
(0.05 0.034 0.01)
(0 0.036 0.01)
(0.002 0.036 0.01)
(0.004 0.036 0.01)
(0.006 0.036 0.01)
(0.008 0.036 0.01)
(0.01 0.036 0.01)
(0.012 0.036 0.01)
(0.014 0.036 0.01)
(0.016 0.036 0.01)
(0.018 0.036 0.01)
(0.02 0.036 0.01)
(0.022 0.036 0.01)
(0.024 0.036 0.01)
(0.026 0.036 0.01)
(0.028 0.036 0.01)
(0.03 0.036 0.01)
(0.032 0.036 0.01)
(0.034 0.036 0.01)
(0.036 0.036 0.01)
(0.038 0.036 0.01)
(0.04 0.036 0.01)
(0.042 0.036 0.01)
(0.044 0.036 0.01)
(0.046 0.036 0.01)
(0.048 0.036 0.01)
(0.05 0.036 0.01)
(0 0.038 0.01)
(0.002 0.038 0.01)
(0.004 0.038 0.01)
(0.006 0.038 0.01)
(0.008 0.038 0.01)
(0.01 0.038 0.01)
(0.012 0.038 0.01)
(0.014 0.038 0.01)
(0.016 0.038 0.01)
(0.018 0.038 0.01)
(0.02 0.038 0.01)
(0.022 0.038 0.01)
(0.024 0.038 0.01)
(0.026 0.038 0.01)
(0.028 0.038 0.01)
(0.03 0.038 0.01)
(0.032 0.038 0.01)
(0.034 0.038 0.01)
(0.036 0.038 0.01)
(0.038 0.038 0.01)
(0.04 0.038 0.01)
(0.042 0.038 0.01)
(0.044 0.038 0.01)
(0.046 0.038 0.01)
(0.048 0.038 0.01)
(0.05 0.038 0.01)
(0 0.04 0.01)
(0.002 0.04 0.01)
(0.004 0.04 0.01)
(0.006 0.04 0.01)
(0.008 0.04 0.01)
(0.01 0.04 0.01)
(0.012 0.04 0.01)
(0.014 0.04 0.01)
(0.016 0.04 0.01)
(0.018 0.04 0.01)
(0.02 0.04 0.01)
(0.022 0.04 0.01)
(0.024 0.04 0.01)
(0.026 0.04 0.01)
(0.028 0.04 0.01)
(0.03 0.04 0.01)
(0.032 0.04 0.01)
(0.034 0.04 0.01)
(0.036 0.04 0.01)
(0.038 0.04 0.01)
(0.04 0.04 0.01)
(0.042 0.04 0.01)
(0.044 0.04 0.01)
(0.046 0.04 0.01)
(0.048 0.04 0.01)
(0.05 0.04 0.01)
(0 0.042 0.01)
(0.002 0.042 0.01)
(0.004 0.042 0.01)
(0.006 0.042 0.01)
(0.008 0.042 0.01)
(0.01 0.042 0.01)
(0.012 0.042 0.01)
(0.014 0.042 0.01)
(0.016 0.042 0.01)
(0.018 0.042 0.01)
(0.02 0.042 0.01)
(0.022 0.042 0.01)
(0.024 0.042 0.01)
(0.026 0.042 0.01)
(0.028 0.042 0.01)
(0.03 0.042 0.01)
(0.032 0.042 0.01)
(0.034 0.042 0.01)
(0.036 0.042 0.01)
(0.038 0.042 0.01)
(0.04 0.042 0.01)
(0.042 0.042 0.01)
(0.044 0.042 0.01)
(0.046 0.042 0.01)
(0.048 0.042 0.01)
(0.05 0.042 0.01)
(0 0.044 0.01)
(0.002 0.044 0.01)
(0.004 0.044 0.01)
(0.006 0.044 0.01)
(0.008 0.044 0.01)
(0.01 0.044 0.01)
(0.012 0.044 0.01)
(0.014 0.044 0.01)
(0.016 0.044 0.01)
(0.018 0.044 0.01)
(0.02 0.044 0.01)
(0.022 0.044 0.01)
(0.024 0.044 0.01)
(0.026 0.044 0.01)
(0.028 0.044 0.01)
(0.03 0.044 0.01)
(0.032 0.044 0.01)
(0.034 0.044 0.01)
(0.036 0.044 0.01)
(0.038 0.044 0.01)
(0.04 0.044 0.01)
(0.042 0.044 0.01)
(0.044 0.044 0.01)
(0.046 0.044 0.01)
(0.048 0.044 0.01)
(0.05 0.044 0.01)
(0 0.046 0.01)
(0.002 0.046 0.01)
(0.004 0.046 0.01)
(0.006 0.046 0.01)
(0.008 0.046 0.01)
(0.01 0.046 0.01)
(0.012 0.046 0.01)
(0.014 0.046 0.01)
(0.016 0.046 0.01)
(0.018 0.046 0.01)
(0.02 0.046 0.01)
(0.022 0.046 0.01)
(0.024 0.046 0.01)
(0.026 0.046 0.01)
(0.028 0.046 0.01)
(0.03 0.046 0.01)
(0.032 0.046 0.01)
(0.034 0.046 0.01)
(0.036 0.046 0.01)
(0.038 0.046 0.01)
(0.04 0.046 0.01)
(0.042 0.046 0.01)
(0.044 0.046 0.01)
(0.046 0.046 0.01)
(0.048 0.046 0.01)
(0.05 0.046 0.01)
(0 0.048 0.01)
(0.002 0.048 0.01)
(0.004 0.048 0.01)
(0.006 0.048 0.01)
(0.008 0.048 0.01)
(0.01 0.048 0.01)
(0.012 0.048 0.01)
(0.014 0.048 0.01)
(0.016 0.048 0.01)
(0.018 0.048 0.01)
(0.02 0.048 0.01)
(0.022 0.048 0.01)
(0.024 0.048 0.01)
(0.026 0.048 0.01)
(0.028 0.048 0.01)
(0.03 0.048 0.01)
(0.032 0.048 0.01)
(0.034 0.048 0.01)
(0.036 0.048 0.01)
(0.038 0.048 0.01)
(0.04 0.048 0.01)
(0.042 0.048 0.01)
(0.044 0.048 0.01)
(0.046 0.048 0.01)
(0.048 0.048 0.01)
(0.05 0.048 0.01)
(0 0.05 0.01)
(0.002 0.05 0.01)
(0.004 0.05 0.01)
(0.006 0.05 0.01)
(0.008 0.05 0.01)
(0.01 0.05 0.01)
(0.012 0.05 0.01)
(0.014 0.05 0.01)
(0.016 0.05 0.01)
(0.018 0.05 0.01)
(0.02 0.05 0.01)
(0.022 0.05 0.01)
(0.024 0.05 0.01)
(0.026 0.05 0.01)
(0.028 0.05 0.01)
(0.03 0.05 0.01)
(0.032 0.05 0.01)
(0.034 0.05 0.01)
(0.036 0.05 0.01)
(0.038 0.05 0.01)
(0.04 0.05 0.01)
(0.042 0.05 0.01)
(0.044 0.05 0.01)
(0.046 0.05 0.01)
(0.048 0.05 0.01)
(0.05 0.05 0.01)
(0 0.052 0.01)
(0.002 0.052 0.01)
(0.004 0.052 0.01)
(0.006 0.052 0.01)
(0.008 0.052 0.01)
(0.01 0.052 0.01)
(0.012 0.052 0.01)
(0.014 0.052 0.01)
(0.016 0.052 0.01)
(0.018 0.052 0.01)
(0.02 0.052 0.01)
(0.022 0.052 0.01)
(0.024 0.052 0.01)
(0.026 0.052 0.01)
(0.028 0.052 0.01)
(0.03 0.052 0.01)
(0.032 0.052 0.01)
(0.034 0.052 0.01)
(0.036 0.052 0.01)
(0.038 0.052 0.01)
(0.04 0.052 0.01)
(0.042 0.052 0.01)
(0.044 0.052 0.01)
(0.046 0.052 0.01)
(0.048 0.052 0.01)
(0.05 0.052 0.01)
(0 0.054 0.01)
(0.002 0.054 0.01)
(0.004 0.054 0.01)
(0.006 0.054 0.01)
(0.008 0.054 0.01)
(0.01 0.054 0.01)
(0.012 0.054 0.01)
(0.014 0.054 0.01)
(0.016 0.054 0.01)
(0.018 0.054 0.01)
(0.02 0.054 0.01)
(0.022 0.054 0.01)
(0.024 0.054 0.01)
(0.026 0.054 0.01)
(0.028 0.054 0.01)
(0.03 0.054 0.01)
(0.032 0.054 0.01)
(0.034 0.054 0.01)
(0.036 0.054 0.01)
(0.038 0.054 0.01)
(0.04 0.054 0.01)
(0.042 0.054 0.01)
(0.044 0.054 0.01)
(0.046 0.054 0.01)
(0.048 0.054 0.01)
(0.05 0.054 0.01)
(0 0.056 0.01)
(0.002 0.056 0.01)
(0.004 0.056 0.01)
(0.006 0.056 0.01)
(0.008 0.056 0.01)
(0.01 0.056 0.01)
(0.012 0.056 0.01)
(0.014 0.056 0.01)
(0.016 0.056 0.01)
(0.018 0.056 0.01)
(0.02 0.056 0.01)
(0.022 0.056 0.01)
(0.024 0.056 0.01)
(0.026 0.056 0.01)
(0.028 0.056 0.01)
(0.03 0.056 0.01)
(0.032 0.056 0.01)
(0.034 0.056 0.01)
(0.036 0.056 0.01)
(0.038 0.056 0.01)
(0.04 0.056 0.01)
(0.042 0.056 0.01)
(0.044 0.056 0.01)
(0.046 0.056 0.01)
(0.048 0.056 0.01)
(0.05 0.056 0.01)
(0 0.058 0.01)
(0.002 0.058 0.01)
(0.004 0.058 0.01)
(0.006 0.058 0.01)
(0.008 0.058 0.01)
(0.01 0.058 0.01)
(0.012 0.058 0.01)
(0.014 0.058 0.01)
(0.016 0.058 0.01)
(0.018 0.058 0.01)
(0.02 0.058 0.01)
(0.022 0.058 0.01)
(0.024 0.058 0.01)
(0.026 0.058 0.01)
(0.028 0.058 0.01)
(0.03 0.058 0.01)
(0.032 0.058 0.01)
(0.034 0.058 0.01)
(0.036 0.058 0.01)
(0.038 0.058 0.01)
(0.04 0.058 0.01)
(0.042 0.058 0.01)
(0.044 0.058 0.01)
(0.046 0.058 0.01)
(0.048 0.058 0.01)
(0.05 0.058 0.01)
(0 0.06 0.01)
(0.002 0.06 0.01)
(0.004 0.06 0.01)
(0.006 0.06 0.01)
(0.008 0.06 0.01)
(0.01 0.06 0.01)
(0.012 0.06 0.01)
(0.014 0.06 0.01)
(0.016 0.06 0.01)
(0.018 0.06 0.01)
(0.02 0.06 0.01)
(0.022 0.06 0.01)
(0.024 0.06 0.01)
(0.026 0.06 0.01)
(0.028 0.06 0.01)
(0.03 0.06 0.01)
(0.032 0.06 0.01)
(0.034 0.06 0.01)
(0.036 0.06 0.01)
(0.038 0.06 0.01)
(0.04 0.06 0.01)
(0.042 0.06 0.01)
(0.044 0.06 0.01)
(0.046 0.06 0.01)
(0.048 0.06 0.01)
(0.05 0.06 0.01)
(0 0.062 0.01)
(0.002 0.062 0.01)
(0.004 0.062 0.01)
(0.006 0.062 0.01)
(0.008 0.062 0.01)
(0.01 0.062 0.01)
(0.012 0.062 0.01)
(0.014 0.062 0.01)
(0.016 0.062 0.01)
(0.018 0.062 0.01)
(0.02 0.062 0.01)
(0.022 0.062 0.01)
(0.024 0.062 0.01)
(0.026 0.062 0.01)
(0.028 0.062 0.01)
(0.03 0.062 0.01)
(0.032 0.062 0.01)
(0.034 0.062 0.01)
(0.036 0.062 0.01)
(0.038 0.062 0.01)
(0.04 0.062 0.01)
(0.042 0.062 0.01)
(0.044 0.062 0.01)
(0.046 0.062 0.01)
(0.048 0.062 0.01)
(0.05 0.062 0.01)
(0 0.064 0.01)
(0.002 0.064 0.01)
(0.004 0.064 0.01)
(0.006 0.064 0.01)
(0.008 0.064 0.01)
(0.01 0.064 0.01)
(0.012 0.064 0.01)
(0.014 0.064 0.01)
(0.016 0.064 0.01)
(0.018 0.064 0.01)
(0.02 0.064 0.01)
(0.022 0.064 0.01)
(0.024 0.064 0.01)
(0.026 0.064 0.01)
(0.028 0.064 0.01)
(0.03 0.064 0.01)
(0.032 0.064 0.01)
(0.034 0.064 0.01)
(0.036 0.064 0.01)
(0.038 0.064 0.01)
(0.04 0.064 0.01)
(0.042 0.064 0.01)
(0.044 0.064 0.01)
(0.046 0.064 0.01)
(0.048 0.064 0.01)
(0.05 0.064 0.01)
(0 0.066 0.01)
(0.002 0.066 0.01)
(0.004 0.066 0.01)
(0.006 0.066 0.01)
(0.008 0.066 0.01)
(0.01 0.066 0.01)
(0.012 0.066 0.01)
(0.014 0.066 0.01)
(0.016 0.066 0.01)
(0.018 0.066 0.01)
(0.02 0.066 0.01)
(0.022 0.066 0.01)
(0.024 0.066 0.01)
(0.026 0.066 0.01)
(0.028 0.066 0.01)
(0.03 0.066 0.01)
(0.032 0.066 0.01)
(0.034 0.066 0.01)
(0.036 0.066 0.01)
(0.038 0.066 0.01)
(0.04 0.066 0.01)
(0.042 0.066 0.01)
(0.044 0.066 0.01)
(0.046 0.066 0.01)
(0.048 0.066 0.01)
(0.05 0.066 0.01)
(0 0.068 0.01)
(0.002 0.068 0.01)
(0.004 0.068 0.01)
(0.006 0.068 0.01)
(0.008 0.068 0.01)
(0.01 0.068 0.01)
(0.012 0.068 0.01)
(0.014 0.068 0.01)
(0.016 0.068 0.01)
(0.018 0.068 0.01)
(0.02 0.068 0.01)
(0.022 0.068 0.01)
(0.024 0.068 0.01)
(0.026 0.068 0.01)
(0.028 0.068 0.01)
(0.03 0.068 0.01)
(0.032 0.068 0.01)
(0.034 0.068 0.01)
(0.036 0.068 0.01)
(0.038 0.068 0.01)
(0.04 0.068 0.01)
(0.042 0.068 0.01)
(0.044 0.068 0.01)
(0.046 0.068 0.01)
(0.048 0.068 0.01)
(0.05 0.068 0.01)
(0 0.07 0.01)
(0.002 0.07 0.01)
(0.004 0.07 0.01)
(0.006 0.07 0.01)
(0.008 0.07 0.01)
(0.01 0.07 0.01)
(0.012 0.07 0.01)
(0.014 0.07 0.01)
(0.016 0.07 0.01)
(0.018 0.07 0.01)
(0.02 0.07 0.01)
(0.022 0.07 0.01)
(0.024 0.07 0.01)
(0.026 0.07 0.01)
(0.028 0.07 0.01)
(0.03 0.07 0.01)
(0.032 0.07 0.01)
(0.034 0.07 0.01)
(0.036 0.07 0.01)
(0.038 0.07 0.01)
(0.04 0.07 0.01)
(0.042 0.07 0.01)
(0.044 0.07 0.01)
(0.046 0.07 0.01)
(0.048 0.07 0.01)
(0.05 0.07 0.01)
(0 0.072 0.01)
(0.002 0.072 0.01)
(0.004 0.072 0.01)
(0.006 0.072 0.01)
(0.008 0.072 0.01)
(0.01 0.072 0.01)
(0.012 0.072 0.01)
(0.014 0.072 0.01)
(0.016 0.072 0.01)
(0.018 0.072 0.01)
(0.02 0.072 0.01)
(0.022 0.072 0.01)
(0.024 0.072 0.01)
(0.026 0.072 0.01)
(0.028 0.072 0.01)
(0.03 0.072 0.01)
(0.032 0.072 0.01)
(0.034 0.072 0.01)
(0.036 0.072 0.01)
(0.038 0.072 0.01)
(0.04 0.072 0.01)
(0.042 0.072 0.01)
(0.044 0.072 0.01)
(0.046 0.072 0.01)
(0.048 0.072 0.01)
(0.05 0.072 0.01)
(0 0.074 0.01)
(0.002 0.074 0.01)
(0.004 0.074 0.01)
(0.006 0.074 0.01)
(0.008 0.074 0.01)
(0.01 0.074 0.01)
(0.012 0.074 0.01)
(0.014 0.074 0.01)
(0.016 0.074 0.01)
(0.018 0.074 0.01)
(0.02 0.074 0.01)
(0.022 0.074 0.01)
(0.024 0.074 0.01)
(0.026 0.074 0.01)
(0.028 0.074 0.01)
(0.03 0.074 0.01)
(0.032 0.074 0.01)
(0.034 0.074 0.01)
(0.036 0.074 0.01)
(0.038 0.074 0.01)
(0.04 0.074 0.01)
(0.042 0.074 0.01)
(0.044 0.074 0.01)
(0.046 0.074 0.01)
(0.048 0.074 0.01)
(0.05 0.074 0.01)
(0 0.076 0.01)
(0.002 0.076 0.01)
(0.004 0.076 0.01)
(0.006 0.076 0.01)
(0.008 0.076 0.01)
(0.01 0.076 0.01)
(0.012 0.076 0.01)
(0.014 0.076 0.01)
(0.016 0.076 0.01)
(0.018 0.076 0.01)
(0.02 0.076 0.01)
(0.022 0.076 0.01)
(0.024 0.076 0.01)
(0.026 0.076 0.01)
(0.028 0.076 0.01)
(0.03 0.076 0.01)
(0.032 0.076 0.01)
(0.034 0.076 0.01)
(0.036 0.076 0.01)
(0.038 0.076 0.01)
(0.04 0.076 0.01)
(0.042 0.076 0.01)
(0.044 0.076 0.01)
(0.046 0.076 0.01)
(0.048 0.076 0.01)
(0.05 0.076 0.01)
(0 0.078 0.01)
(0.002 0.078 0.01)
(0.004 0.078 0.01)
(0.006 0.078 0.01)
(0.008 0.078 0.01)
(0.01 0.078 0.01)
(0.012 0.078 0.01)
(0.014 0.078 0.01)
(0.016 0.078 0.01)
(0.018 0.078 0.01)
(0.02 0.078 0.01)
(0.022 0.078 0.01)
(0.024 0.078 0.01)
(0.026 0.078 0.01)
(0.028 0.078 0.01)
(0.03 0.078 0.01)
(0.032 0.078 0.01)
(0.034 0.078 0.01)
(0.036 0.078 0.01)
(0.038 0.078 0.01)
(0.04 0.078 0.01)
(0.042 0.078 0.01)
(0.044 0.078 0.01)
(0.046 0.078 0.01)
(0.048 0.078 0.01)
(0.05 0.078 0.01)
(0 0.08 0.01)
(0.002 0.08 0.01)
(0.004 0.08 0.01)
(0.006 0.08 0.01)
(0.008 0.08 0.01)
(0.01 0.08 0.01)
(0.012 0.08 0.01)
(0.014 0.08 0.01)
(0.016 0.08 0.01)
(0.018 0.08 0.01)
(0.02 0.08 0.01)
(0.022 0.08 0.01)
(0.024 0.08 0.01)
(0.026 0.08 0.01)
(0.028 0.08 0.01)
(0.03 0.08 0.01)
(0.032 0.08 0.01)
(0.034 0.08 0.01)
(0.036 0.08 0.01)
(0.038 0.08 0.01)
(0.04 0.08 0.01)
(0.042 0.08 0.01)
(0.044 0.08 0.01)
(0.046 0.08 0.01)
(0.048 0.08 0.01)
(0.05 0.08 0.01)
(0 0.082 0.01)
(0.002 0.082 0.01)
(0.004 0.082 0.01)
(0.006 0.082 0.01)
(0.008 0.082 0.01)
(0.01 0.082 0.01)
(0.012 0.082 0.01)
(0.014 0.082 0.01)
(0.016 0.082 0.01)
(0.018 0.082 0.01)
(0.02 0.082 0.01)
(0.022 0.082 0.01)
(0.024 0.082 0.01)
(0.026 0.082 0.01)
(0.028 0.082 0.01)
(0.03 0.082 0.01)
(0.032 0.082 0.01)
(0.034 0.082 0.01)
(0.036 0.082 0.01)
(0.038 0.082 0.01)
(0.04 0.082 0.01)
(0.042 0.082 0.01)
(0.044 0.082 0.01)
(0.046 0.082 0.01)
(0.048 0.082 0.01)
(0.05 0.082 0.01)
(0 0.084 0.01)
(0.002 0.084 0.01)
(0.004 0.084 0.01)
(0.006 0.084 0.01)
(0.008 0.084 0.01)
(0.01 0.084 0.01)
(0.012 0.084 0.01)
(0.014 0.084 0.01)
(0.016 0.084 0.01)
(0.018 0.084 0.01)
(0.02 0.084 0.01)
(0.022 0.084 0.01)
(0.024 0.084 0.01)
(0.026 0.084 0.01)
(0.028 0.084 0.01)
(0.03 0.084 0.01)
(0.032 0.084 0.01)
(0.034 0.084 0.01)
(0.036 0.084 0.01)
(0.038 0.084 0.01)
(0.04 0.084 0.01)
(0.042 0.084 0.01)
(0.044 0.084 0.01)
(0.046 0.084 0.01)
(0.048 0.084 0.01)
(0.05 0.084 0.01)
(0 0.086 0.01)
(0.002 0.086 0.01)
(0.004 0.086 0.01)
(0.006 0.086 0.01)
(0.008 0.086 0.01)
(0.01 0.086 0.01)
(0.012 0.086 0.01)
(0.014 0.086 0.01)
(0.016 0.086 0.01)
(0.018 0.086 0.01)
(0.02 0.086 0.01)
(0.022 0.086 0.01)
(0.024 0.086 0.01)
(0.026 0.086 0.01)
(0.028 0.086 0.01)
(0.03 0.086 0.01)
(0.032 0.086 0.01)
(0.034 0.086 0.01)
(0.036 0.086 0.01)
(0.038 0.086 0.01)
(0.04 0.086 0.01)
(0.042 0.086 0.01)
(0.044 0.086 0.01)
(0.046 0.086 0.01)
(0.048 0.086 0.01)
(0.05 0.086 0.01)
(0 0.088 0.01)
(0.002 0.088 0.01)
(0.004 0.088 0.01)
(0.006 0.088 0.01)
(0.008 0.088 0.01)
(0.01 0.088 0.01)
(0.012 0.088 0.01)
(0.014 0.088 0.01)
(0.016 0.088 0.01)
(0.018 0.088 0.01)
(0.02 0.088 0.01)
(0.022 0.088 0.01)
(0.024 0.088 0.01)
(0.026 0.088 0.01)
(0.028 0.088 0.01)
(0.03 0.088 0.01)
(0.032 0.088 0.01)
(0.034 0.088 0.01)
(0.036 0.088 0.01)
(0.038 0.088 0.01)
(0.04 0.088 0.01)
(0.042 0.088 0.01)
(0.044 0.088 0.01)
(0.046 0.088 0.01)
(0.048 0.088 0.01)
(0.05 0.088 0.01)
(0 0.09 0.01)
(0.002 0.09 0.01)
(0.004 0.09 0.01)
(0.006 0.09 0.01)
(0.008 0.09 0.01)
(0.01 0.09 0.01)
(0.012 0.09 0.01)
(0.014 0.09 0.01)
(0.016 0.09 0.01)
(0.018 0.09 0.01)
(0.02 0.09 0.01)
(0.022 0.09 0.01)
(0.024 0.09 0.01)
(0.026 0.09 0.01)
(0.028 0.09 0.01)
(0.03 0.09 0.01)
(0.032 0.09 0.01)
(0.034 0.09 0.01)
(0.036 0.09 0.01)
(0.038 0.09 0.01)
(0.04 0.09 0.01)
(0.042 0.09 0.01)
(0.044 0.09 0.01)
(0.046 0.09 0.01)
(0.048 0.09 0.01)
(0.05 0.09 0.01)
(0 0.092 0.01)
(0.002 0.092 0.01)
(0.004 0.092 0.01)
(0.006 0.092 0.01)
(0.008 0.092 0.01)
(0.01 0.092 0.01)
(0.012 0.092 0.01)
(0.014 0.092 0.01)
(0.016 0.092 0.01)
(0.018 0.092 0.01)
(0.02 0.092 0.01)
(0.022 0.092 0.01)
(0.024 0.092 0.01)
(0.026 0.092 0.01)
(0.028 0.092 0.01)
(0.03 0.092 0.01)
(0.032 0.092 0.01)
(0.034 0.092 0.01)
(0.036 0.092 0.01)
(0.038 0.092 0.01)
(0.04 0.092 0.01)
(0.042 0.092 0.01)
(0.044 0.092 0.01)
(0.046 0.092 0.01)
(0.048 0.092 0.01)
(0.05 0.092 0.01)
(0 0.094 0.01)
(0.002 0.094 0.01)
(0.004 0.094 0.01)
(0.006 0.094 0.01)
(0.008 0.094 0.01)
(0.01 0.094 0.01)
(0.012 0.094 0.01)
(0.014 0.094 0.01)
(0.016 0.094 0.01)
(0.018 0.094 0.01)
(0.02 0.094 0.01)
(0.022 0.094 0.01)
(0.024 0.094 0.01)
(0.026 0.094 0.01)
(0.028 0.094 0.01)
(0.03 0.094 0.01)
(0.032 0.094 0.01)
(0.034 0.094 0.01)
(0.036 0.094 0.01)
(0.038 0.094 0.01)
(0.04 0.094 0.01)
(0.042 0.094 0.01)
(0.044 0.094 0.01)
(0.046 0.094 0.01)
(0.048 0.094 0.01)
(0.05 0.094 0.01)
(0 0.096 0.01)
(0.002 0.096 0.01)
(0.004 0.096 0.01)
(0.006 0.096 0.01)
(0.008 0.096 0.01)
(0.01 0.096 0.01)
(0.012 0.096 0.01)
(0.014 0.096 0.01)
(0.016 0.096 0.01)
(0.018 0.096 0.01)
(0.02 0.096 0.01)
(0.022 0.096 0.01)
(0.024 0.096 0.01)
(0.026 0.096 0.01)
(0.028 0.096 0.01)
(0.03 0.096 0.01)
(0.032 0.096 0.01)
(0.034 0.096 0.01)
(0.036 0.096 0.01)
(0.038 0.096 0.01)
(0.04 0.096 0.01)
(0.042 0.096 0.01)
(0.044 0.096 0.01)
(0.046 0.096 0.01)
(0.048 0.096 0.01)
(0.05 0.096 0.01)
(0 0.098 0.01)
(0.002 0.098 0.01)
(0.004 0.098 0.01)
(0.006 0.098 0.01)
(0.008 0.098 0.01)
(0.01 0.098 0.01)
(0.012 0.098 0.01)
(0.014 0.098 0.01)
(0.016 0.098 0.01)
(0.018 0.098 0.01)
(0.02 0.098 0.01)
(0.022 0.098 0.01)
(0.024 0.098 0.01)
(0.026 0.098 0.01)
(0.028 0.098 0.01)
(0.03 0.098 0.01)
(0.032 0.098 0.01)
(0.034 0.098 0.01)
(0.036 0.098 0.01)
(0.038 0.098 0.01)
(0.04 0.098 0.01)
(0.042 0.098 0.01)
(0.044 0.098 0.01)
(0.046 0.098 0.01)
(0.048 0.098 0.01)
(0.05 0.098 0.01)
(0 0.1 0.01)
(0.002 0.1 0.01)
(0.004 0.1 0.01)
(0.006 0.1 0.01)
(0.008 0.1 0.01)
(0.01 0.1 0.01)
(0.012 0.1 0.01)
(0.014 0.1 0.01)
(0.016 0.1 0.01)
(0.018 0.1 0.01)
(0.02 0.1 0.01)
(0.022 0.1 0.01)
(0.024 0.1 0.01)
(0.026 0.1 0.01)
(0.028 0.1 0.01)
(0.03 0.1 0.01)
(0.032 0.1 0.01)
(0.034 0.1 0.01)
(0.036 0.1 0.01)
(0.038 0.1 0.01)
(0.04 0.1 0.01)
(0.042 0.1 0.01)
(0.044 0.1 0.01)
(0.046 0.1 0.01)
(0.048 0.1 0.01)
(0.05 0.1 0.01)
)


// ************************************************************************* //
