/*--------------------------------*- C++ -*----------------------------------*\
| =========                 |                                                 |
| \\      /  F ield         | OpenFOAM: The Open Source CFD Toolbox           |
|  \\    /   O peration     | Version:  v2012                                 |
|   \\  /    A nd           | Website:  www.openfoam.com                      |
|    \\/     M anipulation  |                                                 |
\*---------------------------------------------------------------------------*/
FoamFile
{
    version     2.0;
    format      ascii;
    class       surfaceScalarField;
    location    "0.05";
    object      phi;
}
// * * * * * * * * * * * * * * * * * * * * * * * * * * * * * * * * * * * * * //

dimensions      [0 3 -1 0 0 0 0];
oriented        oriented;


internalField   nonuniform List<scalar> 
4900
(
1.04436e-09
-1.04427e-09
2.09271e-09
-1.04841e-09
2.09001e-09
2.65341e-12
6.7241e-10
1.41768e-09
-2.22226e-09
2.89472e-09
-6.50653e-09
4.28429e-09
-1.20231e-08
5.51658e-09
-1.85838e-08
6.56067e-09
-2.59894e-08
7.40562e-09
-3.40403e-08
8.05086e-09
-4.25418e-08
8.50156e-09
-5.13079e-08
8.76605e-09
-6.01626e-08
8.85468e-09
-6.89416e-08
8.77892e-09
-7.74924e-08
8.55083e-09
-8.56752e-08
8.18276e-09
-9.33623e-08
7.6872e-09
-1.00439e-07
7.0767e-09
-1.06803e-07
6.36378e-09
-1.12364e-07
5.56086e-09
-1.17044e-07
4.68031e-09
-1.20779e-07
3.73448e-09
-1.23514e-07
2.73564e-09
-1.2521e-07
1.69604e-09
-1.25839e-07
6.28501e-10
-1.25386e-07
-4.52977e-10
-1.23853e-07
-1.53304e-09
-1.21256e-07
-2.59705e-09
-1.17625e-07
-3.63061e-09
-1.13006e-07
-4.61922e-09
-1.07458e-07
-5.54773e-09
-1.01058e-07
-6.40041e-09
-9.38964e-08
-7.16132e-09
-8.60818e-08
-7.81454e-09
-7.77376e-08
-8.34431e-09
-6.90023e-08
-8.73524e-09
-6.00297e-08
-8.9727e-09
-5.09866e-08
-9.04309e-09
-4.20524e-08
-8.93414e-09
-3.3417e-08
-8.63542e-09
-2.52781e-08
-8.13886e-09
-1.78385e-08
-7.43966e-09
-1.1301e-08
-6.53745e-09
-5.86246e-09
-5.43861e-09
-1.70167e-09
-4.16081e-09
1.04064e-09
-2.74233e-09
2.30107e-09
-1.26044e-09
2.16738e-09
1.33685e-10
1.04589e-09
1.12144e-09
1.04587e-09
1.05768e-09
-2.10192e-09
1.09622e-09
-1.08695e-09
-1.41423e-09
2.51296e-09
-7.16778e-09
7.17107e-09
-1.6358e-08
1.20849e-08
-2.88699e-08
1.67961e-08
-4.44006e-08
2.10473e-08
-6.25415e-08
2.47016e-08
-8.28291e-08
2.76932e-08
-1.04777e-07
2.99984e-08
-1.27895e-07
3.16193e-08
-1.51703e-07
3.25744e-08
-1.75741e-07
3.28926e-08
-1.99572e-07
3.26096e-08
-2.22786e-07
3.17654e-08
-2.45006e-07
3.04025e-08
-2.65884e-07
2.85653e-08
-2.85106e-07
2.6299e-08
-3.02392e-07
2.36494e-08
-3.17494e-07
2.06627e-08
-3.30199e-07
1.73851e-08
-3.40327e-07
1.38633e-08
-3.47736e-07
1.0144e-08
-3.52314e-07
6.27452e-09
-3.5399e-07
2.30405e-09
-3.52728e-07
-1.71506e-09
-3.48533e-07
-5.72791e-09
-3.4145e-07
-9.67975e-09
-3.31565e-07
-1.35161e-08
-3.19002e-07
-1.71819e-08
-3.03929e-07
-2.06206e-08
-2.86555e-07
-2.37744e-08
-2.67131e-07
-2.65851e-08
-2.45951e-07
-2.89946e-08
-2.2335e-07
-3.09463e-08
-1.99699e-07
-3.23854e-08
-1.75411e-07
-3.32607e-08
-1.50929e-07
-3.35255e-08
-1.26724e-07
-3.31395e-08
-1.03288e-07
-3.20706e-08
-8.11294e-08
-3.02979e-08
-6.07545e-08
-2.78147e-08
-4.26572e-08
-2.46348e-08
-2.72948e-08
-2.08011e-08
-1.50547e-08
-1.6401e-08
-6.20376e-09
-1.15932e-08
-8.08164e-10
-6.65601e-09
1.38878e-09
-2.06327e-09
1.13307e-09
1.37715e-09
2.17892e-09
5.32209e-11
-2.15522e-09
-2.40836e-09
1.37479e-09
-8.8331e-09
8.93772e-09
-1.99301e-08
1.82681e-08
-3.59045e-08
2.80592e-08
-5.66015e-08
3.74931e-08
-8.16215e-08
4.60672e-08
-1.10408e-07
5.34885e-08
-1.42313e-07
5.95982e-08
-1.76639e-07
6.43243e-08
-2.12672e-07
6.76517e-08
-2.497e-07
6.96032e-08
-2.87036e-07
7.02277e-08
-3.24017e-07
6.9591e-08
-3.60022e-07
6.77707e-08
-3.94472e-07
6.48523e-08
-4.26833e-07
6.09264e-08
-4.56621e-07
5.60868e-08
-4.83401e-07
5.04298e-08
-5.06792e-07
4.40529e-08
-5.26461e-07
3.70549e-08
-5.42134e-07
2.95358e-08
-5.53587e-07
2.15966e-08
-5.60652e-07
1.33399e-08
-5.6322e-07
4.87171e-09
-5.61238e-07
-3.69659e-09
-5.54716e-07
-1.22494e-08
-5.43726e-07
-2.06704e-08
-5.28399e-07
-2.88429e-08
-5.08932e-07
-3.66488e-08
-4.85585e-07
-4.39676e-08
-4.58682e-07
-5.06771e-08
-4.28613e-07
-5.66549e-08
-3.95827e-07
-6.17798e-08
-3.6084e-07
-6.5934e-08
-3.2422e-07
-6.90048e-08
-2.86593e-07
-7.08878e-08
-2.48629e-07
-7.14899e-08
-2.11035e-07
-7.07328e-08
-1.74548e-07
-6.85579e-08
-1.39914e-07
-6.4932e-08
-1.07873e-07
-5.9856e-08
-7.91315e-08
-5.3376e-08
-5.43313e-08
-4.56013e-08
-3.40008e-08
-3.67315e-08
-1.84927e-08
-2.71014e-08
-7.89703e-09
-1.72517e-08
-1.93143e-09
-8.02887e-09
1.93371e-10
-7.47673e-10
2.37228e-09
-1.31725e-09
-8.3804e-10
-6.98759e-09
7.04516e-09
-1.8087e-08
2.00371e-08
-3.51462e-08
3.53273e-08
-5.82613e-08
5.11743e-08
-8.71848e-08
6.64166e-08
-1.21414e-07
8.02966e-08
-1.60269e-07
9.23438e-08
-2.02956e-07
1.02285e-07
-2.48612e-07
1.09981e-07
-2.96347e-07
1.15387e-07
-3.45268e-07
1.18524e-07
-3.94498e-07
1.19458e-07
-4.43195e-07
1.18288e-07
-4.90561e-07
1.15136e-07
-5.35847e-07
1.10138e-07
-5.78363e-07
1.03443e-07
-6.17481e-07
9.52047e-08
-6.52636e-07
8.55844e-08
-6.83329e-07
7.47459e-08
-7.0913e-07
6.28562e-08
-7.29679e-07
5.00848e-08
-7.44686e-07
3.66038e-08
-7.53935e-07
2.25888e-08
-7.57284e-07
8.22029e-09
-7.54667e-07
-6.31332e-09
-7.46098e-07
-2.08184e-08
-7.3167e-07
-3.50981e-08
-7.11558e-07
-4.89549e-08
-6.86019e-07
-6.21884e-08
-6.55391e-07
-7.45951e-08
-6.20098e-07
-8.597e-08
-5.80645e-07
-9.6108e-08
-5.37618e-07
-1.04808e-07
-4.91678e-07
-1.11873e-07
-4.43563e-07
-1.1712e-07
-3.94072e-07
-1.20378e-07
-3.44064e-07
-1.21498e-07
-2.94441e-07
-1.20357e-07
-2.46131e-07
-1.16867e-07
-2.00076e-07
-1.10988e-07
-1.57197e-07
-1.02735e-07
-1.1837e-07
-9.22027e-08
-8.43834e-08
-7.9588e-08
-5.58866e-08
-6.52283e-08
-3.33289e-08
-4.96591e-08
-1.68828e-08
-3.36977e-08
-6.36074e-09
-1.8551e-08
-1.12949e-09
-5.97894e-09
1.24281e-09
-2.77473e-09
1.93665e-09
-1.19447e-08
1.62151e-08
-2.80918e-08
3.61842e-08
-5.14506e-08
5.86861e-08
-8.19196e-08
8.16433e-08
-1.19104e-07
1.03601e-07
-1.62375e-07
1.23567e-07
-2.10926e-07
1.40895e-07
-2.63832e-07
1.5519e-07
-3.20091e-07
1.6624e-07
-3.78666e-07
1.73962e-07
-4.38513e-07
1.7837e-07
-4.98602e-07
1.79547e-07
-5.5794e-07
1.77626e-07
-6.1558e-07
1.72777e-07
-6.70636e-07
1.65194e-07
-7.22284e-07
1.55091e-07
-7.69775e-07
1.42695e-07
-8.12432e-07
1.28242e-07
-8.4966e-07
1.11974e-07
-8.80944e-07
9.41398e-08
-9.05851e-07
7.49923e-08
-9.24037e-07
5.47891e-08
-9.35241e-07
3.37933e-08
-9.39296e-07
1.22752e-08
-9.36124e-07
-9.48522e-09
-9.25742e-07
-3.12001e-08
-9.08263e-07
-5.25774e-08
-8.83895e-07
-7.33223e-08
-8.52948e-07
-9.31361e-08
-8.15827e-07
-1.11716e-07
-7.73037e-07
-1.28759e-07
-7.25183e-07
-1.43963e-07
-6.72961e-07
-1.57029e-07
-6.17161e-07
-1.67673e-07
-5.58657e-07
-1.75625e-07
-4.98397e-07
-1.80639e-07
-4.37393e-07
-1.82501e-07
-3.7671e-07
-1.8104e-07
-3.17438e-07
-1.76139e-07
-2.60676e-07
-1.67749e-07
-2.07503e-07
-1.55908e-07
-1.58938e-07
-1.40768e-07
-1.15904e-07
-1.22622e-07
-7.9176e-08
-1.01956e-07
-4.93265e-08
-7.95086e-08
-2.66673e-08
-5.6357e-08
-1.11938e-08
-3.40245e-08
-2.54647e-09
-1.46263e-08
-1.30366e-09
-4.20459e-09
6.14127e-09
-1.69313e-08
2.89418e-08
-3.82525e-08
5.75054e-08
-6.80501e-08
8.84837e-08
-1.05968e-07
1.19562e-07
-1.51421e-07
1.49054e-07
-2.03622e-07
1.75768e-07
-2.61628e-07
1.98901e-07
-3.24381e-07
2.17943e-07
-3.9075e-07
2.32609e-07
-4.59566e-07
2.42779e-07
-5.29655e-07
2.48459e-07
-5.99857e-07
2.49749e-07
-6.6905e-07
2.46819e-07
-7.36163e-07
2.3989e-07
-8.00192e-07
2.29222e-07
-8.60202e-07
2.15102e-07
-9.15341e-07
1.97834e-07
-9.6484e-07
1.77741e-07
-1.00802e-06
1.55154e-07
-1.04429e-06
1.30413e-07
-1.07317e-06
1.03868e-07
-1.09425e-06
7.58727e-08
-1.10725e-06
4.67901e-08
-1.11197e-06
1.69932e-08
-1.10832e-06
-1.3134e-08
-1.09632e-06
-4.31966e-08
-1.07611e-06
-7.27941e-08
-1.04791e-06
-1.01521e-07
-1.01208e-06
-1.28967e-07
-9.69075e-07
-1.54717e-07
-9.19479e-07
-1.78356e-07
-8.63972e-07
-1.99469e-07
-8.03347e-07
-2.17654e-07
-7.38498e-07
-2.32522e-07
-6.70415e-07
-2.43708e-07
-6.00171e-07
-2.50882e-07
-5.28913e-07
-2.53759e-07
-4.57838e-07
-2.52115e-07
-3.88181e-07
-2.45797e-07
-3.2118e-07
-2.3475e-07
-2.58052e-07
-2.19036e-07
-1.99956e-07
-1.98864e-07
-1.4795e-07
-1.74628e-07
-1.0295e-07
-1.46956e-07
-6.56834e-08
-1.16775e-07
-3.66466e-08
-8.53938e-08
-1.60757e-08
-5.45954e-08
-3.94178e-09
-2.67601e-08
-5.24544e-09
-5.56652e-09
1.17078e-08
-2.17914e-08
4.51667e-08
-4.82726e-08
8.39867e-08
-8.45247e-08
1.24736e-07
-1.29907e-07
1.64944e-07
-1.83609e-07
2.02756e-07
-2.44663e-07
2.36822e-07
-3.1197e-07
2.66207e-07
-3.84331e-07
2.90305e-07
-4.60488e-07
3.08765e-07
-5.39146e-07
3.21437e-07
-6.1901e-07
3.28323e-07
-6.98805e-07
3.29544e-07
-7.77297e-07
3.25311e-07
-8.53309e-07
3.15903e-07
-9.25734e-07
3.01647e-07
-9.93544e-07
2.82912e-07
-1.0558e-06
2.60089e-07
-1.11165e-06
2.33594e-07
-1.16035e-06
2.03855e-07
-1.20126e-06
1.71316e-07
-1.23382e-06
1.36429e-07
-1.2576e-06
9.96564e-08
-1.27228e-06
6.14713e-08
-1.27765e-06
2.23588e-08
-1.2736e-06
-1.71818e-08
-1.26016e-06
-5.66387e-08
-1.23746e-06
-9.54914e-08
-1.20577e-06
-1.33213e-07
-1.16547e-06
-1.6927e-07
-1.11706e-06
-2.03124e-07
-1.06118e-06
-2.34235e-07
-9.98581e-07
-2.62068e-07
-9.30134e-07
-2.86102e-07
-8.56822e-07
-3.05834e-07
-7.79734e-07
-3.20796e-07
-7.00051e-07
-3.30564e-07
-6.19035e-07
-3.34775e-07
-5.38007e-07
-3.33143e-07
-4.58327e-07
-3.25477e-07
-3.81366e-07
-3.11711e-07
-3.08476e-07
-2.91926e-07
-2.40955e-07
-2.66385e-07
-1.80009e-07
-2.35574e-07
-1.26715e-07
-2.00251e-07
-8.19814e-08
-1.61509e-07
-4.6523e-08
-1.20852e-07
-2.08477e-08
-8.02707e-08
-5.27317e-09
-4.23347e-08
-1.05186e-08
-6.85461e-09
1.85625e-08
-2.64761e-08
6.47882e-08
-5.80387e-08
1.15549e-07
-1.00697e-07
1.67394e-07
-1.53514e-07
2.17761e-07
-2.15435e-07
2.64677e-07
-2.85289e-07
3.06676e-07
-3.61804e-07
3.42722e-07
-4.43633e-07
3.72134e-07
-5.29379e-07
3.94511e-07
-6.17626e-07
4.09684e-07
-7.06963e-07
4.1766e-07
-7.96007e-07
4.18588e-07
-8.83422e-07
4.12726e-07
-9.67937e-07
4.00418e-07
-1.04836e-06
3.82066e-07
-1.12357e-06
3.58125e-07
-1.19256e-06
3.29083e-07
-1.25442e-06
2.95454e-07
-1.30834e-06
2.57774e-07
-1.35362e-06
2.16595e-07
-1.38967e-06
1.7248e-07
-1.41603e-06
1.2601e-07
-1.43233e-06
7.7775e-08
-1.43835e-06
2.83809e-08
-1.43399e-06
-2.15494e-08
-1.41925e-06
-7.13784e-08
-1.39428e-06
-1.20457e-07
-1.35937e-06
-1.68128e-07
-1.31491e-06
-2.13724e-07
-1.26146e-06
-2.56574e-07
-1.19969e-06
-2.96004e-07
-1.13041e-06
-3.31348e-07
-1.05456e-06
-3.61954e-07
-9.73194e-07
-3.872e-07
-8.8749e-07
-4.065e-07
-7.98725e-07
-4.1933e-07
-7.08264e-07
-4.25236e-07
-6.17542e-07
-4.23865e-07
-5.28039e-07
-4.14979e-07
-4.41258e-07
-3.98493e-07
-3.58686e-07
-3.74497e-07
-2.81772e-07
-3.43299e-07
-2.11882e-07
-3.05464e-07
-1.50272e-07
-2.61861e-07
-9.8056e-08
-2.13725e-07
-5.61887e-08
-1.62719e-07
-2.54626e-08
-1.10997e-07
-6.53456e-09
-6.12627e-08
-1.70531e-08
-8.07816e-09
2.66406e-08
-3.09922e-08
8.77023e-08
-6.75408e-08
1.52098e-07
-1.16537e-07
2.16391e-07
-1.76747e-07
2.7797e-07
-2.46858e-07
3.34789e-07
-3.25484e-07
3.85301e-07
-4.11164e-07
4.28403e-07
-5.0239e-07
4.63359e-07
-5.97622e-07
4.89743e-07
-6.95316e-07
5.07378e-07
-7.93947e-07
5.1629e-07
-8.92027e-07
5.16668e-07
-9.88127e-07
5.08826e-07
-1.08089e-06
4.93178e-07
-1.16903e-06
4.70212e-07
-1.25138e-06
4.40477e-07
-1.32686e-06
4.04562e-07
-1.3945e-06
3.63089e-07
-1.45343e-06
3.16706e-07
-1.50292e-06
2.66081e-07
-1.54233e-06
2.11899e-07
-1.57118e-06
1.54859e-07
-1.58909e-06
9.56784e-08
-1.59579e-06
3.50899e-08
-1.59119e-06
-2.6154e-08
-1.57529e-06
-8.72826e-08
-1.54823e-06
-1.47512e-07
-1.51031e-06
-2.06045e-07
-1.46196e-06
-2.62076e-07
-1.40375e-06
-3.14789e-07
-1.33638e-06
-3.6337e-07
-1.26072e-06
-4.07011e-07
-1.17775e-06
-4.44921e-07
-1.08861e-06
-4.76345e-07
-9.94533e-07
-5.00573e-07
-8.96897e-07
-5.16966e-07
-7.97162e-07
-5.24972e-07
-6.9687e-07
-5.24157e-07
-5.97623e-07
-5.14227e-07
-5.01053e-07
-4.95063e-07
-4.08795e-07
-4.66755e-07
-3.22454e-07
-4.2964e-07
-2.43575e-07
-3.84342e-07
-1.73611e-07
-3.31825e-07
-1.13899e-07
-2.73437e-07
-6.56457e-08
-2.10972e-07
-2.99321e-08
-1.4671e-07
-7.73645e-09
-8.34584e-08
-2.47895e-08
-9.25225e-09
3.58929e-08
-3.53726e-08
1.13823e-07
-7.68247e-08
1.9355e-07
-1.321e-07
2.71666e-07
-1.99669e-07
3.45539e-07
-2.7796e-07
4.13081e-07
-3.65357e-07
4.72698e-07
-4.60201e-07
5.23247e-07
-5.6081e-07
5.63968e-07
-6.65494e-07
5.94427e-07
-7.72576e-07
6.1446e-07
-8.80414e-07
6.24128e-07
-9.87417e-07
6.23672e-07
-1.09206e-06
6.13473e-07
-1.19292e-06
5.94028e-07
-1.28862e-06
5.65921e-07
-1.37795e-06
5.29799e-07
-1.45975e-06
4.86362e-07
-1.53301e-06
4.36348e-07
-1.59682e-06
3.80523e-07
-1.65042e-06
3.19676e-07
-1.69314e-06
2.54616e-07
-1.72445e-06
1.86173e-07
-1.74396e-06
1.1519e-07
-1.7514e-06
4.25342e-08
-1.74665e-06
-3.09074e-08
-1.72971e-06
-1.04226e-07
-1.70072e-06
-1.76498e-07
-1.65999e-06
-2.4678e-07
-1.60794e-06
-3.1412e-07
-1.54518e-06
-3.77554e-07
-1.47243e-06
-4.36114e-07
-1.3906e-06
-4.88844e-07
-1.30072e-06
-5.34804e-07
-1.20397e-06
-5.73094e-07
-1.10167e-06
-6.0287e-07
-9.95271e-07
-6.23365e-07
-8.86326e-07
-6.33917e-07
-7.76487e-07
-6.33996e-07
-6.67477e-07
-6.23237e-07
-5.61066e-07
-6.01474e-07
-4.59043e-07
-5.68778e-07
-3.63186e-07
-5.25497e-07
-2.7523e-07
-4.72299e-07
-1.96841e-07
-4.10214e-07
-1.29594e-07
-3.40684e-07
-7.49571e-08
-2.65609e-07
-3.42973e-08
-1.8737e-07
-8.89612e-09
-1.0886e-07
-3.36857e-08
-1.03936e-08
4.62865e-08
-3.9662e-08
1.43091e-07
-8.59635e-08
2.39852e-07
-1.47484e-07
3.33186e-07
-2.22405e-07
4.2046e-07
-3.08892e-07
4.99568e-07
-4.05092e-07
5.68898e-07
-5.09137e-07
6.27293e-07
-6.19162e-07
6.73993e-07
-7.33317e-07
7.08582e-07
-8.49789e-07
7.30931e-07
-9.66813e-07
7.41153e-07
-1.0827e-06
7.39556e-07
-1.19583e-06
7.26605e-07
-1.30469e-06
7.02891e-07
-1.40787e-06
6.69101e-07
-1.50407e-06
6.25995e-07
-1.5921e-06
5.74391e-07
-1.6709e-06
5.15146e-07
-1.73952e-06
4.49153e-07
-1.79718e-06
3.77327e-07
-1.84317e-06
3.00607e-07
-1.87695e-06
2.19953e-07
-1.8981e-06
1.36343e-07
-1.90635e-06
5.07787e-08
-1.90154e-06
-3.57147e-08
-1.88368e-06
-1.22088e-07
-1.85291e-06
-2.07269e-07
-1.80951e-06
-2.9017e-07
-1.75395e-06
-3.69684e-07
-1.68681e-06
-4.4469e-07
-1.60887e-06
-5.14064e-07
-1.52102e-06
-5.76688e-07
-1.42436e-06
-6.31466e-07
-1.32011e-06
-6.77342e-07
-1.20966e-06
-7.13322e-07
-1.09453e-06
-7.38499e-07
-9.7636e-07
-7.52083e-07
-8.5692e-07
-7.53435e-07
-7.38057e-07
-7.421e-07
-6.21686e-07
-7.17845e-07
-5.09759e-07
-6.80705e-07
-4.04238e-07
-6.31018e-07
-3.07067e-07
-5.6947e-07
-2.20138e-07
-4.97142e-07
-1.45276e-07
-4.15547e-07
-8.42178e-08
-3.26667e-07
-3.86132e-08
-2.32975e-07
-1.00331e-08
-1.3744e-07
-4.37187e-08
-1.15184e-08
5.78049e-08
-4.39085e-08
1.75481e-07
-9.50419e-08
2.90985e-07
-1.6281e-07
4.00954e-07
-2.45111e-07
5.02761e-07
-3.39843e-07
5.943e-07
-4.4491e-07
6.73965e-07
-5.58228e-07
7.4061e-07
-6.77738e-07
7.93504e-07
-8.01426e-07
8.3227e-07
-9.27332e-07
8.56837e-07
-1.05357e-06
8.67391e-07
-1.17834e-06
8.64326e-07
-1.29994e-06
8.48208e-07
-1.41679e-06
8.19735e-07
-1.5274e-06
7.7971e-07
-1.63042e-06
7.29016e-07
-1.72462e-06
6.68596e-07
-1.80891e-06
5.99437e-07
-1.88232e-06
5.22561e-07
-1.94401e-06
4.39017e-07
-1.99328e-06
3.49874e-07
-2.02955e-06
2.56227e-07
-2.0524e-06
1.5919e-07
-2.06152e-06
5.99017e-08
-2.05676e-06
-4.04729e-08
-2.03811e-06
-1.40741e-07
-2.00569e-06
-2.39684e-07
-1.9598e-06
-3.36061e-07
-1.90088e-06
-4.28607e-07
-1.82953e-06
-5.16041e-07
-1.74652e-06
-5.97074e-07
-1.65279e-06
-6.70418e-07
-1.54945e-06
-7.34809e-07
-1.43777e-06
-7.89024e-07
-1.31918e-06
-8.31903e-07
-1.1953e-06
-8.62384e-07
-1.06785e-06
-8.79533e-07
-9.38704e-07
-8.8258e-07
-8.09844e-07
-8.70959e-07
-6.83338e-07
-8.44352e-07
-5.61313e-07
-8.0273e-07
-4.45931e-07
-7.464e-07
-3.39354e-07
-6.76048e-07
-2.43718e-07
-5.92778e-07
-1.61108e-07
-4.98157e-07
-9.35374e-08
-3.94237e-07
-4.294e-08
-2.83572e-07
-1.1167e-08
-1.69213e-07
-5.48857e-08
-1.26418e-08
7.04468e-08
-4.81591e-08
2.10998e-07
-1.04146e-07
3.46972e-07
-1.78207e-07
4.75015e-07
-2.67954e-07
5.92508e-07
-3.71016e-07
6.97363e-07
-4.85048e-07
7.87997e-07
-6.07741e-07
8.63303e-07
-7.36837e-07
9.226e-07
-8.70146e-07
9.65579e-07
-1.00556e-06
9.9225e-07
-1.14106e-06
1.0029e-06
-1.27475e-06
9.98016e-07
-1.40484e-06
9.78295e-07
-1.52966e-06
9.44555e-07
-1.64768e-06
8.97729e-07
-1.7575e-06
8.38835e-07
-1.85785e-06
7.68949e-07
-1.94761e-06
6.89196e-07
-2.02578e-06
6.00733e-07
-2.09151e-06
5.04744e-07
-2.14407e-06
4.02435e-07
-2.18288e-06
2.95036e-07
-2.20749e-06
1.83796e-07
-2.21758e-06
6.99926e-08
-2.21298e-06
-4.50695e-08
-2.19367e-06
-1.60054e-07
-2.15976e-06
-2.73594e-07
-2.11152e-06
-3.84295e-07
-2.0494e-06
-4.90731e-07
-1.97399e-06
-5.91454e-07
-1.88606e-06
-6.85004e-07
-1.78656e-06
-7.69916e-07
-1.67662e-06
-8.44747e-07
-1.55756e-06
-9.0809e-07
-1.43085e-06
-9.58609e-07
-1.29817e-06
-9.95066e-07
-1.16134e-06
-1.01636e-06
-1.02235e-06
-1.02157e-06
-8.83313e-07
-1.01e-06
-7.46457e-07
-9.81208e-07
-6.14096e-07
-9.3509e-07
-4.88604e-07
-8.71892e-07
-3.72377e-07
-7.92274e-07
-2.6781e-07
-6.97345e-07
-1.77262e-07
-5.88705e-07
-1.03031e-07
-4.68468e-07
-4.73385e-08
-3.39264e-07
-1.23169e-08
-2.04234e-07
-6.72025e-08
-1.37776e-08
8.42244e-08
-5.24583e-08
2.49679e-07
-1.1336e-07
4.07874e-07
-1.93797e-07
5.55452e-07
-2.91096e-07
6.89806e-07
-4.0261e-07
8.08876e-07
-5.25736e-07
9.11123e-07
-6.57934e-07
9.955e-07
-7.96736e-07
1.0614e-06
-9.39774e-07
1.10862e-06
-1.08478e-06
1.13726e-06
-1.22962e-06
1.14773e-06
-1.37227e-06
1.14067e-06
-1.51086e-06
1.11688e-06
-1.64366e-06
1.07735e-06
-1.76907e-06
1.02314e-06
-1.88566e-06
9.55428e-07
-1.99214e-06
8.75425e-07
-2.08734e-06
7.84401e-07
-2.17027e-06
6.83655e-07
-2.24003e-06
5.74512e-07
-2.29591e-06
4.58314e-07
-2.3373e-06
3.36425e-07
-2.36374e-06
2.10233e-07
-2.3749e-06
8.1149e-08
-2.37058e-06
-4.93824e-08
-2.35075e-06
-1.79883e-07
-2.31551e-06
-3.08839e-07
-2.2651e-06
-4.347e-07
-2.19995e-06
-5.5588e-07
-2.12065e-06
-6.70759e-07
-2.02795e-06
-7.777e-07
-1.92281e-06
-8.75053e-07
-1.80638e-06
-9.61183e-07
-1.67998e-06
-1.03449e-06
-1.54516e-06
-1.09343e-06
-1.40363e-06
-1.13659e-06
-1.25733e-06
-1.16266e-06
-1.10834e-06
-1.17056e-06
-9.58918e-07
-1.15942e-06
-8.11466e-07
-1.12866e-06
-6.68494e-07
-1.07806e-06
-5.32598e-07
-1.00779e-06
-4.06429e-07
-9.18444e-07
-2.9265e-07
-8.11124e-07
-1.93912e-07
-6.87444e-07
-1.12811e-07
-5.49568e-07
-5.18679e-08
-4.00207e-07
-1.35005e-08
-2.42602e-07
-8.07031e-08
-1.49379e-08
9.91622e-08
-5.68464e-08
2.91587e-07
-1.22761e-07
4.73789e-07
-2.09699e-07
6.4239e-07
-3.14693e-07
7.948e-07
-4.34813e-07
9.28996e-07
-5.6719e-07
1.0435e-06
-7.0904e-07
1.13735e-06
-8.57684e-07
1.21005e-06
-1.01056e-06
1.2615e-06
-1.16525e-06
1.29195e-06
-1.31948e-06
1.30196e-06
-1.47112e-06
1.29231e-06
-1.61822e-06
1.26398e-06
-1.75898e-06
1.21811e-06
-1.89176e-06
1.15593e-06
-2.01509e-06
1.07876e-06
-2.12764e-06
9.87978e-07
-2.22825e-06
8.85011e-07
-2.3159e-06
7.713e-07
-2.3897e-06
6.48311e-07
-2.44891e-06
5.17523e-07
-2.49292e-06
3.80437e-07
-2.52126e-06
2.38572e-07
-2.53358e-06
9.34735e-08
-2.52968e-06
-5.32794e-08
-2.5095e-06
-2.0007e-07
-2.4731e-06
-3.45239e-07
-2.42072e-06
-4.87083e-07
-2.35274e-06
-6.23853e-07
-2.26974e-06
-7.53759e-07
-2.17247e-06
-8.74977e-07
-2.06185e-06
-9.85668e-07
-1.93904e-06
-1.08399e-06
-1.8054e-06
-1.16813e-06
-1.66249e-06
-1.23635e-06
-1.51209e-06
-1.28698e-06
-1.35622e-06
-1.31854e-06
-1.19708e-06
-1.3297e-06
-1.03707e-06
-1.31943e-06
-8.78759e-07
-1.28697e-06
-7.24873e-07
-1.23195e-06
-5.78245e-07
-1.15442e-06
-4.4179e-07
-1.0549e-06
-3.18466e-07
-9.34448e-07
-2.11227e-07
-7.94683e-07
-1.22988e-07
-6.37807e-07
-5.65846e-08
-4.66611e-07
-1.47347e-08
-2.84451e-07
-9.54378e-08
-1.61335e-08
1.15296e-07
-6.13601e-08
3.36814e-07
-1.32419e-07
5.44847e-07
-2.26019e-07
7.35991e-07
-3.38886e-07
9.07667e-07
-4.67794e-07
1.0579e-06
-6.09599e-07
1.18531e-06
-7.61265e-07
1.28902e-06
-9.19887e-07
1.36867e-06
-1.08271e-06
1.42432e-06
-1.24716e-06
1.4564e-06
-1.41082e-06
1.46562e-06
-1.57146e-06
1.45295e-06
-1.72704e-06
1.41957e-06
-1.87571e-06
1.36678e-06
-2.01578e-06
1.296e-06
-2.14576e-06
1.20873e-06
-2.26431e-06
1.10653e-06
-2.37025e-06
9.90953e-07
-2.46256e-06
8.63609e-07
-2.54036e-06
7.26105e-07
-2.60289e-06
5.80058e-07
-2.64955e-06
4.271e-07
-2.67986e-06
2.68879e-07
-2.69346e-06
1.0707e-07
-2.69012e-06
-5.66189e-08
-2.66975e-06
-2.20438e-07
-2.6324e-06
-3.82587e-07
-2.57827e-06
-5.41214e-07
-2.50771e-06
-6.94409e-07
-2.42126e-06
-8.40208e-07
-2.31964e-06
-9.76601e-07
-2.20376e-06
-1.10155e-06
-2.07476e-06
-1.21299e-06
-1.934e-06
-1.30889e-06
-1.78308e-06
-1.38727e-06
-1.62383e-06
-1.44623e-06
-1.45834e-06
-1.48403e-06
-1.28892e-06
-1.49912e-06
-1.11812e-06
-1.49023e-06
-9.48689e-07
-1.4564e-06
-7.83571e-07
-1.39707e-06
-6.25851e-07
-1.31214e-06
-4.7873e-07
-1.20202e-06
-3.45474e-07
-1.0677e-06
-2.29368e-07
-9.10788e-07
-1.33667e-07
-7.33508e-07
-6.15422e-08
-5.38736e-07
-1.6035e-08
-3.29959e-07
-1.11473e-07
-1.73741e-08
1.3267e-07
-6.6032e-08
3.85472e-07
-1.42397e-07
6.21212e-07
-2.42852e-07
8.36446e-07
-3.638e-07
1.02861e-06
-5.01703e-07
1.19581e-06
-6.53127e-07
1.33673e-06
-8.14772e-07
1.45066e-06
-9.83503e-07
1.5374e-06
-1.15637e-06
1.59719e-06
-1.33061e-06
1.63064e-06
-1.5037e-06
1.6387e-06
-1.67329e-06
1.62254e-06
-1.83727e-06
1.58355e-06
-1.99374e-06
1.52324e-06
-2.14098e-06
1.44324e-06
-2.27747e-06
1.34523e-06
-2.40188e-06
1.23093e-06
-2.51303e-06
1.1021e-06
-2.60989e-06
9.60475e-07
-2.6916e-06
8.07817e-07
-2.75742e-06
6.45877e-07
-2.80674e-06
4.76416e-07
-2.83906e-06
3.01205e-07
-2.85403e-06
1.2204e-07
-2.8514e-06
-5.92509e-08
-2.83105e-06
-2.40791e-07
-2.79299e-06
-4.20648e-07
-2.73738e-06
-5.96825e-07
-2.66453e-06
-7.67255e-07
-2.57494e-06
-9.29803e-07
-2.46927e-06
-1.08227e-06
-2.34841e-06
-1.2224e-06
-2.21348e-06
-1.34792e-06
-2.06582e-06
-1.45655e-06
-1.90704e-06
-1.54605e-06
-1.73901e-06
-1.61425e-06
-1.5639e-06
-1.65915e-06
-1.38411e-06
-1.67891e-06
-1.20235e-06
-1.67199e-06
-1.02155e-06
-1.6372e-06
-8.44883e-07
-1.57374e-06
-6.75695e-07
-1.48132e-06
-5.17493e-07
-1.36022e-06
-3.73878e-07
-1.21132e-06
-2.48488e-07
-1.03618e-06
-1.44947e-07
-8.3705e-07
-6.67909e-08
-6.16892e-07
-1.74161e-08
-3.79333e-07
-1.28889e-07
-1.86684e-08
1.51338e-07
-7.08917e-08
4.37695e-07
-1.52752e-07
7.03073e-07
-2.60285e-07
9.43978e-07
-3.89544e-07
1.15787e-06
-5.36665e-07
1.34293e-06
-6.97906e-07
1.49797e-06
-8.69688e-07
1.62244e-06
-1.04864e-06
1.71635e-06
-1.23159e-06
1.78014e-06
-1.41563e-06
1.81468e-06
-1.59808e-06
1.82115e-06
-1.77652e-06
1.80098e-06
-1.94875e-06
1.75578e-06
-2.11283e-06
1.68732e-06
-2.26702e-06
1.59743e-06
-2.40981e-06
1.48801e-06
-2.53985e-06
1.36098e-06
-2.656e-06
1.21824e-06
-2.75724e-06
1.06172e-06
-2.84273e-06
8.9331e-07
-2.91175e-06
7.14893e-07
-2.96369e-06
5.28354e-07
-2.99806e-06
3.35579e-07
-3.0145e-06
1.38474e-07
-3.01273e-06
-6.10194e-08
-2.99261e-06
-2.60912e-07
-2.95411e-06
-4.59147e-07
-2.89734e-06
-6.53594e-07
-2.82256e-06
-8.42034e-07
-2.7302e-06
-1.02216e-06
-2.62088e-06
-1.19159e-06
-2.49543e-06
-1.34786e-06
-2.35491e-06
-1.48844e-06
-2.20065e-06
-1.61081e-06
-2.03425e-06
-1.71244e-06
-1.85762e-06
-1.79088e-06
-1.67297e-06
-1.8438e-06
-1.4828e-06
-1.86907e-06
-1.28997e-06
-1.86483e-06
-1.09759e-06
-1.82958e-06
-9.09059e-07
-1.76226e-06
-7.28023e-07
-1.66236e-06
-5.58305e-07
-1.52994e-06
-4.03865e-07
-1.36576e-06
-2.68729e-07
-1.17131e-06
-1.5692e-07
-9.48859e-07
-7.23787e-08
-7.01433e-07
-1.8892e-08
-4.3282e-07
-1.47781e-07
-2.00242e-08
1.71362e-07
-7.59663e-08
4.93637e-07
-1.63537e-07
7.90644e-07
-2.78392e-07
1.05883e-06
-4.16216e-07
1.2957e-06
-5.72787e-07
1.4995e-06
-7.44036e-07
1.66922e-06
-9.26095e-07
1.8045e-06
-1.11533e-06
1.90558e-06
-1.30838e-06
1.97319e-06
-1.50214e-06
2.00845e-06
-1.69382e-06
2.01283e-06
-1.8809e-06
1.98805e-06
-2.06113e-06
1.93601e-06
-2.23252e-06
1.85872e-06
-2.39335e-06
1.75826e-06
-2.5421e-06
1.63676e-06
-2.67747e-06
1.49634e-06
-2.79831e-06
1.33909e-06
-2.90368e-06
1.16709e-06
-2.99274e-06
9.82372e-07
-3.0648e-06
7.86955e-07
-3.11928e-06
5.82833e-07
-3.1557e-06
3.71997e-07
-3.17368e-06
1.56451e-07
-3.17293e-06
-6.17649e-08
-3.15328e-06
-2.80561e-07
-3.11466e-06
-4.97772e-07
-3.05711e-06
-7.11142e-07
-2.98083e-06
-9.18313e-07
-2.88618e-06
-1.11682e-06
-2.77369e-06
-1.30408e-06
-2.64413e-06
-1.47741e-06
-2.4985e-06
-1.63407e-06
-2.33808e-06
-1.77123e-06
-2.16444e-06
-1.88608e-06
-1.97949e-06
-1.97583e-06
-1.78549e-06
-2.03781e-06
-1.58502e-06
-2.06953e-06
-1.38107e-06
-2.06878e-06
-1.17695e-06
-2.0337e-06
-9.76293e-07
-1.96292e-06
-7.83041e-07
-1.85561e-06
-6.01363e-07
-1.71162e-06
-4.35608e-07
-1.53152e-06
-2.90224e-07
-1.3167e-06
-1.69675e-07
-1.06941e-06
-7.83513e-08
-7.92757e-07
-2.04761e-08
-4.90695e-07
-1.68257e-07
-2.14493e-08
1.92812e-07
-8.12814e-08
5.53469e-07
-1.74799e-07
8.84162e-07
-2.97245e-07
1.18128e-06
-4.43897e-07
1.44235e-06
-6.10152e-07
1.66575e-06
-7.9159e-07
1.85066e-06
-9.84033e-07
1.99695e-06
-1.18358e-06
2.10513e-06
-1.38665e-06
2.17626e-06
-1.58999e-06
2.21178e-06
-1.79065e-06
2.2135e-06
-1.98605e-06
2.18345e-06
-2.1739e-06
2.12386e-06
-2.35219e-06
2.03701e-06
-2.51921e-06
1.92528e-06
-2.67347e-06
1.79102e-06
-2.8137e-06
1.63657e-06
-2.93883e-06
1.46422e-06
-3.04795e-06
1.2762e-06
-3.14028e-06
1.0747e-06
-3.21515e-06
8.61833e-07
-3.27203e-06
6.39711e-07
-3.31045e-06
4.10413e-07
-3.33002e-06
1.76027e-07
-3.33046e-06
-6.13285e-08
-3.31154e-06
-2.99479e-07
-3.27315e-06
-5.36166e-07
-3.21527e-06
-7.69027e-07
-3.138e-06
-9.95575e-07
-3.04163e-06
-1.21319e-06
-2.9266e-06
-1.41911e-06
-2.79356e-06
-1.61045e-06
-2.64344e-06
-1.78419e-06
-2.47744e-06
-1.93724e-06
-2.29708e-06
-2.06644e-06
-2.10425e-06
-2.16866e-06
-1.90122e-06
-2.24084e-06
-1.69066e-06
-2.28009e-06
-1.47566e-06
-2.28378e-06
-1.25972e-06
-2.24964e-06
-1.04672e-06
-2.17591e-06
-8.40913e-07
-2.06142e-06
-6.46837e-07
-1.90569e-06
-4.69261e-07
-1.70909e-06
-3.13097e-07
-1.47286e-06
-1.83298e-07
-1.19921e-06
-8.47533e-08
-8.91301e-07
-2.21816e-08
-5.53267e-07
-1.90438e-07
-2.29511e-08
2.15763e-07
-8.68623e-08
6.17381e-07
-1.86586e-07
9.83885e-07
-3.16907e-07
1.3116e-06
-4.72662e-07
1.59811e-06
-6.4883e-07
1.84192e-06
-8.40613e-07
2.04244e-06
-1.0435e-06
2.19983e-06
-1.25332e-06
2.31495e-06
-1.46626e-06
2.3892e-06
-1.67889e-06
2.42441e-06
-1.88817e-06
2.42278e-06
-2.09144e-06
2.38672e-06
-2.28637e-06
2.31879e-06
-2.47098e-06
2.22162e-06
-2.64358e-06
2.09788e-06
-2.80273e-06
1.95018e-06
-2.94724e-06
1.78108e-06
-3.0761e-06
1.59308e-06
-3.18847e-06
1.38857e-06
-3.28363e-06
1.16986e-06
-3.361e-06
9.39202e-07
-3.42006e-06
6.98771e-07
-3.46038e-06
4.50729e-07
-3.48158e-06
1.97226e-07
-3.48335e-06
-5.95571e-08
-3.46544e-06
-3.17384e-07
-3.42768e-06
-5.73927e-07
-3.36998e-06
-8.26732e-07
-3.29234e-06
-1.07321e-06
-3.19495e-06
-1.31059e-06
-3.07812e-06
-1.53594e-06
-2.94239e-06
-1.74617e-06
-2.78858e-06
-1.93801e-06
-2.61776e-06
-2.10805e-06
-2.43139e-06
-2.25281e-06
-2.2313e-06
-2.36875e-06
-2.01975e-06
-2.4524e-06
-1.79945e-06
-2.50039e-06
-1.5736e-06
-2.50963e-06
-1.34587e-06
-2.47737e-06
-1.12041e-06
-2.40138e-06
-9.01759e-07
-2.28006e-06
-6.9487e-07
-2.11258e-06
-5.04965e-07
-1.899e-06
-3.37465e-07
-1.64036e-06
-1.97869e-07
-1.3388e-06
-9.16285e-08
-9.97542e-07
-2.40218e-08
-6.20874e-07
-2.1446e-07
-2.45378e-08
2.40301e-07
-9.27357e-08
6.85578e-07
-1.98945e-07
1.09009e-06
-3.37446e-07
1.4501e-06
-5.02583e-07
1.76324e-06
-6.88879e-07
2.02822e-06
-8.91124e-07
2.24469e-06
-1.10446e-06
2.41316e-06
-1.32441e-06
2.5349e-06
-1.54694e-06
2.61173e-06
-1.76847e-06
2.64594e-06
-1.98584e-06
2.64016e-06
-2.19635e-06
2.59722e-06
-2.39765e-06
2.52009e-06
-2.58781e-06
2.41178e-06
-2.76518e-06
2.27525e-06
-2.92843e-06
2.11342e-06
-3.07643e-06
1.92909e-06
-3.2083e-06
1.72494e-06
-3.32326e-06
1.50354e-06
-3.42072e-06
1.26732e-06
-3.50014e-06
1.01862e-06
-3.56107e-06
7.59704e-07
-3.60312e-06
4.92777e-07
-3.62593e-06
2.20034e-07
-3.62917e-06
-5.631e-08
-3.61258e-06
-3.33982e-07
-3.5759e-06
-6.10606e-07
-3.51896e-06
-8.83669e-07
-3.44168e-06
-1.15049e-06
-3.34409e-06
-1.40818e-06
-3.22637e-06
-1.65366e-06
-3.08893e-06
-1.88362e-06
-2.9324e-06
-2.09453e-06
-2.75775e-06
-2.2827e-06
-2.5663e-06
-2.44426e-06
-2.35979e-06
-2.57527e-06
-2.14043e-06
-2.67176e-06
-1.91095e-06
-2.72987e-06
-1.67464e-06
-2.74595e-06
-1.43531e-06
-2.7167e-06
-1.19735e-06
-2.63934e-06
-9.65651e-07
-2.51176e-06
-7.45576e-07
-2.33266e-06
-5.42844e-07
-2.10173e-06
-3.63439e-07
-1.81977e-06
-2.13469e-07
-1.48877e-06
-9.90213e-08
-1.11199e-06
-2.60104e-08
-6.93885e-07
-2.40471e-07
-2.62185e-08
2.66519e-07
-9.89316e-08
7.58292e-07
-2.11931e-07
1.20309e-06
-3.5893e-07
1.5971e-06
-5.33731e-07
1.93804e-06
-7.30348e-07
2.22484e-06
-9.43126e-07
2.45746e-06
-1.16682e-06
2.63686e-06
-1.39666e-06
2.76474e-06
-1.62838e-06
2.84345e-06
-1.85823e-06
2.87579e-06
-2.08298e-06
2.86491e-06
-2.29988e-06
2.81412e-06
-2.50663e-06
2.72685e-06
-2.70134e-06
2.60649e-06
-2.88247e-06
2.45638e-06
-3.04879e-06
2.27974e-06
-3.19931e-06
2.07961e-06
-3.33325e-06
1.85889e-06
-3.45e-06
1.62028e-06
-3.54903e-06
1.36635e-06
-3.62993e-06
1.09952e-06
-3.69231e-06
8.22092e-07
-3.73585e-06
5.36311e-07
-3.7602e-06
2.44385e-07
-3.76504e-06
-5.14664e-08
-3.75006e-06
-3.48962e-07
-3.71496e-06
-6.45711e-07
-3.65946e-06
-9.39167e-07
-3.58336e-06
-1.22659e-06
-3.48654e-06
-1.50499e-06
-3.36903e-06
-1.77117e-06
-3.23104e-06
-2.02161e-06
-3.07303e-06
-2.25255e-06
-2.89577e-06
-2.45996e-06
-2.70042e-06
-2.63961e-06
-2.48858e-06
-2.7871e-06
-2.26239e-06
-2.89795e-06
-2.02453e-06
-2.96772e-06
-1.77834e-06
-2.99214e-06
-1.52777e-06
-2.96727e-06
-1.27745e-06
-2.88967e-06
-1.03261e-06
-2.7566e-06
-7.9904e-07
-2.56622e-06
-5.83012e-07
-2.31776e-06
-3.91128e-07
-2.01165e-06
-2.30181e-07
-1.64972e-06
-1.06978e-07
-1.23519e-06
-2.81619e-08
-7.72701e-07
-2.68632e-07
-2.80042e-08
2.94524e-07
-1.05485e-07
8.35773e-07
-2.25605e-07
1.32321e-06
-3.81442e-07
1.75294e-06
-5.66184e-07
2.12279e-06
-7.73287e-07
2.43194e-06
-9.96603e-07
2.68078e-06
-1.23048e-06
2.87073e-06
-1.46982e-06
3.00408e-06
-1.71014e-06
3.08376e-06
-1.94754e-06
3.11319e-06
-2.17872e-06
3.09609e-06
-2.40094e-06
3.03634e-06
-2.61196e-06
2.93786e-06
-2.80997e-06
2.8045e-06
-2.99358e-06
2.63999e-06
-3.1617e-06
2.44786e-06
-3.31352e-06
2.23142e-06
-3.4484e-06
1.99377e-06
-3.56589e-06
1.73777e-06
-3.66561e-06
1.46607e-06
-3.74726e-06
1.18117e-06
-3.81056e-06
8.85395e-07
-3.85524e-06
5.80991e-07
-3.88101e-06
2.7015e-07
-3.88754e-06
-4.4934e-08
-3.87449e-06
-3.62009e-07
-3.8415e-06
-6.78705e-07
-3.78819e-06
-9.92476e-07
-3.71422e-06
-1.30055e-06
-3.61931e-06
-1.59991e-06
-3.50328e-06
-1.88719e-06
-3.36614e-06
-2.15875e-06
-3.20811e-06
-2.41057e-06
-3.02975e-06
-2.63833e-06
-2.83198e-06
-2.83738e-06
-2.61622e-06
-3.00286e-06
-2.38446e-06
-3.12971e-06
-2.13931e-06
-3.21287e-06
-1.8841e-06
-3.24735e-06
-1.6229e-06
-3.22847e-06
-1.36054e-06
-3.15203e-06
-1.10259e-06
-3.01455e-06
-8.55315e-07
-2.8135e-06
-6.25568e-07
-2.5475e-06
-4.20639e-07
-2.21658e-06
-2.4809e-07
-1.82227e-06
-1.15549e-07
-1.36773e-06
-3.04923e-08
-8.57758e-07
-2.99125e-07
-2.99085e-08
3.24432e-07
-1.12441e-07
9.18305e-07
-2.40046e-07
1.45082e-06
-4.05079e-07
1.91797e-06
-6.00039e-07
2.31775e-06
-8.17754e-07
2.64965e-06
-1.05153e-06
2.91456e-06
-1.29528e-06
3.11448e-06
-1.54358e-06
3.25238e-06
-1.7917e-06
3.33189e-06
-2.03564e-06
3.35713e-06
-2.27204e-06
3.3325e-06
-2.49822e-06
3.26251e-06
-2.71201e-06
3.15166e-06
-2.91178e-06
3.00428e-06
-3.0963e-06
2.82451e-06
-3.26468e-06
2.61623e-06
-3.41629e-06
2.38304e-06
-3.55073e-06
2.12821e-06
-3.6677e-06
1.85474e-06
-3.76702e-06
1.5654e-06
-3.84853e-06
1.26268e-06
-3.91207e-06
9.48932e-07
-3.95745e-06
6.26369e-07
-3.98443e-06
2.97128e-07
-3.9927e-06
-3.66593e-08
-3.9819e-06
-3.7281e-07
-3.95159e-06
-7.09013e-07
-3.9013e-06
-1.04277e-06
-3.83053e-06
-1.37132e-06
-3.73881e-06
-1.69162e-06
-3.62576e-06
-2.00025e-06
-3.49111e-06
-2.2934e-06
-3.33482e-06
-2.56686e-06
-3.15716e-06
-2.81599e-06
-2.95879e-06
-3.03576e-06
-2.74087e-06
-3.22078e-06
-2.50517e-06
-3.36541e-06
-2.25417e-06
-3.46387e-06
-1.99112e-06
-3.51039e-06
-1.72017e-06
-3.49942e-06
-1.44632e-06
-3.42588e-06
-1.17549e-06
-3.28538e-06
-9.14426e-07
-3.07456e-06
-6.70604e-07
-2.79132e-06
-4.52082e-07
-2.4351e-06
-2.67289e-07
-2.00706e-06
-1.24789e-07
-1.51023e-06
-3.30196e-08
-9.49527e-07
-3.32144e-07
-3.1949e-08
3.56381e-07
-1.19855e-07
1.00621e-06
-2.5535e-07
1.58631e-06
-4.29966e-07
2.09259e-06
-6.35415e-07
2.52319e-06
-8.6382e-07
2.87806e-06
-1.10789e-06
3.15863e-06
-1.36106e-06
3.36765e-06
-1.61755e-06
3.50887e-06
-1.87244e-06
3.58677e-06
-2.1216e-06
3.60629e-06
-2.36171e-06
3.5726e-06
-2.59013e-06
3.49094e-06
-2.80489e-06
3.36641e-06
-3.00453e-06
3.20391e-06
-3.18805e-06
3.00803e-06
-3.35481e-06
2.783e-06
-3.50444e-06
2.53267e-06
-3.63677e-06
2.26053e-06
-3.75173e-06
1.96971e-06
-3.84935e-06
1.66301e-06
-3.92963e-06
1.34296e-06
-3.99257e-06
1.01187e-06
-4.03807e-06
6.71872e-07
-4.06597e-06
3.2503e-07
-4.07599e-06
-2.66384e-08
-4.06774e-06
-3.81059e-07
-4.04072e-06
-7.3603e-07
-3.99435e-06
-1.08914e-06
-3.92797e-06
-1.4377e-06
-3.84091e-06
-1.77868e-06
-3.73252e-06
-2.10864e-06
-3.60227e-06
-2.42366e-06
-3.44978e-06
-2.71934e-06
-3.27499e-06
-2.99078e-06
-3.07821e-06
-3.23253e-06
-2.86029e-06
-3.43871e-06
-2.62268e-06
-3.60302e-06
-2.36766e-06
-3.7189e-06
-2.09835e-06
-3.7797e-06
-1.81887e-06
-3.7789e-06
-1.5344e-06
-3.71035e-06
-1.25114e-06
-3.56863e-06
-9.7636e-07
-3.34935e-06
-7.18203e-07
-3.04948e-06
-4.85573e-07
-2.66773e-06
-2.87881e-07
-2.20475e-06
-1.34761e-07
-1.66335e-06
-3.57648e-08
-1.04852e-06
-3.67909e-07
-3.41487e-08
3.9053e-07
-1.278e-07
1.09986e-06
-2.71647e-07
1.73016e-06
-4.56266e-07
2.2772e-06
-6.7247e-07
2.7394e-06
-9.1158e-07
3.11717e-06
-1.16564e-06
3.41269e-06
-1.42758e-06
3.62959e-06
-1.69127e-06
3.77257e-06
-1.95158e-06
3.84708e-06
-2.20433e-06
3.85904e-06
-2.44624e-06
3.81451e-06
-2.67484e-06
3.71953e-06
-2.88834e-06
3.57992e-06
-3.08557e-06
3.40114e-06
-3.26582e-06
3.18828e-06
-3.42875e-06
2.94592e-06
-3.57429e-06
2.67821e-06
-3.70255e-06
2.38879e-06
-3.81374e-06
2.0809e-06
-3.90811e-06
1.75738e-06
-3.98588e-06
1.42073e-06
-4.04721e-06
1.07319e-06
-4.09213e-06
7.16797e-07
-4.12057e-06
3.53467e-07
-4.13228e-06
-1.49286e-08
-4.12686e-06
-3.86476e-07
-4.10376e-06
-7.59131e-07
-4.06227e-06
-1.13063e-06
-4.00159e-06
-1.49839e-06
-3.9208e-06
-1.85947e-06
-3.819e-06
-2.21044e-06
-3.69531e-06
-2.54734e-06
-3.54901e-06
-2.86564e-06
-3.37963e-06
-3.16016e-06
-3.18706e-06
-3.4251e-06
-2.97173e-06
-3.65404e-06
-2.73473e-06
-3.84002e-06
-2.47799e-06
-3.97563e-06
-2.20444e-06
-4.05326e-06
-1.9181e-06
-4.06524e-06
-1.62421e-06
-4.00424e-06
-1.32929e-06
-3.86355e-06
-1.04107e-06
-3.63756e-06
-7.68445e-07
-3.32211e-06
-5.21243e-07
-2.91493e-06
-3.09986e-07
-2.41601e-06
-1.45542e-07
-1.8278e-06
-3.87534e-08
-1.15531e-06
-4.06663e-07
-3.65378e-08
4.27068e-07
-1.36373e-07
1.1997e-06
-2.89102e-07
1.88289e-06
-4.8419e-07
2.47229e-06
-7.11406e-07
2.96662e-06
-9.61162e-07
3.36693e-06
-1.22477e-06
3.6763e-06
-1.49459e-06
3.89942e-06
-1.76417e-06
4.04215e-06
-2.0282e-06
4.11111e-06
-2.28249e-06
4.11333e-06
-2.52388e-06
4.05591e-06
-2.75012e-06
3.94577e-06
-2.95972e-06
3.78952e-06
-3.15185e-06
3.59327e-06
-3.32615e-06
3.36258e-06
-3.48264e-06
3.10242e-06
-3.62163e-06
2.81719e-06
-3.74355e-06
2.51071e-06
-3.84892e-06
2.18627e-06
-3.93826e-06
1.84672e-06
-4.01202e-06
1.4945e-06
-4.07056e-06
1.13173e-06
-4.11406e-06
7.60297e-07
-4.14253e-06
3.81944e-07
-4.1558e-06
-1.65925e-09
-4.15347e-06
-3.88813e-07
-4.13492e-06
-7.77683e-07
-4.09934e-06
-1.1662e-06
-4.04575e-06
-1.55198e-06
-3.97302e-06
-1.9322e-06
-3.87993e-06
-2.30352e-06
-3.76526e-06
-2.66201e-06
-3.62788e-06
-3.00303e-06
-3.46683e-06
-3.32121e-06
-3.28154e-06
-3.6104e-06
-3.07191e-06
-3.86367e-06
-2.83856e-06
-4.07337e-06
-2.58297e-06
-4.23122e-06
-2.30774e-06
-4.32849e-06
-2.01668e-06
-4.3563e-06
-1.71505e-06
-4.30587e-06
-1.40957e-06
-4.16903e-06
-1.10847e-06
-3.93866e-06
-8.21409e-07
-3.60917e-06
-5.59241e-07
-3.1771e-06
-3.33748e-07
-2.64151e-06
-1.57223e-07
-2.00432e-06
-4.20166e-08
-1.27052e-06
-4.48679e-07
-3.91568e-08
4.66224e-07
-1.45701e-07
1.30624e-06
-3.07936e-07
2.04512e-06
-5.14013e-07
2.67837e-06
-7.52488e-07
3.20509e-06
-1.01273e-06
3.62717e-06
-1.28523e-06
3.94879e-06
-1.56178e-06
4.17596e-06
-1.83557e-06
4.31594e-06
-2.10118e-06
4.37672e-06
-2.35448e-06
4.36664e-06
-2.59253e-06
4.29395e-06
-2.81338e-06
4.16662e-06
-3.01594e-06
3.99208e-06
-3.19978e-06
3.77711e-06
-3.36501e-06
3.5278e-06
-3.51208e-06
3.24949e-06
-3.64169e-06
2.9468e-06
-3.75467e-06
2.62369e-06
-3.85188e-06
2.28349e-06
-3.93416e-06
1.929e-06
-4.00221e-06
1.56255e-06
-4.05659e-06
1.18611e-06
-4.09767e-06
8.01375e-07
-4.12558e-06
4.09851e-07
-4.14019e-06
1.29572e-08
-4.14114e-06
-3.87869e-07
-4.12776e-06
-7.91062e-07
-4.09914e-06
-1.19482e-06
-4.05414e-06
-1.59699e-06
-3.99138e-06
-1.99496e-06
-3.90934e-06
-2.38556e-06
-3.80641e-06
-2.76494e-06
-3.681e-06
-3.12844e-06
-3.53165e-06
-3.47056e-06
-3.35718e-06
-3.78486e-06
-3.15691e-06
-4.06394e-06
-2.93084e-06
-4.29944e-06
-2.67989e-06
-4.48216e-06
-2.40616e-06
-4.60222e-06
-2.11316e-06
-4.6493e-06
-1.80598e-06
-4.61304e-06
-1.49151e-06
-4.48351e-06
-1.17843e-06
-4.25174e-06
-8.77173e-07
-3.91043e-06
-5.99742e-07
-3.45453e-06
-3.59341e-07
-2.88191e-06
-1.69918e-07
-2.19375e-06
-4.55937e-08
-1.39484e-06
-4.94273e-07
-4.20592e-08
5.08284e-07
-1.55953e-07
1.42014e-06
-3.28434e-07
2.21761e-06
-5.46094e-07
2.89603e-06
-7.96056e-07
3.45505e-06
-1.06649e-06
3.8976e-06
-1.34698e-06
4.22928e-06
-1.62872e-06
4.4577e-06
-1.90459e-06
4.59181e-06
-2.16913e-06
4.64126e-06
-2.41836e-06
4.61587e-06
-2.64966e-06
4.52525e-06
-2.86151e-06
4.37848e-06
-3.05333e-06
4.1839e-06
-3.22521e-06
3.94899e-06
-3.37778e-06
3.68037e-06
-3.512e-06
3.3837e-06
-3.62903e-06
3.06384e-06
-3.73016e-06
2.72481e-06
-3.81661e-06
2.36994e-06
-3.88954e-06
2.00193e-06
-3.94996e-06
1.62297e-06
-3.99865e-06
1.2348e-06
-4.03617e-06
8.38892e-07
-4.06278e-06
4.36456e-07
-4.07844e-06
2.86172e-08
-4.0828e-06
-3.83506e-07
-4.07519e-06
-7.98673e-07
-4.0546e-06
-1.21541e-06
-4.01972e-06
-1.63186e-06
-3.96896e-06
-2.04572e-06
-3.90048e-06
-2.45405e-06
-3.81225e-06
-2.85316e-06
-3.70221e-06
-3.23848e-06
-3.56831e-06
-3.60446e-06
-3.40873e-06
-3.94445e-06
-3.22206e-06
-4.25061e-06
-3.00757e-06
-4.51393e-06
-2.76545e-06
-4.72428e-06
-2.49715e-06
-4.87052e-06
-2.20566e-06
-4.94079e-06
-1.89581e-06
-4.9229e-06
-1.57448e-06
-4.80484e-06
-1.25073e-06
-4.57548e-06
-9.35818e-07
-4.22534e-06
-6.4296e-07
-3.74739e-06
-3.86988e-07
-3.13788e-06
-1.83773e-07
-2.39696e-06
-4.95351e-08
-1.52908e-06
-5.43808e-07
-4.53167e-08
5.536e-07
-1.6735e-07
1.54217e-06
-3.50974e-07
2.40123e-06
-5.80892e-07
3.12595e-06
-8.42535e-07
3.7167e-06
-1.12269e-06
4.17776e-06
-1.40995e-06
4.51653e-06
-1.69488e-06
4.74264e-06
-1.97014e-06
4.86707e-06
-2.2303e-06
4.90142e-06
-2.47171e-06
4.85727e-06
-2.69218e-06
4.74573e-06
-2.8908e-06
4.5771e-06
-3.06759e-06
4.36068e-06
-3.22327e-06
4.10468e-06
-3.35911e-06
3.8162e-06
-3.47663e-06
3.50123e-06
-3.57754e-06
3.16475e-06
-3.66357e-06
2.81084e-06
-3.73638e-06
2.44275e-06
-3.79748e-06
2.06303e-06
-3.84817e-06
1.67365e-06
-3.88948e-06
1.27612e-06
-3.92216e-06
8.7157e-07
-3.94662e-06
4.60916e-07
-3.96292e-06
4.49212e-08
-3.97077e-06
-3.75662e-07
-3.96947e-06
-7.99974e-07
-3.95795e-06
-1.22692e-06
-3.93477e-06
-1.65505e-06
-3.8981e-06
-2.08239e-06
-3.8458e-06
-2.50635e-06
-3.77546e-06
-2.9235e-06
-3.68448e-06
-3.32946e-06
-3.57019e-06
-3.71875e-06
-3.43006e-06
-4.08459e-06
-3.26185e-06
-4.41882e-06
-3.06394e-06
-4.71184e-06
-2.83563e-06
-4.95259e-06
-2.57752e-06
-5.12863e-06
-2.29187e-06
-5.22644e-06
-1.983e-06
-5.23177e-06
-1.65763e-06
-5.13021e-06
-1.3251e-06
-4.90802e-06
-9.97422e-07
-4.55302e-06
-6.89157e-07
-4.05565e-06
-4.16965e-07
-3.41007e-06
-1.98975e-07
-2.61495e-06
-5.39063e-08
-1.67415e-06
-5.97714e-07
-4.9025e-08
6.02625e-07
-1.80186e-07
1.67333e-06
-3.76041e-07
2.59708e-06
-6.18993e-07
3.3689e-06
-8.92446e-07
3.99015e-06
-1.1816e-06
4.46692e-06
-1.47395e-06
4.80889e-06
-1.7595e-06
5.02819e-06
-2.03075e-06
5.13831e-06
-2.28248e-06
5.15315e-06
-2.51151e-06
5.08631e-06
-2.71633e-06
4.95055e-06
-2.89675e-06
4.75751e-06
-3.05356e-06
4.51749e-06
-3.18826e-06
4.23938e-06
-3.3028e-06
3.93074e-06
-3.39938e-06
3.59781e-06
-3.48028e-06
3.24565e-06
-3.54772e-06
2.87829e-06
-3.6038e-06
2.49883e-06
-3.65039e-06
2.10962e-06
-3.6891e-06
1.71236e-06
-3.72121e-06
1.30822e-06
-3.74766e-06
8.98022e-07
-3.76902e-06
4.8228e-07
-3.78547e-06
6.13726e-08
-3.79677e-06
-3.64363e-07
-3.80225e-06
-7.945e-07
-3.80079e-06
-1.22839e-06
-3.79082e-06
-1.66501e-06
-3.77036e-06
-2.10286e-06
-3.73696e-06
-2.53974e-06
-3.68782e-06
-2.97263e-06
-3.61983e-06
-3.39745e-06
-3.52968e-06
-3.8089e-06
-3.41404e-06
-4.20023e-06
-3.26976e-06
-4.5631e-06
-3.0942e-06
-4.8874e-06
-2.88556e-06
-5.16122e-06
-2.64334e-06
-5.37085e-06
-2.36883e-06
-5.50096e-06
-2.06556e-06
-5.53503e-06
-1.73985e-06
-5.45592e-06
-1.4011e-06
-5.24676e-06
-1.06206e-06
-4.89206e-06
-7.38653e-07
-4.37906e-06
-4.49632e-07
-3.69909e-06
-2.15769e-07
-2.84881e-06
-5.87939e-08
-1.83112e-06
-6.56508e-07
-5.33134e-08
6.55939e-07
-1.9485e-07
1.81487e-06
-4.0427e-07
2.80651e-06
-6.61132e-07
3.62576e-06
-9.46409e-07
4.27543e-06
-1.24348e-06
4.76399e-06
-1.53867e-06
5.10408e-06
-1.82149e-06
5.311e-06
-2.08443e-06
5.40126e-06
-2.32274e-06
5.39146e-06
-2.53395e-06
5.29751e-06
-2.71742e-06
5.13402e-06
-2.87389e-06
4.91398e-06
-3.00511e-06
4.64871e-06
-3.11346e-06
4.34774e-06
-3.2017e-06
4.01898e-06
-3.27273e-06
3.66884e-06
-3.32944e-06
3.30236e-06
-3.37459e-06
2.92344e-06
-3.4107e-06
2.53494e-06
-3.43999e-06
2.13892e-06
-3.46438e-06
1.73674e-06
-3.48538e-06
1.32923e-06
-3.50414e-06
9.16779e-07
-3.52137e-06
4.99518e-07
-3.53739e-06
7.73847e-08
-3.55201e-06
-3.49736e-07
-3.56463e-06
-7.81888e-07
-3.5741e-06
-1.21891e-06
-3.5788e-06
-1.66031e-06
-3.57658e-06
-2.10508e-06
-3.56478e-06
-2.55155e-06
-3.54022e-06
-2.99719e-06
-3.49931e-06
-3.43836e-06
-3.4381e-06
-3.87012e-06
-3.35242e-06
-4.28591e-06
-3.23814e-06
-4.67738e-06
-3.09144e-06
-5.0341e-06
-2.90925e-06
-5.34341e-06
-2.68972e-06
-5.59038e-06
-2.43279e-06
-5.75789e-06
-2.14091e-06
-5.82691e-06
-1.81962e-06
-5.77721e-06
-1.47815e-06
-5.58823e-06
-1.12977e-06
-5.24044e-06
-7.91843e-07
-4.71698e-06
-4.85449e-07
-4.00548e-06
-2.3448e-07
-3.09978e-06
-6.4314e-08
-2.00129e-06
-7.20822e-07
-5.83566e-08
7.14295e-07
-2.11859e-07
1.96837e-06
-4.36478e-07
3.03112e-06
-7.0822e-07
3.8975e-06
-1.00512e-06
4.57233e-06
-1.30849e-06
5.06735e-06
-1.60348e-06
5.39907e-06
-1.8792e-06
5.58673e-06
-2.12847e-06
5.65052e-06
-2.34725e-06
5.61025e-06
-2.53411e-06
5.48437e-06
-2.68955e-06
5.28946e-06
-2.81551e-06
5.03995e-06
-2.91485e-06
4.74804e-06
-2.99095e-06
4.42384e-06
-3.04748e-06
4.0755e-06
-3.08808e-06
3.70944e-06
-3.11626e-06
3.33055e-06
-3.1353e-06
2.94247e-06
-3.14813e-06
2.54777e-06
-3.15732e-06
2.14811e-06
-3.16503e-06
1.74445e-06
-3.17301e-06
1.33721e-06
-3.18258e-06
9.26351e-07
-3.19462e-06
5.11552e-07
-3.20953e-06
9.22955e-08
-3.22725e-06
-3.32011e-07
-3.24723e-06
-7.61912e-07
-3.26837e-06
-1.19778e-06
-3.28901e-06
-1.63966e-06
-3.30693e-06
-2.08715e-06
-3.31929e-06
-2.53919e-06
-3.32264e-06
-2.99384e-06
-3.31293e-06
-3.44807e-06
-3.2856e-06
-3.89744e-06
-3.23568e-06
-4.33583e-06
-3.15799e-06
-4.75508e-06
-3.04743e-06
-5.14466e-06
-2.89943e-06
-5.4914e-06
-2.71052e-06
-5.7793e-06
-2.47896e-06
-5.98944e-06
-2.20564e-06
-6.10024e-06
-1.89489e-06
-6.08796e-06
-1.55533e-06
-5.92779e-06
-1.20052e-06
-5.59525e-06
-8.49202e-07
-5.0683e-06
-5.25013e-07
-4.32967e-06
-2.55538e-07
-3.36926e-06
-7.06243e-08
-2.1862e-06
-7.91446e-07
-6.43941e-08
7.78689e-07
-2.31901e-07
2.13587e-06
-4.73717e-07
3.27294e-06
-7.61362e-07
4.18515e-06
-1.06934e-06
4.88031e-06
-1.37661e-06
5.37463e-06
-1.66723e-06
5.68969e-06
-1.93021e-06
5.84971e-06
-2.15903e-06
5.87934e-06
-2.35083e-06
5.80205e-06
-2.50558e-06
5.63912e-06
-2.62529e-06
5.40917e-06
-2.71333e-06
5.12798e-06
-2.77385e-06
4.80856e-06
-2.81138e-06
4.46137e-06
-2.83049e-06
4.09462e-06
-2.83562e-06
3.71457e-06
-2.8309e-06
3.32582e-06
-2.82004e-06
2.93162e-06
-2.80638e-06
2.5341e-06
-2.79274e-06
2.13447e-06
-2.78153e-06
1.73324e-06
-2.77466e-06
1.33034e-06
-2.7736e-06
9.25292e-07
-2.77935e-06
5.17305e-07
-2.79245e-06
1.05393e-07
-2.81294e-06
-3.11524e-07
-2.84035e-06
-7.34502e-07
-2.87367e-06
-1.16446e-06
-2.91129e-06
-1.60204e-06
-2.95098e-06
-2.04747e-06
-2.98981e-06
-2.50036e-06
-3.02415e-06
-2.9595e-06
-3.04962e-06
-3.4226e-06
-3.06112e-06
-3.88594e-06
-3.05292e-06
-4.34404e-06
-3.01878e-06
-4.78922e-06
-2.95227e-06
-5.21116e-06
-2.84717e-06
-5.5965e-06
-2.69806e-06
-5.92841e-06
-2.50113e-06
-6.18637e-06
-2.25519e-06
-6.34618e-06
-1.96276e-06
-6.38039e-06
-1.63129e-06
-6.25926e-06
-1.27416e-06
-5.95239e-06
-9.11284e-07
-5.43118e-06
-5.69098e-07
-4.67186e-06
-2.79525e-07
-3.65883e-06
-7.79425e-08
-2.38779e-06
-8.69389e-07
-7.1758e-08
8.50447e-07
-2.55901e-07
2.32002e-06
-5.17337e-07
3.53438e-06
-8.21863e-07
4.48967e-06
-1.13972e-06
5.19817e-06
-1.44737e-06
5.68227e-06
-1.72793e-06
5.97025e-06
-1.97081e-06
6.09258e-06
-2.1707e-06
6.07923e-06
-2.32647e-06
5.95782e-06
-2.44001e-06
5.75266e-06
-2.51519e-06
5.48436e-06
-2.55709e-06
5.16988e-06
-2.57133e-06
4.82279e-06
-2.56363e-06
4.45367e-06
-2.53954e-06
4.07053e-06
-2.50422e-06
3.67925e-06
-2.46235e-06
3.28394e-06
-2.41805e-06
2.88733e-06
-2.37492e-06
2.49097e-06
-2.33602e-06
2.09557e-06
-2.30387e-06
1.70109e-06
-2.28051e-06
1.30698e-06
-2.26751e-06
9.12296e-07
-2.26598e-06
5.15768e-07
-2.27654e-06
1.15951e-07
-2.29935e-06
-2.8871e-07
-2.33408e-06
-6.99775e-07
-2.37983e-06
-1.1187e-06
-2.43513e-06
-1.54674e-06
-2.49782e-06
-1.98478e-06
-2.56501e-06
-2.43316e-06
-2.63303e-06
-2.89149e-06
-2.69728e-06
-3.35835e-06
-2.75229e-06
-3.83093e-06
-2.79167e-06
-4.30466e-06
-2.80822e-06
-4.77266e-06
-2.79417e-06
-5.22521e-06
-2.74151e-06
-5.64916e-06
-2.64265e-06
-6.02727e-06
-2.49126e-06
-6.33776e-06
-2.28344e-06
-6.55399e-06
-2.01919e-06
-6.64465e-06
-1.70395e-06
-6.5745e-06
-1.35021e-06
-6.30612e-06
-9.78698e-07
-5.80269e-06
-6.187e-07
-5.03186e-06
-3.07232e-07
-3.9703e-06
-8.65744e-08
-2.60844e-06
-9.55963e-07
-8.09178e-08
9.31365e-07
-2.85113e-07
2.52421e-06
-5.69054e-07
3.81832e-06
-8.91193e-07
4.81181e-06
-1.21671e-06
5.52369e-06
-1.51949e-06
5.98505e-06
-1.78221e-06
6.23297e-06
-1.99538e-06
6.30575e-06
-2.15575e-06
6.2396e-06
-2.26462e-06
6.0667e-06
-2.32638e-06
5.81442e-06
-2.34719e-06
5.50516e-06
-2.33406e-06
5.15675e-06
-2.29421e-06
4.78295e-06
-2.2346e-06
4.39406e-06
-2.16168e-06
3.99761e-06
-2.08125e-06
3.59882e-06
-1.99842e-06
3.20111e-06
-1.9176e-06
2.8065e-06
-1.84253e-06
2.41591e-06
-1.77636e-06
2.0294e-06
-1.72167e-06
1.6464e-06
-1.68053e-06
1.26584e-06
-1.65454e-06
8.86305e-07
-1.64485e-06
5.06079e-07
-1.65218e-06
1.2328e-07
-1.6768e-06
-2.64087e-07
-1.71853e-06
-6.58052e-07
-1.77664e-06
-1.06059e-06
-1.84986e-06
-1.47352e-06
-1.93625e-06
-1.89839e-06
-2.03308e-06
-2.33632e-06
-2.13679e-06
-2.78779e-06
-2.24279e-06
-3.25235e-06
-2.34541e-06
-3.72831e-06
-2.43783e-06
-4.21224e-06
-2.51206e-06
-4.69843e-06
-2.55906e-06
-5.17822e-06
-2.56904e-06
-5.63918e-06
-2.53204e-06
-6.06427e-06
-2.43879e-06
-6.43101e-06
-2.28206e-06
-6.71073e-06
-2.05835e-06
-6.86836e-06
-1.77005e-06
-6.8628e-06
-1.4277e-06
-6.64847e-06
-1.05203e-06
-6.17836e-06
-6.75089e-07
-5.4088e-06
-3.39747e-07
-4.30564e-06
-9.69578e-08
-2.85123e-06
-1.05292e-06
-9.25524e-08
1.02392e-06
-3.21248e-07
2.75291e-06
-6.31022e-07
4.12809e-06
-9.70865e-07
5.15166e-06
-1.30008e-06
5.85291e-06
-1.59023e-06
6.2752e-06
-1.82444e-06
6.46718e-06
-1.99546e-06
6.47677e-06
-2.10318e-06
6.34731e-06
-2.15227e-06
6.11579e-06
-2.15023e-06
5.81237e-06
-2.10591e-06
5.46084e-06
-2.02847e-06
5.07932e-06
-1.92675e-06
4.68123e-06
-1.80887e-06
4.27618e-06
-1.68203e-06
3.87078e-06
-1.55253e-06
3.46931e-06
-1.4257e-06
3.07428e-06
-1.30605e-06
2.68685e-06
-1.19732e-06
2.30718e-06
-1.10259e-06
1.93467e-06
-1.02437e-06
1.56818e-06
-9.64653e-07
1.20612e-06
-9.24988e-07
8.46639e-07
-9.06525e-07
4.87616e-07
-9.1003e-07
1.26785e-07
-9.35884e-07
-2.38233e-07
-9.84062e-07
-6.09874e-07
-1.05409e-06
-9.90564e-07
-1.14495e-06
-1.38265e-06
-1.25503e-06
-1.78831e-06
-1.38195e-06
-2.2094e-06
-1.52244e-06
-2.6473e-06
-1.67216e-06
-3.10263e-06
-1.82554e-06
-3.57493e-06
-1.9756e-06
-4.06218e-06
-2.11384e-06
-4.56019e-06
-2.23022e-06
-5.06185e-06
-2.31329e-06
-5.5561e-06
-2.35068e-06
-6.02688e-06
-2.32987e-06
-6.45182e-06
-2.23959e-06
-6.80101e-06
-2.07182e-06
-7.03613e-06
-1.82448e-06
-7.11013e-06
-1.50463e-06
-6.96832e-06
-1.13169e-06
-6.5513e-06
-7.39851e-07
-5.80064e-06
-3.78575e-07
-4.66692e-06
-1.09736e-07
-3.12007e-06
-1.16266e-06
-1.07671e-07
1.13159e-06
-3.66667e-07
3.0119e-06
-7.0588e-07
4.46731e-06
-1.06214e-06
5.50792e-06
-1.38827e-06
6.17903e-06
-1.65432e-06
6.54125e-06
-1.84544e-06
6.65831e-06
-1.9583e-06
6.58963e-06
-1.99735e-06
6.38637e-06
-1.97168e-06
6.09011e-06
-1.89256e-06
5.73326e-06
-1.77184e-06
5.34012e-06
-1.6209e-06
4.92838e-06
-1.45008e-06
4.5104e-06
-1.26842e-06
4.09453e-06
-1.08367e-06
3.68603e-06
-9.02286e-07
3.28793e-06
-7.29606e-07
2.9016e-06
-5.69984e-07
2.52723e-06
-4.26948e-07
2.16414e-06
-3.03337e-07
1.81106e-06
-2.01423e-07
1.46626e-06
-1.23009e-07
1.12771e-06
-6.95091e-08
7.93139e-07
-4.19991e-08
4.60106e-07
-4.12496e-08
1.26035e-07
-6.77331e-08
-2.1175e-07
-1.21604e-07
-5.56002e-07
-2.02656e-07
-9.09513e-07
-3.10241e-07
-1.27507e-06
-4.43171e-07
-1.65538e-06
-5.99572e-07
-2.053e-06
-7.76707e-07
-2.47016e-06
-9.7076e-07
-2.90858e-06
-1.17659e-06
-3.3691e-06
-1.38746e-06
-3.8513e-06
-1.59479e-06
-4.35286e-06
-1.78796e-06
-4.86868e-06
-1.95421e-06
-5.38985e-06
-2.07894e-06
-5.90216e-06
-2.14623e-06
-6.38452e-06
-2.14025e-06
-6.807e-06
-2.04731e-06
-7.12907e-06
-1.85918e-06
-7.29827e-06
-1.57725e-06
-7.25024e-06
-1.21749e-06
-6.91106e-06
-8.14884e-07
-6.20324e-06
-4.25819e-07
-5.05598e-06
-1.25879e-07
-3.42001e-06
-1.28854e-06
-1.27821e-07
1.25941e-06
-4.24645e-07
3.30873e-06
-7.96682e-07
4.83934e-06
-1.16538e-06
5.87662e-06
-1.47706e-06
6.49071e-06
-1.7022e-06
6.76639e-06
-1.83049e-06
6.7866e-06
-1.86487e-06
6.62401e-06
-1.81614e-06
6.33763e-06
-1.69887e-06
5.97285e-06
-1.52867e-06
5.56306e-06
-1.32048e-06
5.13194e-06
-1.08771e-06
4.6956e-06
-8.41866e-07
4.26456e-06
-5.92557e-07
3.84522e-06
-3.4761e-07
3.44108e-06
-1.13303e-07
3.05362e-06
1.05387e-07
2.68291e-06
3.04546e-07
2.32807e-06
4.81112e-07
1.98758e-06
6.32687e-07
1.65948e-06
7.57394e-07
1.34155e-06
8.53751e-07
1.03135e-06
9.20584e-07
7.26306e-07
9.56962e-07
4.23728e-07
9.62157e-07
1.2084e-07
9.35632e-07
-1.85225e-07
8.7705e-07
-4.97421e-07
7.86321e-07
-8.18783e-07
6.63664e-07
-1.15241e-06
5.09725e-07
-1.50144e-06
3.25715e-07
-1.86899e-06
1.13612e-07
-2.25806e-06
-1.2359e-07
-2.67137e-06
-3.81573e-07
-3.11112e-06
-6.54331e-07
-3.57855e-06
-9.33771e-07
-4.07342e-06
-1.2093e-06
-4.59315e-06
-1.46751e-06
-5.13163e-06
-1.69204e-06
-5.67763e-06
-1.86385e-06
-6.21271e-06
-1.96223e-06
-6.70862e-06
-1.96684e-06
-7.12445e-06
-1.86132e-06
-7.4038e-06
-1.6386e-06
-7.47297e-06
-1.30789e-06
-7.24177e-06
-9.02252e-07
-6.60888e-06
-4.84422e-07
-5.47381e-06
-1.46897e-07
-3.75754e-06
-1.43543e-06
-1.55453e-07
1.41486e-06
-4.99709e-07
3.65298e-06
-9.0653e-07
5.24616e-06
-1.2786e-06
6.24869e-06
-1.55726e-06
6.76937e-06
-1.71711e-06
6.92624e-06
-1.7563e-06
6.82579e-06
-1.68709e-06
6.5548e-06
-1.52857e-06
6.17911e-06
-1.30177e-06
5.74605e-06
-1.02681e-06
5.28809e-06
-7.21426e-07
4.82655e-06
-4.00526e-07
4.3747e-06
-7.6176e-08
3.94021e-06
2.42106e-07
3.52693e-06
5.46963e-07
3.13622e-06
8.32797e-07
2.76779e-06
1.0954e-06
2.42031e-06
1.33164e-06
2.09184e-06
1.53917e-06
1.78005e-06
1.71625e-06
1.4824e-06
1.86157e-06
1.19624e-06
1.97408e-06
9.18841e-07
2.05295e-06
6.47436e-07
2.09747e-06
3.79213e-07
2.10699e-06
1.11315e-07
2.08095e-06
-1.59189e-07
2.01885e-06
-4.35318e-07
1.92028e-06
-7.20208e-07
1.78499e-06
-1.01712e-06
1.61299e-06
-1.32945e-06
1.40471e-06
-1.66071e-06
1.16116e-06
-2.01451e-06
8.84208e-07
-2.39442e-06
5.76944e-07
-2.80385e-06
2.44101e-07
-3.2457e-06
-1.07411e-07
-3.72191e-06
-4.67883e-07
-4.23268e-06
-8.24168e-07
-4.77535e-06
-1.15912e-06
-5.34268e-06
-1.45132e-06
-5.9205e-06
-1.67549e-06
-6.48445e-06
-1.80404e-06
-6.9959e-06
-1.81059e-06
-7.39725e-06
-1.67615e-06
-7.60741e-06
-1.39843e-06
-7.51949e-06
-1.00368e-06
-7.00363e-06
-5.58448e-07
-5.91904e-06
-1.75208e-07
-4.14078e-06
-1.61064e-06
-1.94552e-07
1.60941e-06
-5.97934e-07
4.05637e-06
-1.0374e-06
5.68563e-06
-1.39461e-06
6.60589e-06
-1.61055e-06
6.98531e-06
-1.67047e-06
6.98617e-06
-1.58654e-06
6.74186e-06
-1.38398e-06
6.35223e-06
-1.09191e-06
5.88705e-06
-7.38186e-07
5.39232e-06
-3.46919e-07
4.89683e-06
6.22212e-08
4.41741e-06
4.73864e-07
3.96306e-06
8.76383e-07
3.53769e-06
1.26121e-06
3.14211e-06
1.62218e-06
2.77525e-06
1.95496e-06
2.43501e-06
2.25654e-06
2.11872e-06
2.52492e-06
1.82346e-06
2.75874e-06
1.54623e-06
2.9571e-06
1.28404e-06
3.11937e-06
1.03397e-06
3.24507e-06
7.93134e-07
3.33379e-06
5.58717e-07
3.38509e-06
3.2792e-07
3.39846e-06
9.79381e-08
3.37335e-06
-1.34078e-07
3.3091e-06
-3.71069e-07
3.205e-06
-6.1611e-07
3.06033e-06
-8.72451e-07
2.87444e-06
-1.14355e-06
2.64684e-06
-1.43312e-06
2.37744e-06
-1.74511e-06
2.06675e-06
-2.08373e-06
1.71623e-06
-2.45333e-06
1.3288e-06
-2.85827e-06
9.09418e-07
-3.30253e-06
4.65907e-07
-3.78917e-06
9.87741e-09
-4.31932e-06
-4.42204e-07
-4.8906e-06
-8.68042e-07
-5.49466e-06
-1.23897e-06
-6.11352e-06
-1.52048e-06
-6.71439e-06
-1.6749e-06
-7.24282e-06
-1.66766e-06
-7.61465e-06
-1.47859e-06
-7.70856e-06
-1.11912e-06
-7.3631e-06
-6.53273e-07
-6.38489e-06
-2.14769e-07
-4.57928e-06
-1.82541e-06
-2.5168e-07
1.86109e-06
-7.26794e-07
4.53148e-06
-1.18703e-06
6.14587e-06
-1.49509e-06
6.91395e-06
-1.60215e-06
7.09237e-06
-1.51458e-06
6.8986e-06
-1.26564e-06
6.49292e-06
-8.96964e-07
5.98356e-06
-4.48452e-07
5.43854e-06
4.61159e-08
4.89776e-06
5.60184e-07
4.38276e-06
1.07392e-06
3.90368e-06
1.5731e-06
3.46388e-06
2.0479e-06
3.06289e-06
2.49176e-06
2.69824e-06
2.90054e-06
2.36648e-06
3.27173e-06
2.06382e-06
3.60401e-06
1.78645e-06
3.89675e-06
1.53072e-06
4.1498e-06
1.29318e-06
4.36324e-06
1.0706e-06
4.53724e-06
8.5997e-07
4.67193e-06
6.58439e-07
4.76737e-06
4.63284e-07
4.82342e-06
2.71867e-07
4.83978e-06
8.15799e-08
4.81591e-06
-1.10208e-07
4.75105e-06
-3.0621e-07
4.64422e-06
-5.09282e-07
4.49425e-06
-7.22479e-07
4.29982e-06
-9.49119e-07
4.05955e-06
-1.19285e-06
3.77216e-06
-1.45771e-06
3.43662e-06
-1.74819e-06
3.05252e-06
-2.06924e-06
2.62048e-06
-2.42622e-06
2.14277e-06
-2.82482e-06
1.62425e-06
-3.27065e-06
1.07348e-06
-3.76856e-06
5.04295e-07
-4.32141e-06
-6.25057e-08
-4.92786e-06
-5.97337e-07
-5.57869e-06
-1.06072e-06
-6.25101e-06
-1.404e-06
-6.89954e-06
-1.57416e-06
-7.44449e-06
-1.52576e-06
-7.75696e-06
-1.24331e-06
-7.64555e-06
-7.75184e-07
-6.85301e-06
-2.72095e-07
-5.08237e-06
-2.09751e-06
-3.37486e-07
2.19858e-06
-8.93158e-07
5.08715e-06
-1.34119e-06
6.5939e-06
-1.53901e-06
7.11178e-06
-1.4684e-06
7.02176e-06
-1.17164e-06
6.60184e-06
-7.10411e-07
6.03169e-06
-1.44346e-07
5.41749e-06
4.77539e-07
4.81665e-06
1.11849e-06
4.25681e-06
1.75263e-06
3.74861e-06
2.36271e-06
3.2936e-06
2.93782e-06
2.88876e-06
3.47155e-06
2.52917e-06
3.96051e-06
2.20928e-06
4.40334e-06
1.92365e-06
4.79991e-06
1.66725e-06
5.15083e-06
1.43553e-06
5.45709e-06
1.22445e-06
5.71984e-06
1.03043e-06
5.94018e-06
8.50258e-07
6.11909e-06
6.81056e-07
6.25735e-06
5.20183e-07
6.35545e-06
3.6518e-07
6.41361e-06
2.13707e-07
6.43171e-06
6.34839e-08
6.40928e-06
-8.77743e-08
6.34549e-06
-2.42422e-07
6.23916e-06
-4.02949e-07
6.08873e-06
-5.72048e-07
5.8923e-06
-7.52693e-07
5.64767e-06
-9.48224e-07
5.35241e-06
-1.16245e-06
5.00396e-06
-1.39975e-06
4.59992e-06
-1.6652e-06
4.13833e-06
-1.96463e-06
3.61824e-06
-2.30473e-06
3.04056e-06
-2.69297e-06
2.40929e-06
-3.13729e-06
1.7333e-06
-3.64543e-06
1.02876e-06
-4.22332e-06
3.22174e-07
-4.8721e-06
-3.46298e-07
-5.58254e-06
-9.20372e-07
-6.32546e-06
-1.32862e-06
-7.03624e-06
-1.49374e-06
-7.59184e-06
-1.35746e-06
-7.78183e-06
-9.28841e-07
-7.28164e-06
-3.57636e-07
-5.65357e-06
-2.45514e-06
-4.67581e-07
2.66616e-06
-1.09498e-06
5.71455e-06
-1.45535e-06
6.95426e-06
-1.44031e-06
7.09674e-06
-1.09628e-06
6.67773e-06
-5.18362e-07
6.02392e-06
1.99675e-07
5.31365e-06
9.83599e-07
4.63357e-06
1.78118e-06
4.01907e-06
2.55855e-06
3.47943e-06
3.29536e-06
3.0118e-06
3.9805e-06
2.60846e-06
4.60881e-06
2.26045e-06
5.17889e-06
1.95909e-06
5.69149e-06
1.69668e-06
6.14855e-06
1.46659e-06
6.55259e-06
1.26321e-06
6.90627e-06
1.08185e-06
7.21219e-06
9.18533e-07
7.47273e-06
7.69894e-07
7.68994e-06
6.33041e-07
7.86555e-06
5.05446e-07
8.00088e-06
3.84859e-07
8.09683e-06
2.69224e-07
8.15392e-06
1.56618e-07
8.17221e-06
4.51931e-08
8.15133e-06
-6.68908e-08
8.09043e-06
-1.81526e-07
7.98821e-06
-3.00725e-07
7.84284e-06
-4.26681e-07
7.652e-06
-5.61851e-07
7.41283e-06
-7.09049e-07
7.12193e-06
-8.71556e-07
6.77544e-06
-1.05326e-06
6.36909e-06
-1.25884e-06
5.89836e-06
-1.49391e-06
5.35893e-06
-1.7653e-06
4.7472e-06
-2.08123e-06
4.06138e-06
-2.45147e-06
3.30324e-06
-2.88728e-06
2.4807e-06
-3.40079e-06
1.6119e-06
-4.0033e-06
7.30573e-07
-4.70122e-06
-1.07339e-07
-5.48755e-06
-8.18163e-07
-6.32542e-06
-1.29164e-06
-7.11837e-06
-1.4106e-06
-7.66287e-06
-1.10787e-06
-7.58437e-06
-4.8613e-07
-6.27531e-06
-2.94127e-06
-6.56613e-07
3.32277e-06
-1.29332e-06
6.35126e-06
-1.41281e-06
7.07375e-06
-1.02709e-06
6.71102e-06
-2.92764e-07
5.9434e-06
6.32668e-07
5.09849e-06
1.63101e-06
4.31531e-06
2.62613e-06
3.63845e-06
3.57432e-06
3.07088e-06
4.4535e-06
2.60026e-06
5.25476e-06
2.21054e-06
5.97677e-06
1.88645e-06
6.62221e-06
1.615e-06
7.19569e-06
1.38562e-06
7.70246e-06
1.1899e-06
8.14785e-06
1.0212e-06
8.53684e-06
8.74228e-07
8.87392e-06
7.44778e-07
9.16301e-06
6.29443e-07
9.40747e-06
5.25432e-07
9.61009e-06
4.30418e-07
9.77312e-06
3.42421e-07
9.89826e-06
2.59712e-07
9.98674e-06
1.80745e-07
1.00393e-05
1.04093e-07
1.00561e-05
2.83999e-08
1.00368e-05
-4.76732e-08
9.98082e-06
-1.25502e-07
9.88665e-06
-2.06556e-07
9.75242e-06
-2.9245e-07
9.57558e-06
-3.85011e-07
9.3529e-06
-4.86365e-07
9.08038e-06
-5.99043e-07
8.75323e-06
-7.26115e-07
8.36577e-06
-8.71376e-07
7.91144e-06
-1.03958e-06
7.38287e-06
-1.23672e-06
6.77212e-06
-1.47048e-06
6.0713e-06
-1.75065e-06
5.27371e-06
-2.08969e-06
4.37608e-06
-2.50317e-06
3.38254e-06
-3.00976e-06
2.31113e-06
-3.62981e-06
1.20399e-06
-4.38041e-06
1.40995e-07
-5.26243e-06
-7.47008e-07
-6.23036e-06
-1.27861e-06
-7.13126e-06
-1.26524e-06
-7.59775e-06
-6.69162e-07
-6.87139e-06
-3.61043e-06
-8.8786e-07
4.21064e-06
-1.33347e-06
6.79687e-06
-9.36143e-07
6.67642e-06
2.63961e-08
5.74848e-06
1.25493e-06
4.71487e-06
2.54919e-06
3.80423e-06
3.79678e-06
3.06772e-06
4.94487e-06
2.49036e-06
5.97519e-06
2.04055e-06
6.88727e-06
1.68819e-06
7.68872e-06
1.40909e-06
8.39015e-06
1.18503e-06
9.00258e-06
1.00257e-06
9.53633e-06
8.51867e-07
1.00006e-05
7.25663e-07
1.04032e-05
6.18553e-07
1.0751e-05
5.26452e-07
1.10495e-05
4.46224e-07
1.13036e-05
3.75418e-07
1.15169e-05
3.12083e-07
1.16927e-05
2.54627e-07
1.18334e-05
2.01726e-07
1.19409e-05
1.52245e-07
1.20164e-05
1.05182e-07
1.20609e-05
5.96237e-08
1.20746e-05
1.47135e-08
1.20573e-05
-3.03891e-08
1.20084e-05
-7.65482e-08
1.19265e-05
-1.24689e-07
1.18099e-05
-1.75835e-07
1.1656e-05
-2.31157e-07
1.14617e-05
-2.92032e-07
1.12228e-05
-3.60124e-07
1.09341e-05
-4.37497e-07
1.05895e-05
-5.26757e-07
1.01812e-05
-6.31265e-07
9.69992e-06
-7.55424e-07
9.13453e-06
-9.051e-07
8.4721e-06
-1.08822e-06
7.69801e-06
-1.3156e-06
6.79699e-06
-1.60215e-06
5.75555e-06
-1.96831e-06
4.56731e-06
-2.44157e-06
3.24376e-06
-3.05686e-06
1.83356e-06
-3.85222e-06
4.524e-07
-4.84921e-06
-6.81919e-07
-5.99694e-06
-1.23472e-06
-7.04495e-06
-8.82002e-07
-7.2241e-06
-4.49244e-06
-1.01496e-06
5.22559e-06
-7.47164e-07
6.52908e-06
5.84518e-07
5.34474e-06
2.29948e-06
4.03352e-06
4.01712e-06
2.99722e-06
5.57924e-06
2.24211e-06
6.93927e-06
1.70769e-06
8.10087e-06
1.32876e-06
9.08632e-06
1.0551e-06
9.92186e-06
8.52649e-07
1.06318e-05
6.99118e-07
1.1237e-05
5.79891e-07
1.17543e-05
4.85267e-07
1.21975e-05
4.08679e-07
1.25775e-05
3.45578e-07
1.29034e-05
2.92732e-07
1.3182e-05
2.47793e-07
1.34192e-05
2.09014e-07
1.36196e-05
1.75063e-07
1.37868e-05
1.44901e-07
1.39237e-05
1.17699e-07
1.40326e-05
9.2777e-08
1.41153e-05
6.95595e-08
1.4173e-05
4.75443e-08
1.42063e-05
2.62797e-08
1.42157e-05
5.3443e-09
1.4201e-05
-1.56711e-08
1.41616e-05
-3.71879e-08
1.40966e-05
-5.96589e-08
1.40043e-05
-8.3589e-08
1.38827e-05
-1.09558e-07
1.3729e-05
-1.38255e-07
1.35394e-05
-1.70524e-07
1.33093e-05
-2.07425e-07
1.30328e-05
-2.50325e-07
1.27026e-05
-3.01022e-07
1.23091e-05
-3.61941e-07
1.18404e-05
-4.36422e-07
1.12814e-05
-5.29178e-07
1.06128e-05
-6.47028e-07
9.81076e-06
-8.0008e-07
8.84611e-06
-1.00366e-06
7.68595e-06
-1.28141e-06
6.29902e-06
-1.66993e-06
4.67116e-06
-2.22437e-06
2.84054e-06
-3.01858e-06
9.6738e-07
-4.12379e-06
-5.44229e-07
-5.53334e-06
-9.63316e-07
-6.80501e-06
-5.45575e-06
-2.34552e-07
5.46015e-06
1.80498e-06
4.48955e-06
4.40275e-06
2.74696e-06
6.72281e-06
1.71347e-06
8.60692e-06
1.11311e-06
1.00956e-05
7.53432e-07
1.12696e-05
5.33743e-07
1.22034e-05
3.94933e-07
1.29555e-05
3.02995e-07
1.3569e-05
2.39093e-07
1.40754e-05
1.92729e-07
1.44975e-05
1.57842e-07
1.4852e-05
1.30783e-07
1.51514e-05
1.09258e-07
1.54052e-05
9.1761e-08
1.56207e-05
7.72668e-08
1.58034e-05
6.50527e-08
1.59578e-05
5.45934e-08
1.60874e-05
4.54964e-08
1.61948e-05
3.74605e-08
1.62823e-05
3.02482e-08
1.63514e-05
2.3667e-08
1.64034e-05
1.75556e-08
1.64392e-05
1.17742e-08
1.64592e-05
6.19766e-09
1.64639e-05
7.10894e-10
1.6453e-05
-4.79678e-09
1.64263e-05
-1.04398e-08
1.63829e-05
-1.63423e-08
1.6322e-05
-2.26434e-08
1.62419e-05
-2.95034e-08
1.61408e-05
-3.71139e-08
1.6016e-05
-4.57121e-08
1.58642e-05
-5.55989e-08
1.5681e-05
-6.71674e-08
1.54609e-05
-8.0944e-08
1.51966e-05
-9.76524e-08
1.48785e-05
-1.18317e-07
1.44938e-05
-1.44433e-07
1.4025e-05
-1.78274e-07
1.34484e-05
-2.23436e-07
1.27306e-05
-2.85891e-07
1.18253e-05
-3.7605e-07
1.06682e-05
-5.12846e-07
9.1751e-06
-7.31294e-07
7.25121e-06
-1.09469e-06
4.84183e-06
-1.7144e-06
2.10331e-06
-2.79483e-06
-1.05727e-07
-4.59597e-06
-5.56148e-06
5.46015e-06
9.94969e-06
1.26967e-05
1.44101e-05
1.55232e-05
1.62767e-05
1.68104e-05
1.72053e-05
1.75083e-05
1.77474e-05
1.79402e-05
1.8098e-05
1.82288e-05
1.8338e-05
1.84298e-05
1.85071e-05
1.85721e-05
1.86267e-05
1.86722e-05
1.87097e-05
1.87399e-05
1.87636e-05
1.87811e-05
1.87929e-05
1.87991e-05
1.87998e-05
1.8795e-05
1.87846e-05
1.87682e-05
1.87456e-05
1.87161e-05
1.8679e-05
1.86333e-05
1.85777e-05
1.85105e-05
1.84296e-05
1.83319e-05
1.82136e-05
1.80692e-05
1.78909e-05
1.76674e-05
1.73816e-05
1.70055e-05
1.64927e-05
1.57614e-05
1.46667e-05
1.29523e-05
1.01575e-05
5.56148e-06
)
;

boundaryField
{
    movingWall
    {
        type            calculated;
        value           uniform 0;
    }
    fixedWalls
    {
        type            calculated;
        value           uniform 0;
    }
    frontAndBack
    {
        type            empty;
        value           nonuniform List<scalar> 0();
    }
}


// ************************************************************************* //
