/*--------------------------------*- C++ -*----------------------------------*\
| =========                 |                                                 |
| \\      /  F ield         | OpenFOAM: The Open Source CFD Toolbox           |
|  \\    /   O peration     | Version:  v2012                                 |
|   \\  /    A nd           | Website:  www.openfoam.com                      |
|    \\/     M anipulation  |                                                 |
\*---------------------------------------------------------------------------*/
FoamFile
{
    version     2.0;
    format      ascii;
    class       volVectorField;
    location    "0.05";
    object      U;
}
// * * * * * * * * * * * * * * * * * * * * * * * * * * * * * * * * * * * * * //

dimensions      [0 1 -1 0 0 0 0];


internalField   nonuniform List<vector> 
2500
(
(2.90335e-05 -2.92309e-05 0)
(8.66354e-05 -3.53868e-05 0)
(0.000117091 -1.70546e-05 0)
(8.45149e-05 8.98151e-06 0)
(-2.30654e-05 3.56435e-05 0)
(-0.000203693 6.01093e-05 0)
(-0.000450482 8.12896e-05 0)
(-0.000754481 9.88664e-05 0)
(-0.00110583 0.000112848 0)
(-0.00149445 0.000123379 0)
(-0.00191043 0.000130655 0)
(-0.00234421 0.000134892 0)
(-0.0027867 0.000136312 0)
(-0.00322939 0.000135142 0)
(-0.00366435 0.000131601 0)
(-0.00408427 0.000125899 0)
(-0.00448245 0.000118242 0)
(-0.00485283 0.000108832 0)
(-0.00518999 9.7867e-05 0)
(-0.0054891 8.55391e-05 0)
(-0.00574598 7.20354e-05 0)
(-0.00595705 5.75404e-05 0)
(-0.00611936 4.22337e-05 0)
(-0.00623055 2.62909e-05 0)
(-0.0062889 9.894e-06 0)
(-0.00629336 -6.72728e-06 0)
(-0.0062436 -2.33458e-05 0)
(-0.00614007 -3.97206e-05 0)
(-0.00598392 -5.56427e-05 0)
(-0.00577705 -7.08974e-05 0)
(-0.00552206 -8.52552e-05 0)
(-0.00522236 -9.84714e-05 0)
(-0.00488214 -0.000110294 0)
(-0.00450639 -0.000120468 0)
(-0.00410088 -0.00012874 0)
(-0.00367218 -0.000134856 0)
(-0.00322761 -0.000138571 0)
(-0.0027752 -0.000139648 0)
(-0.00232364 -0.000137865 0)
(-0.00188218 -0.000133014 0)
(-0.00146055 -0.00012491 0)
(-0.00106882 -0.000113399 0)
(-0.000717198 -9.83708e-05 0)
(-0.000415798 -7.97904e-05 0)
(-0.000174183 -5.77759e-05 0)
(-6.67692e-07 -3.27942e-05 0)
(9.88799e-05 -6.09772e-06 0)
(0.000123897 1.93209e-05 0)
(8.79351e-05 3.63503e-05 0)
(2.88635e-05 2.87961e-05 0)
(3.54911e-05 -8.66618e-05 0)
(7.80543e-05 -7.73725e-05 0)
(2.65394e-05 2.11334e-05 0)
(-0.000174543 0.000153558 0)
(-0.000547602 0.000292885 0)
(-0.00109269 0.000425256 0)
(-0.00179799 0.000543557 0)
(-0.00264498 0.000644395 0)
(-0.00361138 0.000726385 0)
(-0.00467314 0.000789235 0)
(-0.00580562 0.000833286 0)
(-0.00698446 0.000859247 0)
(-0.00818607 0.000868054 0)
(-0.00938793 0.000860774 0)
(-0.0105689 0.000838555 0)
(-0.0117091 0.000802589 0)
(-0.0127906 0.000754085 0)
(-0.0137968 0.000694268 0)
(-0.0147127 0.000624362 0)
(-0.0155252 0.000545589 0)
(-0.0162227 0.000459169 0)
(-0.0167956 0.000366319 0)
(-0.0172355 0.000268258 0)
(-0.0175363 0.000166202 0)
(-0.0176933 6.14335e-05 0)
(-0.0177038 -4.46744e-05 0)
(-0.0175671 -0.000150636 0)
(-0.0172844 -0.000255016 0)
(-0.0168589 -0.000356384 0)
(-0.0162959 -0.000453303 0)
(-0.0156027 -0.000544281 0)
(-0.0147887 -0.000627782 0)
(-0.0138654 -0.000702249 0)
(-0.0128465 -0.000766124 0)
(-0.0117477 -0.000817874 0)
(-0.0105866 -0.000856007 0)
(-0.00938294 -0.00087911 0)
(-0.00815813 -0.000885876 0)
(-0.00693509 -0.000875143 0)
(-0.00573804 -0.000845942 0)
(-0.00459207 -0.000797558 0)
(-0.0035227 -0.00072962 0)
(-0.0025552 -0.000642245 0)
(-0.00171367 -0.00053627 0)
(-0.0010197 -0.00041371 0)
(-0.0004904 -0.000278628 0)
(-0.000135398 -0.000138785 0)
(4.81443e-05 -8.58553e-06 0)
(8.59166e-05 8.48548e-05 0)
(3.67285e-05 8.79457e-05 0)
(1.84504e-05 -0.000118761 0)
(-1.67819e-05 -2.68837e-05 0)
(-0.000227243 0.000232785 0)
(-0.000660239 0.00056415 0)
(-0.00133688 0.000914083 0)
(-0.00225716 0.00125096 0)
(-0.00340602 0.00155623 0)
(-0.00475861 0.00181961 0)
(-0.00628418 0.00203588 0)
(-0.00794862 0.00220289 0)
(-0.00971633 0.00232051 0)
(-0.0115515 0.00238983 0)
(-0.0134189 0.0024128 0)
(-0.0152847 0.00239189 0)
(-0.0171167 0.00232994 0)
(-0.018885 0.00223 0)
(-0.0205615 0.00209528 0)
(-0.0221209 0.00192906 0)
(-0.0235401 0.00173469 0)
(-0.0247988 0.00151555 0)
(-0.025879 0.00127505 0)
(-0.0267657 0.0010166 0)
(-0.0274462 0.000743666 0)
(-0.0279109 0.000459746 0)
(-0.0281527 0.000168471 0)
(-0.0281676 -0.000126324 0)
(-0.0279545 -0.000420629 0)
(-0.0275155 -0.000710431 0)
(-0.0268555 -0.000991723 0)
(-0.0259828 -0.00126045 0)
(-0.0249089 -0.00151246 0)
(-0.0236482 -0.00174352 0)
(-0.0222188 -0.00194938 0)
(-0.0206414 -0.00212581 0)
(-0.0189404 -0.0022687 0)
(-0.0171429 -0.00237408 0)
(-0.0152788 -0.00243825 0)
(-0.0133805 -0.00245787 0)
(-0.0114827 -0.00243009 0)
(-0.00962158 -0.00235269 0)
(-0.00783441 -0.00222429 0)
(-0.00615864 -0.00204464 0)
(-0.00463079 -0.00181503 0)
(-0.00328505 -0.00153893 0)
(-0.00215131 -0.00122308 0)
(-0.0012525 -0.000879301 0)
(-0.000600922 -0.000527551 0)
(-0.000193026 -0.000200514 0)
(-3.34944e-06 4.84672e-05 0)
(2.08424e-05 0.000125462 0)
(-6.12852e-06 -9.01053e-05 0)
(-0.000145529 0.000170223 0)
(-0.0005544 0.000664542 0)
(-0.00125612 0.00126385 0)
(-0.00226169 0.0018907 0)
(-0.00356734 0.0024951 0)
(-0.00515358 0.00304545 0)
(-0.00698988 0.00352273 0)
(-0.00903871 0.00391631 0)
(-0.0112581 0.00422106 0)
(-0.013604 0.00443561 0)
(-0.0160313 0.00456111 0)
(-0.0184957 0.00460048 0)
(-0.0209541 0.00455779 0)
(-0.0233652 0.00443797 0)
(-0.0256904 0.00424648 0)
(-0.0278936 0.00398916 0)
(-0.0299419 0.00367209 0)
(-0.0318053 0.00330153 0)
(-0.0334572 0.00288385 0)
(-0.0348744 0.00242551 0)
(-0.0360372 0.00193307 0)
(-0.0369293 0.00141316 0)
(-0.0375379 0.000872533 0)
(-0.0378541 0.000318136 0)
(-0.0378727 -0.000242723 0)
(-0.0375924 -0.000802538 0)
(-0.0370158 -0.00135368 0)
(-0.0361497 -0.00188852 0)
(-0.0350047 -0.00239931 0)
(-0.0335958 -0.00287816 0)
(-0.031942 -0.00331712 0)
(-0.0300667 -0.00370821 0)
(-0.0279969 -0.00404354 0)
(-0.0257641 -0.00431549 0)
(-0.0234032 -0.00451676 0)
(-0.0209528 -0.00464065 0)
(-0.0184544 -0.00468118 0)
(-0.0159523 -0.00463341 0)
(-0.0134924 -0.00449371 0)
(-0.0111218 -0.00426017 0)
(-0.00888725 -0.00393315 0)
(-0.00683428 -0.00351599 0)
(-0.00500498 -0.00301615 0)
(-0.003436 -0.00244688 0)
(-0.00215571 -0.00182979 0)
(-0.00118045 -0.00119889 0)
(-0.000509863 -0.00060593 0)
(-0.000127504 -0.000128925 0)
(-2.74623e-06 0.000105204 0)
(-3.16494e-05 1.13841e-05 0)
(-0.000284073 0.000539028 0)
(-0.000909512 0.00134277 0)
(-0.00189918 0.00227161 0)
(-0.00324831 0.00322873 0)
(-0.00494597 0.00414796 0)
(-0.00696636 0.00498515 0)
(-0.00927275 0.00571223 0)
(-0.0118212 0.00631249 0)
(-0.014563 0.00677716 0)
(-0.0174468 0.0071031 0)
(-0.0204203 0.00729121 0)
(-0.0234312 0.00734523 0)
(-0.0264289 0.00727093 0)
(-0.0293648 0.00707553 0)
(-0.0321928 0.00676725 0)
(-0.0348702 0.00635504 0)
(-0.0373575 0.00584832 0)
(-0.0396191 0.00525688 0)
(-0.0416231 0.00459073 0)
(-0.0433418 0.00386012 0)
(-0.0447514 0.00307544 0)
(-0.0458325 0.00224729 0)
(-0.0465698 0.00138645 0)
(-0.0469528 0.000504022 0)
(-0.0469753 -0.000388452 0)
(-0.0466357 -0.00127911 0)
(-0.0459371 -0.0021559 0)
(-0.0448877 -0.00300671 0)
(-0.0435004 -0.00381924 0)
(-0.041793 -0.00458102 0)
(-0.0397884 -0.00527952 0)
(-0.0375142 -0.00590221 0)
(-0.0350031 -0.00643681 0)
(-0.0322923 -0.00687143 0)
(-0.0294233 -0.00719485 0)
(-0.026442 -0.00739679 0)
(-0.0233976 -0.00746825 0)
(-0.020342 -0.00740196 0)
(-0.0173295 -0.00719282 0)
(-0.0144151 -0.00683856 0)
(-0.0116537 -0.00634051 0)
(-0.00909814 -0.00570473 0)
(-0.00679753 -0.00494346 0)
(-0.004795 -0.00407724 0)
(-0.00312509 -0.00313802 0)
(-0.00181012 -0.0021735 0)
(-0.000856428 -0.00125262 0)
(-0.000262275 -0.000473512 0)
(-2.74806e-05 1.41846e-05 0)
(-5.58391e-05 0.000186116 0)
(-0.000421599 0.0010864 0)
(-0.00126881 0.00227884 0)
(-0.00255384 0.00359958 0)
(-0.00425303 0.00493765 0)
(-0.00634568 0.00621377 0)
(-0.00879787 0.00737279 0)
(-0.0115656 0.00837821 0)
(-0.0145982 0.00920726 0)
(-0.0178406 0.00984739 0)
(-0.0212349 0.0102935 0)
(-0.0247221 0.0105461 0)
(-0.0282435 0.0106098 0)
(-0.0317421 0.0104919 0)
(-0.0351626 0.0102024 0)
(-0.0384533 0.00975233 0)
(-0.0415653 0.00915426 0)
(-0.0444542 0.00842138 0)
(-0.0470791 0.00756749 0)
(-0.0494039 0.00660685 0)
(-0.051397 0.00555404 0)
(-0.0530312 0.00442396 0)
(-0.0542845 0.0032318 0)
(-0.0551395 0.00199306 0)
(-0.0555841 0.000723673 0)
(-0.0556112 -0.000559894 0)
(-0.0552192 -0.00184073 0)
(-0.0544116 -0.00310166 0)
(-0.0531976 -0.00432534 0)
(-0.0515918 -0.00549419 0)
(-0.0496145 -0.00659044 0)
(-0.0472918 -0.00759625 0)
(-0.044655 -0.00849388 0)
(-0.0417413 -0.00926595 0)
(-0.0385927 -0.00989573 0)
(-0.0352566 -0.0103675 0)
(-0.0317846 -0.010667 0)
(-0.0282325 -0.0107818 0)
(-0.024659 -0.0107022 0)
(-0.0211253 -0.0104213 0)
(-0.0176935 -0.00993669 0)
(-0.0144255 -0.00925085 0)
(-0.011381 -0.00837279 0)
(-0.00861604 -0.00731982 0)
(-0.00618058 -0.00611985 0)
(-0.00411645 -0.00481475 0)
(-0.0024539 -0.00346463 0)
(-0.00120856 -0.00215284 0)
(-0.00039657 -0.000992833 0)
(-5.09875e-05 -0.000148213 0)
(-7.81112e-05 0.000430961 0)
(-0.000553807 0.00181104 0)
(-0.00162106 0.00347448 0)
(-0.00320175 0.00525107 0)
(-0.00525214 0.00702032 0)
(-0.00774005 0.008693 0)
(-0.0106219 0.010205 0)
(-0.0138453 0.0115125 0)
(-0.0173524 0.0125875 0)
(-0.0210813 0.0134137 0)
(-0.0249678 0.0139844 0)
(-0.0289469 0.0142997 0)
(-0.0329541 0.014365 0)
(-0.0369263 0.0141898 0)
(-0.0408031 0.0137865 0)
(-0.0445274 0.0131697 0)
(-0.0480455 0.0123557 0)
(-0.0513082 0.0113618 0)
(-0.0542709 0.0102064 0)
(-0.0568934 0.00890841 0)
(-0.0591409 0.00748724 0)
(-0.0609836 0.00596283 0)
(-0.062397 0.00435551 0)
(-0.0633619 0.00268606 0)
(-0.063865 0.000975809 0)
(-0.0638984 -0.000753274 0)
(-0.0634602 -0.00247864 0)
(-0.0625543 -0.0041774 0)
(-0.0611905 -0.00582636 0)
(-0.0593851 -0.00740205 0)
(-0.0571603 -0.00888077 0)
(-0.0545445 -0.0102388 0)
(-0.0515725 -0.0114525 0)
(-0.0482848 -0.0124989 0)
(-0.0447279 -0.0133559 0)
(-0.0409537 -0.0140027 0)
(-0.0370193 -0.0144207 0)
(-0.0329857 -0.0145937 0)
(-0.0289179 -0.014509 0)
(-0.0248832 -0.0141582 0)
(-0.0209501 -0.0135383 0)
(-0.0171873 -0.012653 0)
(-0.0136613 -0.0115141 0)
(-0.0104353 -0.0101438 0)
(-0.00756688 -0.00857698 0)
(-0.00510633 -0.00686441 0)
(-0.00309344 -0.00507686 0)
(-0.00155488 -0.00330929 0)
(-0.000525956 -0.00168623 0)
(-7.26255e-05 -0.000379102 0)
(-9.85657e-05 0.000742101 0)
(-0.000679716 0.00270832 0)
(-0.00196229 0.00492661 0)
(-0.00383548 0.00722459 0)
(-0.00623536 0.00947581 0)
(-0.00911728 0.011584 0)
(-0.0124269 0.0134783 0)
(-0.0161026 0.015109 0)
(-0.0200784 0.0164436 0)
(-0.0242853 0.0174632 0)
(-0.0286528 0.0181595 0)
(-0.0331099 0.0185327 0)
(-0.0375864 0.0185895 0)
(-0.0420141 0.0183413 0)
(-0.0463278 0.0178038 0)
(-0.0504655 0.016995 0)
(-0.0543695 0.0159354 0)
(-0.0579867 0.014647 0)
(-0.0612688 0.0131529 0)
(-0.0641727 0.0114771 0)
(-0.0666607 0.00964441 0)
(-0.0687005 0.00768014 0)
(-0.0702658 0.00561024 0)
(-0.0713358 0.00346122 0)
(-0.071896 0.00126027 0)
(-0.0719379 -0.000964655 0)
(-0.0714593 -0.00318492 0)
(-0.070464 -0.0053714 0)
(-0.0689627 -0.00749457 0)
(-0.0669726 -0.00952454 0)
(-0.0645174 -0.0114312 0)
(-0.0616277 -0.0131842 0)
(-0.0583406 -0.0147539 0)
(-0.0546998 -0.0161108 0)
(-0.0507554 -0.0172271 0)
(-0.0465634 -0.0180765 0)
(-0.0421852 -0.0186354 0)
(-0.0376871 -0.0188836 0)
(-0.0331393 -0.0188051 0)
(-0.0286151 -0.0183895 0)
(-0.0241893 -0.017633 0)
(-0.0199371 -0.01654 0)
(-0.0159323 -0.015125 0)
(-0.0122458 -0.0134145 0)
(-0.00894343 -0.0114493 0)
(-0.00608525 -0.00928802 0)
(-0.00372173 -0.00701024 0)
(-0.0018916 -0.00472 0)
(-0.00064946 -0.00254971 0)
(-9.24773e-05 -0.000674841 0)
(-0.00011754 0.00111595 0)
(-0.000799912 0.00377276 0)
(-0.00229253 0.00663044 0)
(-0.00445399 0.00951675 0)
(-0.00720067 0.012302 0)
(-0.010475 0.0148851 0)
(-0.0142112 0.0171905 0)
(-0.0183375 0.0191642 0)
(-0.0227793 0.0207705 0)
(-0.02746 0.0219885 0)
(-0.0323023 0.0228093 0)
(-0.0372293 0.0232336 0)
(-0.0421653 0.0232696 0)
(-0.0470372 0.0229315 0)
(-0.0517751 0.0222382 0)
(-0.0563131 0.0212118 0)
(-0.0605896 0.0198772 0)
(-0.0645481 0.0182614 0)
(-0.0681373 0.0163927 0)
(-0.0713115 0.0143004 0)
(-0.0740304 0.0120152 0)
(-0.0762601 0.00956807 0)
(-0.0779722 0.00699097 0)
(-0.0791449 0.0043165 0)
(-0.0797624 0.00157807 0)
(-0.0798157 -0.00119001 0)
(-0.079302 -0.00395261 0)
(-0.0782254 -0.00667398 0)
(-0.0765966 -0.00931786 0)
(-0.0744336 -0.0118475 0)
(-0.0717615 -0.0142259 0)
(-0.0686121 -0.0164158 0)
(-0.0650249 -0.0183806 0)
(-0.0610459 -0.0200843 0)
(-0.0567283 -0.0214926 0)
(-0.0521316 -0.0225733 0)
(-0.0473212 -0.0232974 0)
(-0.0423682 -0.02364 0)
(-0.0373479 -0.0235814 0)
(-0.0323392 -0.0231086 0)
(-0.0274233 -0.0222167 0)
(-0.0226824 -0.0209103 0)
(-0.0181977 -0.0192057 0)
(-0.0140484 -0.0171329 0)
(-0.0103099 -0.014738 0)
(-0.00705258 -0.0120859 0)
(-0.00433853 -0.0092634 0)
(-0.00221912 -0.00638158 0)
(-0.000767787 -0.00357858 0)
(-0.000110895 -0.00103206 0)
(-0.000135424 0.0015496 0)
(-0.000915639 0.00499942 0)
(-0.00261379 0.00858126 0)
(-0.00505978 0.0121241 0)
(-0.00815097 0.0154967 0)
(-0.0118168 0.0185952 0)
(-0.0159794 0.0213409 0)
(-0.0205564 0.0236771 0)
(-0.0254639 0.0255663 0)
(-0.0306172 0.0269865 0)
(-0.0359321 0.0279291 0)
(-0.0413253 0.028396 0)
(-0.0467158 0.0283977 0)
(-0.0520256 0.0279514 0)
(-0.0571804 0.0270799 0)
(-0.0621106 0.0258097 0)
(-0.0667512 0.0241707 0)
(-0.0710427 0.022195 0)
(-0.0749312 0.0199165 0)
(-0.0783686 0.0173704 0)
(-0.0813128 0.0145932 0)
(-0.083728 0.0116221 0)
(-0.0855845 0.00849521 0)
(-0.0868592 0.00525162 0)
(-0.0875355 0.00193121 0)
(-0.0876036 -0.00142508 0)
(-0.0870602 -0.00477533 0)
(-0.0859093 -0.00807686 0)
(-0.0841616 -0.0112863 0)
(-0.0818357 -0.0143597 0)
(-0.0789572 -0.0172528 0)
(-0.0755593 -0.0199209 0)
(-0.0716829 -0.0223202 0)
(-0.0673762 -0.0244076 0)
(-0.0626948 -0.0261417 0)
(-0.0577013 -0.0274839 0)
(-0.0524652 -0.0283991 0)
(-0.0470615 -0.0288573 0)
(-0.0415708 -0.0288345 0)
(-0.0360778 -0.0283144 0)
(-0.03067 -0.0272901 0)
(-0.0254369 -0.0257659 0)
(-0.0204679 -0.0237592 0)
(-0.0158512 -0.0213024 0)
(-0.0116724 -0.0184457 0)
(-0.00801301 -0.0152592 0)
(-0.00494751 -0.0118354 0)
(-0.00254004 -0.00829113 0)
(-0.000882395 -0.00476895 0)
(-0.000128304 -0.00144815 0)
(-0.000152596 0.00204098 0)
(-0.00102837 0.00638459 0)
(-0.00292902 0.0107755 0)
(-0.0056572 0.0150442 0)
(-0.00909187 0.0190588 0)
(-0.0131494 0.0227143 0)
(-0.0177398 0.0259302 0)
(-0.0227693 0.0286487 0)
(-0.0281443 0.0308315 0)
(-0.0337718 0.032457 0)
(-0.0395598 0.0335177 0)
(-0.0454188 0.0340175 0)
(-0.0512622 0.0339701 0)
(-0.0570072 0.0333964 0)
(-0.0625753 0.0323234 0)
(-0.0678933 0.0307828 0)
(-0.0728932 0.0288096 0)
(-0.0775129 0.0264416 0)
(-0.081696 0.0237187 0)
(-0.0853926 0.0206822 0)
(-0.0885589 0.0173747 0)
(-0.0911577 0.0138399 0)
(-0.093158 0.0101224 0)
(-0.0945357 0.00626771 0)
(-0.0952732 0.00232255 0)
(-0.09536 -0.00166531 0)
(-0.0947925 -0.00564697 0)
(-0.093574 -0.00957257 0)
(-0.0917153 -0.0133914 0)
(-0.0892349 -0.017052 0)
(-0.0861589 -0.0205023 0)
(-0.0825213 -0.0236902 0)
(-0.0783641 -0.0265639 0)
(-0.073737 -0.0290726 0)
(-0.0686979 -0.0311677 0)
(-0.0633123 -0.0328032 0)
(-0.0576529 -0.0339375 0)
(-0.0517991 -0.0345346 0)
(-0.0458365 -0.0345654 0)
(-0.0398554 -0.0340098 0)
(-0.0339504 -0.0328579 0)
(-0.0282184 -0.0311126 0)
(-0.0227578 -0.0287915 0)
(-0.0176664 -0.0259286 0)
(-0.0130407 -0.0225769 0)
(-0.00897435 -0.0188106 0)
(-0.00555439 -0.0147269 0)
(-0.00285807 -0.0104474 0)
(-0.000995038 -0.00611849 0)
(-0.000145124 -0.00192147 0)
(-0.000169388 0.00258885 0)
(-0.00113961 0.00792613 0)
(-0.00324149 0.0132113 0)
(-0.00625139 0.0182761 0)
(-0.0100303 0.0229888 0)
(-0.0144816 0.027244 0)
(-0.0195026 0.0309609 0)
(-0.0249882 0.0340817 0)
(-0.0308344 0.0365689 0)
(-0.0369392 0.0384022 0)
(-0.0432031 0.0395764 0)
(-0.0495297 0.0400986 0)
(-0.0558268 0.0399862 0)
(-0.0620067 0.0392648 0)
(-0.067987 0.0379663 0)
(-0.073691 0.0361279 0)
(-0.0790478 0.0337905 0)
(-0.083993 0.0309979 0)
(-0.0884683 0.0277964 0)
(-0.092422 0.0242335 0)
(-0.0958091 0.0203584 0)
(-0.0985909 0.0162212 0)
(-0.100736 0.0118733 0)
(-0.102218 0.007367 0)
(-0.10302 0.00275571 0)
(-0.10313 -0.00190577 0)
(-0.102545 -0.00656141 0)
(-0.101265 -0.011154 0)
(-0.099303 -0.0156253 0)
(-0.0966761 -0.0199161 0)
(-0.0934107 -0.0239664 0)
(-0.089541 -0.0277159 0)
(-0.0851098 -0.0311047 0)
(-0.0801681 -0.0340739 0)
(-0.0747756 -0.0365666 0)
(-0.0690001 -0.0385291 0)
(-0.0629176 -0.0399126 0)
(-0.0566117 -0.040674 0)
(-0.0501727 -0.0407785 0)
(-0.0436973 -0.0402008 0)
(-0.037287 -0.0389274 0)
(-0.0310469 -0.0369588 0)
(-0.0250846 -0.0343113 0)
(-0.0195087 -0.0310196 0)
(-0.014427 -0.0271386 0)
(-0.009946 -0.0227454 0)
(-0.00616595 -0.0179412 0)
(-0.00317737 -0.0128515 0)
(-0.00110754 -0.00762684 0)
(-0.000161746 -0.00245135 0)
(-0.000186094 0.00319278 0)
(-0.00125076 0.00962354 0)
(-0.00355448 0.0158888 0)
(-0.0068477 0.021821 0)
(-0.0109736 0.0272889 0)
(-0.0158225 0.0321876 0)
(-0.0212789 0.036437 0)
(-0.0272256 0.0399806 0)
(-0.0335482 0.0427827 0)
(-0.0401352 0.0448259 0)
(-0.046879 0.0461084 0)
(-0.0536765 0.0466414 0)
(-0.0604294 0.0464473 0)
(-0.0670454 0.0455568 0)
(-0.073438 0.0440079 0)
(-0.0795273 0.0418438 0)
(-0.0852399 0.0391117 0)
(-0.0905092 0.0358622 0)
(-0.0952752 0.0321479 0)
(-0.099485 0.0280232 0)
(-0.103092 0.0235438 0)
(-0.106058 0.0187667 0)
(-0.108348 0.0137499 0)
(-0.109939 0.00855248 0)
(-0.110809 0.0032349 0)
(-0.110947 -0.00214109 0)
(-0.110349 -0.00751226 0)
(-0.109016 -0.012814 0)
(-0.106958 -0.0179804 0)
(-0.104193 -0.0229443 0)
(-0.100746 -0.0276375 0)
(-0.0966516 -0.0319912 0)
(-0.0919529 -0.0359369 0)
(-0.0867019 -0.039407 0)
(-0.0809593 -0.0423359 0)
(-0.0747953 -0.0446613 0)
(-0.0682888 -0.0463261 0)
(-0.0615273 -0.0472797 0)
(-0.0546063 -0.0474801 0)
(-0.0476284 -0.0468958 0)
(-0.0407027 -0.0455086 0)
(-0.0339429 -0.0433152 0)
(-0.0274668 -0.0403298 0)
(-0.0213938 -0.0365864 0)
(-0.0158443 -0.0321406 0)
(-0.0109381 -0.0270716 0)
(-0.00678935 -0.021484 0)
(-0.00350219 -0.0155071 0)
(-0.00122169 -0.00929575 0)
(-0.000178528 -0.00303813 0)
(-0.00020297 0.00385305 0)
(-0.00136313 0.0114779 0)
(-0.00387109 0.0188101 0)
(-0.00745132 0.0256821 0)
(-0.0119291 0.0319635 0)
(-0.0171812 0.0375503 0)
(-0.0230794 0.0423642 0)
(-0.0294938 0.0463511 0)
(-0.0362991 0.0494786 0)
(-0.0433741 0.0517332 0)
(-0.0506028 0.0531178 0)
(-0.0578749 0.0536492 0)
(-0.0650863 0.0533553 0)
(-0.0721399 0.0522736 0)
(-0.0789453 0.0504484 0)
(-0.0854195 0.0479299 0)
(-0.0914868 0.0447724 0)
(-0.0970788 0.0410334 0)
(-0.102134 0.0367724 0)
(-0.106599 0.0320508 0)
(-0.110426 0.0269312 0)
(-0.113576 0.0214774 0)
(-0.116014 0.0157543 0)
(-0.117715 0.00982766 0)
(-0.118658 0.00376485 0)
(-0.11883 -0.00236539 0)
(-0.118227 -0.00849268 0)
(-0.116847 -0.014545 0)
(-0.114702 -0.0204487 0)
(-0.111807 -0.0261284 0)
(-0.108187 -0.0315077 0)
(-0.103876 -0.0365089 0)
(-0.0989175 -0.0410546 0)
(-0.0933627 -0.0450677 0)
(-0.0872739 -0.0484733 0)
(-0.080723 -0.0511998 0)
(-0.0737916 -0.0531808 0)
(-0.0665708 -0.0543568 0)
(-0.0591613 -0.0546777 0)
(-0.0516719 -0.0541047 0)
(-0.0442195 -0.0526132 0)
(-0.0369269 -0.0501949 0)
(-0.0299224 -0.0468606 0)
(-0.0233375 -0.0426423 0)
(-0.0173056 -0.0375954 0)
(-0.0119608 -0.0318004 0)
(-0.00743173 -0.0253643 0)
(-0.00383674 -0.0184208 0)
(-0.00133919 -0.011129 0)
(-0.00019579 -0.00368306 0)
(-0.000220237 0.0045706 0)
(-0.00147789 0.0134917 0)
(-0.0041942 0.0219791 0)
(-0.00806709 0.0298648 0)
(-0.0129035 0.0370188 0)
(-0.0185665 0.043339 0)
(-0.0249142 0.0487497 0)
(-0.0318042 0.0532004 0)
(-0.0390993 0.0566631 0)
(-0.0466685 0.0591297 0)
(-0.0543872 0.0606093 0)
(-0.0621376 0.0611251 0)
(-0.0698099 0.0607124 0)
(-0.0773019 0.0594159 0)
(-0.0845198 0.0572877 0)
(-0.0913776 0.0543854 0)
(-0.0977978 0.0507712 0)
(-0.10371 0.0465098 0)
(-0.109053 0.0416684 0)
(-0.113771 0.0363155 0)
(-0.117817 0.0305206 0)
(-0.121151 0.0243546 0)
(-0.123738 0.0178889 0)
(-0.125552 0.0111962 0)
(-0.126572 0.0043506 0)
(-0.126785 -0.00257233 0)
(-0.126182 -0.00949514 0)
(-0.124766 -0.0163385 0)
(-0.122542 -0.023021 0)
(-0.119528 -0.0294592 0)
(-0.115745 -0.035568 0)
(-0.111228 -0.0412609 0)
(-0.106017 -0.0464507 0)
(-0.100166 -0.0510506 0)
(-0.0937367 -0.0549756 0)
(-0.0868018 -0.0581439 0)
(-0.0794455 -0.0604786 0)
(-0.0717627 -0.0619103 0)
(-0.0638586 -0.0623792 0)
(-0.0558487 -0.0618379 0)
(-0.0478576 -0.0602539 0)
(-0.040018 -0.0576125 0)
(-0.0324692 -0.0539194 0)
(-0.0253553 -0.0492034 0)
(-0.0188239 -0.0435185 0)
(-0.0130241 -0.0369456 0)
(-0.00810004 -0.0295941 0)
(-0.00418502 -0.0216015 0)
(-0.00146166 -0.0131326 0)
(-0.000213829 -0.00438826 0)
(-0.000238084 0.00534692 0)
(-0.00159607 0.0156688 0)
(-0.0045264 0.0254016 0)
(-0.00869945 0.0343761 0)
(-0.0139031 0.042463 0)
(-0.0199862 0.0495623 0)
(-0.0267926 0.055602 0)
(-0.0341666 0.0605363 0)
(-0.0419592 0.0643431 0)
(-0.0500288 0.0670212 0)
(-0.0582419 0.068587 0)
(-0.0664735 0.069072 0)
(-0.0746075 0.0685198 0)
(-0.0825374 0.0669836 0)
(-0.0901657 0.0645243 0)
(-0.0974041 0.061208 0)
(-0.104173 0.0571052 0)
(-0.110402 0.0522887 0)
(-0.116028 0.0468335 0)
(-0.120996 0.0408153 0)
(-0.125259 0.0343112 0)
(-0.128776 0.0273985 0)
(-0.131512 0.0201555 0)
(-0.133442 0.0126616 0)
(-0.134543 0.00499736 0)
(-0.134801 -0.00275504 0)
(-0.134209 -0.0105113 0)
(-0.132765 -0.0181849 0)
(-0.130474 -0.0256869 0)
(-0.127351 -0.0329257 0)
(-0.123418 -0.0398076 0)
(-0.118706 -0.0462367 0)
(-0.113256 -0.052116 0)
(-0.107119 -0.0573484 0)
(-0.100356 -0.0618378 0)
(-0.0930428 -0.0654911 0)
(-0.0852641 -0.0682201 0)
(-0.0771181 -0.069944 0)
(-0.0687149 -0.0705919 0)
(-0.0601763 -0.0701059 0)
(-0.0516349 -0.0684442 0)
(-0.0432336 -0.0655836 0)
(-0.0351233 -0.0615236 0)
(-0.0274617 -0.0562879 0)
(-0.0204114 -0.049928 0)
(-0.0141375 -0.0425244 0)
(-0.00880089 -0.0341883 0)
(-0.00455086 -0.0250613 0)
(-0.00159059 -0.0153142 0)
(-0.000232915 -0.00515666 0)
(-0.000256678 0.00618406 0)
(-0.00171861 0.0180144 0)
(-0.00487002 0.029085 0)
(-0.00935239 0.0392249 0)
(-0.0149335 0.0483057 0)
(-0.0214472 0.05623 0)
(-0.0287224 0.0629303 0)
(-0.0365895 0.0683671 0)
(-0.044887 0.0725255 0)
(-0.0534625 0.0754126 0)
(-0.0621733 0.0770541 0)
(-0.070887 0.0774909 0)
(-0.0794817 0.0767765 0)
(-0.0878463 0.0749742 0)
(-0.0958802 0.0721544 0)
(-0.103493 0.068393 0)
(-0.110604 0.0637692 0)
(-0.117142 0.0583648 0)
(-0.123045 0.0522627 0)
(-0.128257 0.0455464 0)
(-0.132731 0.0383001 0)
(-0.136428 0.0306081 0)
(-0.139313 0.0225552 0)
(-0.141359 0.014227 0)
(-0.142546 0.0057103 0)
(-0.142856 -0.00290623 0)
(-0.142282 -0.0115319 0)
(-0.140821 -0.0200733 0)
(-0.138476 -0.0284341 0)
(-0.13526 -0.0365148 0)
(-0.131192 -0.0442129 0)
(-0.1263 -0.0514232 0)
(-0.120625 -0.0580385 0)
(-0.114215 -0.0639505 0)
(-0.107131 -0.0690515 0)
(-0.0994487 -0.0732361 0)
(-0.0912534 -0.0764034 0)
(-0.0826464 -0.0784597 0)
(-0.073742 -0.0793213 0)
(-0.0646682 -0.0789182 0)
(-0.0555661 -0.0771969 0)
(-0.0465887 -0.0741245 0)
(-0.0378993 -0.0696915 0)
(-0.0296701 -0.0639157 0)
(-0.0220794 -0.0568443 0)
(-0.01531 -0.0485563 0)
(-0.00954054 -0.0391644 0)
(-0.00493788 -0.0288142 0)
(-0.00172741 -0.0176835 0)
(-0.000253299 -0.00599192 0)
(-0.000276169 0.00708447 0)
(-0.00184636 0.0205348 0)
(-0.00522718 0.0330382 0)
(-0.0100295 0.0444218 0)
(-0.0159996 0.0545579 0)
(-0.0229555 0.0633528 0)
(-0.0307102 0.0707445 0)
(-0.0390794 0.076701 0)
(-0.0478885 0.0812163 0)
(-0.056974 0.0843077 0)
(-0.0661839 0.0860117 0)
(-0.075378 0.0863805 0)
(-0.084429 0.0854792 0)
(-0.0932215 0.0833822 0)
(-0.101652 0.080171 0)
(-0.109629 0.0759321 0)
(-0.117072 0.0707546 0)
(-0.123908 0.0647294 0)
(-0.130076 0.057948 0)
(-0.135522 0.0505019 0)
(-0.140201 0.0424824 0)
(-0.144072 0.0339804 0)
(-0.147102 0.0250872 0)
(-0.149265 0.0158943 0)
(-0.150539 0.00649433 0)
(-0.150909 -0.00301821 0)
(-0.150363 -0.0125466 0)
(-0.148897 -0.0219909 0)
(-0.146513 -0.0312479 0)
(-0.14322 -0.0402103 0)
(-0.139035 -0.048767 0)
(-0.133984 -0.0568034 0)
(-0.128102 -0.0642016 0)
(-0.121438 -0.0708419 0)
(-0.114051 -0.0766041 0)
(-0.106012 -0.0813693 0)
(-0.0974112 -0.0850226 0)
(-0.0883495 -0.0874556 0)
(-0.0789456 -0.0885703 0)
(-0.0693335 -0.0882821 0)
(-0.0596623 -0.0865241 0)
(-0.0500956 -0.0832508 0)
(-0.0408098 -0.0784425 0)
(-0.0319922 -0.0721083 0)
(-0.0238384 -0.0642898 0)
(-0.0165499 -0.0550635 0)
(-0.0103249 -0.0445427 0)
(-0.00534948 -0.0328771 0)
(-0.00187348 -0.0202519 0)
(-0.000275223 -0.00689846 0)
(-0.000296696 0.00805105 0)
(-0.00198007 0.023237 0)
(-0.00559979 0.0372713 0)
(-0.0107339 0.0499783 0)
(-0.0171059 0.0612318 0)
(-0.0245163 0.0709422 0)
(-0.0327614 0.0790545 0)
(-0.0416411 0.0855455 0)
(-0.0509673 0.0904203 0)
(-0.0605648 0.0937081 0)
(-0.0702719 0.0954582 0)
(-0.0799413 0.0957361 0)
(-0.0894399 0.0946201 0)
(-0.0986489 0.0921975 0)
(-0.107463 0.0885623 0)
(-0.115789 0.0838124 0)
(-0.123546 0.0780478 0)
(-0.130664 0.0713693 0)
(-0.137082 0.0638772 0)
(-0.142748 0.0556711 0)
(-0.147618 0.0468494 0)
(-0.151655 0.0375097 0)
(-0.154825 0.027749 0)
(-0.157102 0.0176643 0)
(-0.158466 0.00735378 0)
(-0.1589 -0.00308306 0)
(-0.158392 -0.0135439 0)
(-0.156935 -0.0239232 0)
(-0.154529 -0.0341109 0)
(-0.15118 -0.0439926 0)
(-0.146901 -0.0534489 0)
(-0.141715 -0.0623554 0)
(-0.135652 -0.0705838 0)
(-0.128759 -0.0780023 0)
(-0.12109 -0.0844774 0)
(-0.112716 -0.0898756 0)
(-0.103726 -0.0940665 0)
(-0.0942217 -0.0969255 0)
(-0.0843252 -0.0983377 0)
(-0.0741756 -0.0982019 0)
(-0.0639303 -0.0964352 0)
(-0.0537635 -0.0929773 0)
(-0.0438652 -0.0877953 0)
(-0.0344385 -0.0808877 0)
(-0.0256977 -0.0722885 0)
(-0.0178649 -0.0620701 0)
(-0.0111595 -0.0503456 0)
(-0.00578893 -0.0372686 0)
(-0.00203009 -0.0230324 0)
(-0.000298919 -0.00788136 0)
(-0.000318391 0.00908708 0)
(-0.00212049 0.0261292 0)
(-0.00598969 0.0417955 0)
(-0.0114688 0.0559075 0)
(-0.0182563 0.0683404 0)
(-0.026134 0.0790101 0)
(-0.03488 0.0878697 0)
(-0.0442777 0.094907 0)
(-0.0541244 0.10014 0)
(-0.0642327 0.103612 0)
(-0.0744314 0.105388 0)
(-0.084566 0.105549 0)
(-0.0944982 0.104187 0)
(-0.104106 0.101405 0)
(-0.113283 0.0973108 0)
(-0.121935 0.0920151 0)
(-0.129984 0.0856297 0)
(-0.137361 0.0782656 0)
(-0.144008 0.0700327 0)
(-0.149875 0.0610385 0)
(-0.154919 0.0513886 0)
(-0.159107 0.0411866 0)
(-0.162407 0.0305351 0)
(-0.164795 0.0195361 0)
(-0.166249 0.00829207 0)
(-0.166752 -0.00309275 0)
(-0.166292 -0.0145115 0)
(-0.16486 -0.0258534 0)
(-0.162453 -0.0370027 0)
(-0.159072 -0.0478382 0)
(-0.154727 -0.0582324 0)
(-0.149434 -0.0680519 0)
(-0.143223 -0.0771574 0)
(-0.136131 -0.0854048 0)
(-0.128211 -0.0926463 0)
(-0.119531 -0.0987331 0)
(-0.110175 -0.103517 0)
(-0.100248 -0.106857 0)
(-0.0898722 -0.108617 0)
(-0.079192 -0.108677 0)
(-0.0683723 -0.106937 0)
(-0.0575981 -0.103316 0)
(-0.0470731 -0.0977679 0)
(-0.0370177 -0.0902763 0)
(-0.0276659 -0.0808656 0)
(-0.0192621 -0.0696022 0)
(-0.0120496 -0.0565979 0)
(-0.00625941 -0.0420098 0)
(-0.00219852 -0.0260398 0)
(-0.00032462 -0.00894635 0)
(-0.000341389 0.0101962 0)
(-0.00226836 0.0292204 0)
(-0.00639867 0.0466233 0)
(-0.0122369 0.0622231 0)
(-0.0194544 0.0758973 0)
(-0.0278124 0.087568 0)
(-0.0370693 0.0971985 0)
(-0.0469905 0.10479 0)
(-0.0573581 0.110375 0)
(-0.0679722 0.114015 0)
(-0.0786519 0.115792 0)
(-0.0892355 0.115803 0)
(-0.0995804 0.11416 0)
(-0.109562 0.110982 0)
(-0.119074 0.106392 0)
(-0.128023 0.100514 0)
(-0.136333 0.0934737 0)
(-0.143938 0.0853927 0)
(-0.150784 0.0763904 0)
(-0.156824 0.0665827 0)
(-0.162021 0.0560819 0)
(-0.166341 0.0449975 0)
(-0.169758 0.0334368 0)
(-0.172247 0.021506 0)
(-0.173789 0.00931133 0)
(-0.174367 -0.00303943 0)
(-0.173966 -0.0154357 0)
(-0.172576 -0.0277626 0)
(-0.17019 -0.0398994 0)
(-0.166806 -0.0517188 0)
(-0.162427 -0.0630861 0)
(-0.157066 -0.073859 0)
(-0.150744 -0.0838873 0)
(-0.143493 -0.0930143 0)
(-0.135362 -0.101078 0)
(-0.126412 -0.107911 0)
(-0.116725 -0.113349 0)
(-0.106403 -0.117229 0)
(-0.0955697 -0.119394 0)
(-0.0843732 -0.119702 0)
(-0.0729851 -0.11803 0)
(-0.0616009 -0.114277 0)
(-0.0504386 -0.108376 0)
(-0.0397365 -0.100296 0)
(-0.0297502 -0.0900464 0)
(-0.0207483 -0.0776869 0)
(-0.0130004 -0.0633259 0)
(-0.006764 -0.0471235 0)
(-0.00238004 -0.02929 0)
(-0.000352566 -0.0100998 0)
(-0.000365834 0.0113824 0)
(-0.00242445 0.0325206 0)
(-0.0068286 0.0517682 0)
(-0.0130412 0.0689399 0)
(-0.0207039 0.0839162 0)
(-0.0295549 0.0966271 0)
(-0.0393314 0.107048 0)
(-0.0497793 0.115196 0)
(-0.0606646 0.121122 0)
(-0.0717743 0.124906 0)
(-0.082918 0.126652 0)
(-0.0939272 0.126477 0)
(-0.104656 0.124513 0)
(-0.114978 0.120898 0)
(-0.124786 0.115772 0)
(-0.133993 0.109275 0)
(-0.142524 0.101545 0)
(-0.150318 0.0927164 0)
(-0.157325 0.0829186 0)
(-0.163504 0.0722752 0)
(-0.168821 0.0609053 0)
(-0.173249 0.0489234 0)
(-0.176763 0.036441 0)
(-0.179343 0.0235675 0)
(-0.180968 0.0104119 0)
(-0.181623 -0.00291566 0)
(-0.181293 -0.0163021 0)
(-0.179963 -0.0296295 0)
(-0.177625 -0.0427733 0)
(-0.174269 -0.0556012 0)
(-0.169896 -0.0679721 0)
(-0.16451 -0.0797351 0)
(-0.158125 -0.0907298 0)
(-0.150766 -0.100787 0)
(-0.142472 -0.109728 0)
(-0.133301 -0.11737 0)
(-0.123327 -0.123527 0)
(-0.112649 -0.128012 0)
(-0.101391 -0.130647 0)
(-0.0897019 -0.131262 0)
(-0.0777595 -0.129709 0)
(-0.0657693 -0.125864 0)
(-0.0539639 -0.119633 0)
(-0.0426002 -0.110966 0)
(-0.0319569 -0.0998564 0)
(-0.0223296 -0.0863526 0)
(-0.0140167 -0.0705579 0)
(-0.00730585 -0.0526343 0)
(-0.00257599 -0.0328009 0)
(-0.000383007 -0.0113489 0)
(-0.000391892 0.0126502 0)
(-0.00258967 0.0360406 0)
(-0.00728158 0.0572446 0)
(-0.013885 0.0760735 0)
(-0.0220084 0.0924113 0)
(-0.031365 0.106198 0)
(-0.041668 0.117423 0)
(-0.0526426 0.126123 0)
(-0.0640374 0.132371 0)
(-0.0756264 0.136269 0)
(-0.0872092 0.137945 0)
(-0.0986116 0.137541 0)
(-0.109684 0.13521 0)
(-0.120302 0.131113 0)
(-0.13036 0.125407 0)
(-0.139773 0.118251 0)
(-0.148473 0.109798 0)
(-0.156405 0.100193 0)
(-0.163525 0.0895764 0)
(-0.169799 0.0780794 0)
(-0.175199 0.0658274 0)
(-0.179702 0.0529393 0)
(-0.183289 0.0395299 0)
(-0.185941 0.0257107 0)
(-0.187642 0.011592 0)
(-0.188376 -0.00271481 0)
(-0.188127 -0.0170955 0)
(-0.186878 -0.0314306 0)
(-0.184616 -0.0455931 0)
(-0.181328 -0.0594469 0)
(-0.177006 -0.0728454 0)
(-0.171646 -0.0856304 0)
(-0.165255 -0.0976316 0)
(-0.157847 -0.108667 0)
(-0.149453 -0.118543 0)
(-0.140121 -0.127057 0)
(-0.129918 -0.134001 0)
(-0.118937 -0.139165 0)
(-0.107298 -0.142341 0)
(-0.0951518 -0.143334 0)
(-0.0826793 -0.141963 0)
(-0.0700957 -0.138073 0)
(-0.0576476 -0.131546 0)
(-0.0456118 -0.122303 0)
(-0.0342915 -0.11032 0)
(-0.0240118 -0.0956279 0)
(-0.0151035 -0.0783235 0)
(-0.00788816 -0.0585688 0)
(-0.00278774 -0.0365917 0)
(-0.000416215 -0.0127013 0)
(-0.000419764 0.0140046 0)
(-0.00276506 0.0397923 0)
(-0.00776009 0.0630685 0)
(-0.0147721 0.0836403 0)
(-0.0233725 0.101397 0)
(-0.0332462 0.116289 0)
(-0.0440804 0.128326 0)
(-0.0555776 0.137566 0)
(-0.067468 0.144106 0)
(-0.0795119 0.148078 0)
(-0.0914997 0.149637 0)
(-0.103252 0.148952 0)
(-0.114618 0.146203 0)
(-0.125474 0.141573 0)
(-0.13572 0.135243 0)
(-0.145276 0.127388 0)
(-0.154081 0.118176 0)
(-0.162088 0.107768 0)
(-0.169262 0.0963127 0)
(-0.175577 0.0839492 0)
(-0.181011 0.0708084 0)
(-0.185549 0.057013 0)
(-0.189176 0.0426797 0)
(-0.191879 0.0279208 0)
(-0.193644 0.0128469 0)
(-0.194455 -0.00243142 0)
(-0.194297 -0.0178002 0)
(-0.19315 -0.0331401 0)
(-0.190997 -0.0483232 0)
(-0.187819 -0.0632112 0)
(-0.1836 -0.0776537 0)
(-0.178328 -0.091486 0)
(-0.171997 -0.104529 0)
(-0.164613 -0.116588 0)
(-0.156195 -0.127454 0)
(-0.146777 -0.136905 0)
(-0.136417 -0.14471 0)
(-0.125201 -0.150632 0)
(-0.113241 -0.154432 0)
(-0.100686 -0.155882 0)
(-0.0877207 -0.154766 0)
(-0.0745666 -0.150896 0)
(-0.0614849 -0.144117 0)
(-0.0487722 -0.134323 0)
(-0.0367584 -0.12146 0)
(-0.0258005 -0.105541 0)
(-0.0162659 -0.0866532 0)
(-0.0085144 -0.0649552 0)
(-0.00301682 -0.0406832 0)
(-0.000452496 -0.0141656 0)
(-0.000449703 0.015451 0)
(-0.00295195 0.0437891 0)
(-0.00826721 0.0692571 0)
(-0.0157069 0.0916576 0)
(-0.0248011 0.110886 0)
(-0.0352028 0.126909 0)
(-0.0465701 0.139755 0)
(-0.0585806 0.149511 0)
(-0.0709453 0.156305 0)
(-0.0834103 0.160301 0)
(-0.0957576 0.161685 0)
(-0.107804 0.160659 0)
(-0.119398 0.157432 0)
(-0.130421 0.152214 0)
(-0.140778 0.145209 0)
(-0.150398 0.136612 0)
(-0.15923 0.12661 0)
(-0.167236 0.115374 0)
(-0.174392 0.103065 0)
(-0.18068 0.0898277 0)
(-0.186089 0.0757992 0)
(-0.190612 0.0611042 0)
(-0.19424 0.04586 0)
(-0.196966 0.0301785 0)
(-0.198778 0.0141684 0)
(-0.199663 -0.00206174 0)
(-0.199605 -0.0184004 0)
(-0.198583 -0.0347301 0)
(-0.196574 -0.0509241 0)
(-0.193554 -0.0668439 0)
(-0.189497 -0.0823366 0)
(-0.184382 -0.0972329 0)
(-0.178191 -0.111346 0)
(-0.170916 -0.124469 0)
(-0.162562 -0.136379 0)
(-0.15315 -0.146834 0)
(-0.142725 -0.155576 0)
(-0.131358 -0.162341 0)
(-0.119155 -0.166856 0)
(-0.106258 -0.168855 0)
(-0.0928508 -0.168083 0)
(-0.0791626 -0.16431 0)
(-0.0654667 -0.157341 0)
(-0.0520802 -0.147031 0)
(-0.039361 -0.133295 0)
(-0.0277014 -0.116121 0)
(-0.0175093 -0.095579 0)
(-0.00918836 -0.0718237 0)
(-0.00326496 -0.0450981 0)
(-0.000492203 -0.0157511 0)
(-0.000482037 0.0169958 0)
(-0.00315203 0.0480461 0)
(-0.00880685 0.0758296 0)
(-0.0166955 0.100144 0)
(-0.0263011 0.120893 0)
(-0.0372403 0.138061 0)
(-0.0491388 0.151705 0)
(-0.0616471 0.161941 0)
(-0.0744556 0.168936 0)
(-0.0872967 0.172891 0)
(-0.0999445 0.17403 0)
(-0.112213 0.172593 0)
(-0.123955 0.168821 0)
(-0.135056 0.162953 0)
(-0.145431 0.15522 0)
(-0.15502 0.145839 0)
(-0.163783 0.135014 0)
(-0.171696 0.12293 0)
(-0.178746 0.109756 0)
(-0.184929 0.0956465 0)
(-0.190243 0.0807402 0)
(-0.194691 0.0651635 0)
(-0.198272 0.0490331 0)
(-0.200984 0.0324583 0)
(-0.202822 0.0155444 0)
(-0.203774 -0.00160418 0)
(-0.203824 -0.0188805 0)
(-0.202949 -0.0361711 0)
(-0.201122 -0.0533526 0)
(-0.198311 -0.0702883 0)
(-0.194483 -0.0868253 0)
(-0.189605 -0.102792 0)
(-0.183644 -0.117994 0)
(-0.176579 -0.132216 0)
(-0.168396 -0.14522 0)
(-0.159099 -0.156742 0)
(-0.148718 -0.166502 0)
(-0.137306 -0.174202 0)
(-0.124957 -0.179533 0)
(-0.111804 -0.182186 0)
(-0.0980264 -0.181862 0)
(-0.0838567 -0.178281 0)
(-0.0695794 -0.171201 0)
(-0.0555321 -0.16043 0)
(-0.042102 -0.145843 0)
(-0.0297201 -0.127394 0)
(-0.0188397 -0.105133 0)
(-0.00991438 -0.0792061 0)
(-0.00353415 -0.049861 0)
(-0.000535757 -0.0174682 0)
(-0.000517194 0.0186464 0)
(-0.00336753 0.0525804 0)
(-0.00938413 0.0828074 0)
(-0.0177455 0.10912 0)
(-0.0278809 0.131432 0)
(-0.0393656 0.149749 0)
(-0.0517889 0.164163 0)
(-0.0647717 0.174828 0)
(-0.0779827 0.181955 0)
(-0.0911409 0.185789 0)
(-0.104014 0.186601 0)
(-0.116416 0.184669 0)
(-0.128205 0.180274 0)
(-0.139276 0.173689 0)
(-0.149556 0.165172 0)
(-0.158999 0.154964 0)
(-0.167581 0.143286 0)
(-0.175292 0.130337 0)
(-0.182135 0.116297 0)
(-0.188118 0.101324 0)
(-0.193254 0.0855604 0)
(-0.197555 0.069132 0)
(-0.201032 0.052153 0)
(-0.203688 0.0347285 0)
(-0.205524 0.0169582 0)
(-0.206532 -0.00105994 0)
(-0.206695 -0.0192256 0)
(-0.20599 -0.037432 0)
(-0.204384 -0.0555616 0)
(-0.201841 -0.0734821 0)
(-0.198315 -0.0910429 0)
(-0.193762 -0.108072 0)
(-0.188135 -0.124371 0)
(-0.181393 -0.139718 0)
(-0.173504 -0.153858 0)
(-0.164454 -0.166511 0)
(-0.154247 -0.177369 0)
(-0.14292 -0.186101 0)
(-0.130547 -0.192359 0)
(-0.117247 -0.195786 0)
(-0.103192 -0.196031 0)
(-0.088613 -0.192758 0)
(-0.0738039 -0.185667 0)
(-0.0591213 -0.17451 0)
(-0.0449833 -0.159112 0)
(-0.0318627 -0.139385 0)
(-0.0202639 -0.115349 0)
(-0.0106976 -0.0871366 0)
(-0.00382682 -0.0549987 0)
(-0.000583667 -0.0193284 0)
(-0.000555744 0.0204113 0)
(-0.00360137 0.0574121 0)
(-0.0100057 0.0902151 0)
(-0.0188668 0.118607 0)
(-0.0295516 0.142514 0)
(-0.041588 0.161973 0)
(-0.054524 0.177111 0)
(-0.0679481 0.188135 0)
(-0.0815069 0.195305 0)
(-0.0949063 0.198922 0)
(-0.10791 0.199305 0)
(-0.120336 0.196784 0)
(-0.132049 0.19168 0)
(-0.14296 0.184303 0)
(-0.15301 0.174942 0)
(-0.162173 0.163863 0)
(-0.17044 0.151306 0)
(-0.177823 0.137483 0)
(-0.184339 0.122581 0)
(-0.190015 0.106765 0)
(-0.194876 0.0901768 0)
(-0.198949 0.0729402 0)
(-0.202253 0.0551652 0)
(-0.204802 0.0369504 0)
(-0.206603 0.0183877 0)
(-0.20765 -0.000433548 0)
(-0.207929 -0.0194225 0)
(-0.207416 -0.0384814 0)
(-0.206074 -0.0575013 0)
(-0.203858 -0.0763573 0)
(-0.200714 -0.0949041 0)
(-0.196584 -0.112972 0)
(-0.191405 -0.130363 0)
(-0.185117 -0.146846 0)
(-0.177666 -0.162158 0)
(-0.169012 -0.175999 0)
(-0.159136 -0.188036 0)
(-0.148049 -0.197902 0)
(-0.1358 -0.205206 0)
(-0.12249 -0.209542 0)
(-0.108277 -0.210496 0)
(-0.0933854 -0.20767 0)
(-0.0781143 -0.200694 0)
(-0.0628381 -0.189252 0)
(-0.0480059 -0.173106 0)
(-0.0341361 -0.152116 0)
(-0.0217901 -0.12626 0)
(-0.0115442 -0.0956517 0)
(-0.00414591 -0.0605411 0)
(-0.000636571 -0.0213445 0)
(-0.000598451 0.0223009 0)
(-0.00385743 0.062565 0)
(-0.0106805 0.0980814 0)
(-0.0200724 0.12863 0)
(-0.0313279 0.154154 0)
(-0.0439194 0.174726 0)
(-0.0573486 0.190524 0)
(-0.0711687 0.201811 0)
(-0.0850036 0.208913 0)
(-0.0985482 0.212192 0)
(-0.111565 0.21203 0)
(-0.123879 0.208808 0)
(-0.13537 0.202898 0)
(-0.145965 0.194649 0)
(-0.155627 0.184384 0)
(-0.16435 0.172393 0)
(-0.17215 0.158935 0)
(-0.179057 0.144235 0)
(-0.185111 0.128488 0)
(-0.190355 0.11186 0)
(-0.194833 0.0944938 0)
(-0.198583 0.076508 0)
(-0.201638 0.058006 0)
(-0.204021 0.0390779 0)
(-0.205745 0.0198055 0)
(-0.206811 0.000266577 0)
(-0.207207 -0.0194596 0)
(-0.206906 -0.0392875 0)
(-0.205869 -0.0591196 0)
(-0.204044 -0.0788413 0)
(-0.201368 -0.0983162 0)
(-0.197767 -0.11738 0)
(-0.193163 -0.135838 0)
(-0.187474 -0.153456 0)
(-0.180621 -0.169963 0)
(-0.172538 -0.185041 0)
(-0.163174 -0.198332 0)
(-0.15251 -0.209437 0)
(-0.140566 -0.217917 0)
(-0.127415 -0.22331 0)
(-0.113194 -0.225137 0)
(-0.0981147 -0.222922 0)
(-0.0824768 -0.216215 0)
(-0.0666683 -0.204621 0)
(-0.0511698 -0.187819 0)
(-0.0365479 -0.165603 0)
(-0.0234279 -0.1379 0)
(-0.0124618 -0.104791 0)
(-0.00449515 -0.0665209 0)
(-0.000695277 -0.0235312 0)
(-0.00064634 0.0243279 0)
(-0.00414085 0.0680679 0)
(-0.01142 0.10644 0)
(-0.0213793 0.139216 0)
(-0.0332284 0.166363 0)
(-0.0463749 0.187998 0)
(-0.0602681 0.204362 0)
(-0.0744235 0.21579 0)
(-0.0884423 0.222684 0)
(-0.102011 0.225482 0)
(-0.114896 0.224635 0)
(-0.126935 0.220588 0)
(-0.138027 0.213764 0)
(-0.148121 0.204558 0)
(-0.157209 0.193326 0)
(-0.16531 0.180385 0)
(-0.172466 0.166012 0)
(-0.178732 0.150443 0)
(-0.18417 0.133879 0)
(-0.188844 0.116486 0)
(-0.192816 0.0984036 0)
(-0.196138 0.0797445 0)
(-0.198857 0.0606029 0)
(-0.201008 0.0410577 0)
(-0.202609 0.0211779 0)
(-0.203668 0.00102763 0)
(-0.204175 -0.0193285 0)
(-0.204104 -0.0398196 0)
(-0.203413 -0.060363 0)
(-0.202045 -0.080858 0)
(-0.199925 -0.10118 0)
(-0.196968 -0.121176 0)
(-0.193076 -0.140655 0)
(-0.188145 -0.159387 0)
(-0.182071 -0.177094 0)
(-0.174754 -0.193446 0)
(-0.166112 -0.208062 0)
(-0.156087 -0.220509 0)
(-0.144662 -0.230301 0)
(-0.131874 -0.236915 0)
(-0.117832 -0.239797 0)
(-0.102726 -0.238388 0)
(-0.0868469 -0.232141 0)
(-0.0705931 -0.220561 0)
(-0.054474 -0.203233 0)
(-0.0391073 -0.17986 0)
(-0.0251897 -0.150302 0)
(-0.0134603 -0.114596 0)
(-0.0048793 -0.0729753 0)
(-0.000760828 -0.0259053 0)
(-0.000700795 0.0265081 0)
(-0.00445851 0.0739561 0)
(-0.0122396 0.115331 0)
(-0.0228097 0.150397 0)
(-0.0352769 0.179152 0)
(-0.0489732 0.20177 0)
(-0.0632885 0.218573 0)
(-0.0776981 0.229985 0)
(-0.0917825 0.2365 0)
(-0.105224 0.238645 0)
(-0.117799 0.236952 0)
(-0.129365 0.231937 0)
(-0.139848 0.224083 0)
(-0.149228 0.21383 0)
(-0.157527 0.201571 0)
(-0.164798 0.187649 0)
(-0.171111 0.172355 0)
(-0.17655 0.155938 0)
(-0.181203 0.138599 0)
(-0.185154 0.120505 0)
(-0.188484 0.101787 0)
(-0.191264 0.0825491 0)
(-0.193553 0.0628748 0)
(-0.195395 0.042829 0)
(-0.196821 0.0224655 0)
(-0.197841 0.00183209 0)
(-0.198451 -0.0190238 0)
(-0.198625 -0.040049 0)
(-0.19832 -0.0611786 0)
(-0.197473 -0.0823291 0)
(-0.196001 -0.103393 0)
(-0.193806 -0.124229 0)
(-0.190771 -0.14466 0)
(-0.186771 -0.164461 0)
(-0.181672 -0.183353 0)
(-0.175341 -0.200999 0)
(-0.167657 -0.216999 0)
(-0.158519 -0.230886 0)
(-0.147865 -0.242129 0)
(-0.135688 -0.25014 0)
(-0.122054 -0.254285 0)
(-0.107122 -0.253907 0)
(-0.0911669 -0.248349 0)
(-0.0745861 -0.236996 0)
(-0.0579153 -0.219312 0)
(-0.041825 -0.194891 0)
(-0.0270906 -0.163499 0)
(-0.0145521 -0.125114 0)
(-0.00530456 -0.079947 0)
(-0.000834594 -0.0284864 0)
(-0.000763697 0.0288612 0)
(-0.00481956 0.0802735 0)
(-0.0131593 0.124805 0)
(-0.024392 0.16221 0)
(-0.0375034 0.192529 0)
(-0.0517363 0.216015 0)
(-0.0664143 0.233087 0)
(-0.0809712 0.244284 0)
(-0.0949699 0.25021 0)
(-0.108096 0.251498 0)
(-0.120144 0.248775 0)
(-0.131001 0.242635 0)
(-0.140627 0.233625 0)
(-0.149043 0.222235 0)
(-0.156309 0.208894 0)
(-0.162514 0.193967 0)
(-0.167764 0.177763 0)
(-0.172173 0.160533 0)
(-0.175854 0.142481 0)
(-0.178918 0.123766 0)
(-0.181463 0.104513 0)
(-0.183577 0.0848125 0)
(-0.185333 0.0647334 0)
(-0.186788 0.0443249 0)
(-0.187978 0.0236232 0)
(-0.188924 0.00265753 0)
(-0.189623 -0.0185445 0)
(-0.190054 -0.0399501 0)
(-0.19017 -0.061515 0)
(-0.189907 -0.0831767 0)
(-0.189174 -0.104847 0)
(-0.18786 -0.126406 0)
(-0.185833 -0.147689 0)
(-0.182945 -0.168485 0)
(-0.179033 -0.188522 0)
(-0.173929 -0.207459 0)
(-0.167467 -0.224883 0)
(-0.159499 -0.240299 0)
(-0.14991 -0.253131 0)
(-0.138635 -0.262726 0)
(-0.125687 -0.268363 0)
(-0.111182 -0.269275 0)
(-0.0953608 -0.264679 0)
(-0.0786114 -0.253816 0)
(-0.0614882 -0.236002 0)
(-0.0447138 -0.210689 0)
(-0.02915 -0.177524 0)
(-0.0157534 -0.136398 0)
(-0.00577909 -0.0874852 0)
(-0.000918405 -0.0312981 0)
(-0.000837622 0.0314128 0)
(-0.00523632 0.0870753 0)
(-0.0142056 0.13492 0)
(-0.0261628 0.174695 0)
(-0.0399446 0.206499 0)
(-0.0546891 0.230687 0)
(-0.0696463 0.247809 0)
(-0.0842087 0.25854 0)
(-0.0979285 0.263624 0)
(-0.110504 0.263818 0)
(-0.121761 0.259855 0)
(-0.131627 0.252418 0)
(-0.140109 0.242123 0)
(-0.147275 0.229509 0)
(-0.153232 0.21504 0)
(-0.158111 0.199102 0)
(-0.162057 0.182012 0)
(-0.165215 0.164026 0)
(-0.167729 0.145343 0)
(-0.16973 0.126112 0)
(-0.17134 0.106445 0)
(-0.17266 0.086419 0)
(-0.173778 0.0660849 0)
(-0.17476 0.0454735 0)
(-0.175654 0.0246014 0)
(-0.176484 0.00347675 0)
(-0.177255 -0.0178944 0)
(-0.177947 -0.0395019 0)
(-0.178516 -0.0613251 0)
(-0.178893 -0.0833255 0)
(-0.178985 -0.105439 0)
(-0.178671 -0.127569 0)
(-0.177804 -0.149574 0)
(-0.176214 -0.171259 0)
(-0.173712 -0.192367 0)
(-0.170091 -0.212563 0)
(-0.165142 -0.231426 0)
(-0.158661 -0.248441 0)
(-0.150471 -0.262992 0)
(-0.140441 -0.274361 0)
(-0.128516 -0.281737 0)
(-0.114748 -0.284234 0)
(-0.0993276 -0.280921 0)
(-0.0826188 -0.270871 0)
(-0.0651819 -0.253218 0)
(-0.0477882 -0.227234 0)
(-0.0313924 -0.192405 0)
(-0.0170856 -0.148504 0)
(-0.00631383 -0.0956483 0)
(-0.00101475 -0.0343686 0)
(-0.000926134 0.0341955 0)
(-0.00572538 0.0944314 0)
(-0.0154134 0.145751 0)
(-0.0281685 0.187899 0)
(-0.0426448 0.221059 0)
(-0.0578573 0.245723 0)
(-0.072976 0.262608 0)
(-0.0873562 0.272565 0)
(-0.10055 0.276504 0)
(-0.112284 0.275328 0)
(-0.12243 0.269894 0)
(-0.130972 0.260979 0)
(-0.137976 0.24927 0)
(-0.143569 0.235355 0)
(-0.147911 0.219727 0)
(-0.151182 0.20279 0)
(-0.153565 0.184865 0)
(-0.155242 0.166203 0)
(-0.156384 0.146995 0)
(-0.157147 0.127376 0)
(-0.157667 0.107442 0)
(-0.158065 0.0872501 0)
(-0.158439 0.0668329 0)
(-0.158864 0.0462001 0)
(-0.159396 0.0253466 0)
(-0.160067 0.00425833 0)
(-0.160887 -0.0170821 0)
(-0.161839 -0.0386893 0)
(-0.162884 -0.060568 0)
(-0.163953 -0.0827066 0)
(-0.164948 -0.105069 0)
(-0.165744 -0.127586 0)
(-0.166183 -0.150145 0)
(-0.166077 -0.172576 0)
(-0.165211 -0.194643 0)
(-0.163343 -0.216027 0)
(-0.160217 -0.23631 0)
(-0.155571 -0.254967 0)
(-0.149158 -0.271349 0)
(-0.14077 -0.284679 0)
(-0.130265 -0.294054 0)
(-0.117612 -0.298463 0)
(-0.102932 -0.296808 0)
(-0.0865369 -0.287964 0)
(-0.0689776 -0.270842 0)
(-0.0510643 -0.244484 0)
(-0.0338488 -0.208167 0)
(-0.0185767 -0.161499 0)
(-0.00692355 -0.104507 0)
(-0.00112705 -0.0377332 0)
(-0.00103424 0.0372526 0)
(-0.00630935 0.102431 0)
(-0.0168285 0.157387 0)
(-0.0304678 0.201874 0)
(-0.0456556 0.236193 0)
(-0.0612633 0.261026 0)
(-0.0763774 0.277308 0)
(-0.0903257 0.286112 0)
(-0.102678 0.288549 0)
(-0.11321 0.285694 0)
(-0.12186 0.278538 0)
(-0.128688 0.26796 0)
(-0.133834 0.254717 0)
(-0.137494 0.239441 0)
(-0.139888 0.222649 0)
(-0.141248 0.204752 0)
(-0.141801 0.186071 0)
(-0.141762 0.166844 0)
(-0.141328 0.147245 0)
(-0.140677 0.127394 0)
(-0.139962 0.107363 0)
(-0.139314 0.0871893 0)
(-0.138841 0.0668826 0)
(-0.138627 0.0464302 0)
(-0.138735 0.0258044 0)
(-0.139202 0.00496755 0)
(-0.140044 -0.016122 0)
(-0.141251 -0.0375044 0)
(-0.142785 -0.0592116 0)
(-0.144582 -0.0812609 0)
(-0.146547 -0.103647 0)
(-0.14855 -0.126333 0)
(-0.150429 -0.149239 0)
(-0.151983 -0.17223 0)
(-0.152974 -0.195099 0)
(-0.153131 -0.217554 0)
(-0.152152 -0.239195 0)
(-0.149715 -0.259496 0)
(-0.145498 -0.27779 0)
(-0.139202 -0.293251 0)
(-0.130584 -0.304891 0)
(-0.119507 -0.311565 0)
(-0.105988 -0.311996 0)
(-0.0902628 -0.304828 0)
(-0.0728419 -0.288701 0)
(-0.0545579 -0.262369 0)
(-0.0365584 -0.224828 0)
(-0.0202642 -0.175458 0)
(-0.00762858 -0.114146 0)
(-0.00126017 -0.041436 0)
(-0.00116912 0.0406408 0)
(-0.00701937 0.11119 0)
(-0.0185117 0.16994 0)
(-0.0331337 0.21667 0)
(-0.0490336 0.25186 0)
(-0.0649179 0.276453 0)
(-0.0797925 0.29167 0)
(-0.0929759 0.298862 0)
(-0.104083 0.299384 0)
(-0.112968 0.294506 0)
(-0.119664 0.285367 0)
(-0.124326 0.272948 0)
(-0.127186 0.258072 0)
(-0.128518 0.241405 0)
(-0.128611 0.223478 0)
(-0.12775 0.2047 0)
(-0.126204 0.185377 0)
(-0.124219 0.165729 0)
(-0.122017 0.145909 0)
(-0.11979 0.126008 0)
(-0.117704 0.106077 0)
(-0.1159 0.0861282 0)
(-0.114489 0.0661457 0)
(-0.113564 0.0460939 0)
(-0.11319 0.0259217 0)
(-0.11341 0.00556796 0)
(-0.114246 -0.0150335 0)
(-0.115692 -0.0359483 0)
(-0.117718 -0.057236 0)
(-0.120267 -0.078944 0)
(-0.123247 -0.1011 0)
(-0.126535 -0.123702 0)
(-0.129966 -0.14671 0)
(-0.133334 -0.170028 0)
(-0.136389 -0.193492 0)
(-0.138833 -0.216846 0)
(-0.140325 -0.239723 0)
(-0.140486 -0.261616 0)
(-0.138916 -0.281857 0)
(-0.135216 -0.299588 0)
(-0.129026 -0.313745 0)
(-0.120073 -0.323056 0)
(-0.108241 -0.32605 0)
(-0.0936452 -0.321111 0)
(-0.0767171 -0.306558 0)
(-0.0582808 -0.280776 0)
(-0.0395695 -0.242392 0)
(-0.0221982 -0.190465 0)
(-0.00845727 -0.124674 0)
(-0.00142108 -0.0455342 0)
(-0.00134132 0.0444369 0)
(-0.00789903 0.120857 0)
(-0.0205434 0.183541 0)
(-0.0362555 0.232334 0)
(-0.0528352 0.267983 0)
(-0.0688062 0.291792 0)
(-0.0831076 0.305364 0)
(-0.095082 0.310397 0)
(-0.10443 0.308535 0)
(-0.111124 0.301268 0)
(-0.115323 0.289888 0)
(-0.117304 0.275476 0)
(-0.117407 0.258904 0)
(-0.115994 0.240862 0)
(-0.113424 0.221877 0)
(-0.110035 0.202342 0)
(-0.106134 0.182537 0)
(-0.101993 0.162655 0)
(-0.0978512 0.142815 0)
(-0.0939112 0.123081 0)
(-0.0903449 0.103472 0)
(-0.0872945 0.0839739 0)
(-0.0848759 0.0645469 0)
(-0.0831806 0.0451305 0)
(-0.082277 0.0256507 0)
(-0.0822117 0.00602349 0)
(-0.0830097 -0.0138405 0)
(-0.0846736 -0.0340315 0)
(-0.0871817 -0.0546359 0)
(-0.0904849 -0.0757309 0)
(-0.0945036 -0.0973775 0)
(-0.0991226 -0.119612 0)
(-0.104186 -0.142437 0)
(-0.109492 -0.165803 0)
(-0.114784 -0.189597 0)
(-0.119752 -0.213615 0)
(-0.124024 -0.237537 0)
(-0.127171 -0.260899 0)
(-0.128719 -0.283053 0)
(-0.128165 -0.303135 0)
(-0.125014 -0.320028 0)
(-0.118835 -0.332344 0)
(-0.109335 -0.33842 0)
(-0.0964588 -0.336352 0)
(-0.0805029 -0.324077 0)
(-0.0622329 -0.299526 0)
(-0.0429401 -0.260836 0)
(-0.0244459 -0.206616 0)
(-0.00944983 -0.136225 0)
(-0.00162013 -0.0501031 0)
(-0.00156682 0.0487454 0)
(-0.00901044 0.131627 0)
(-0.0230307 0.198348 0)
(-0.0399389 0.248893 0)
(-0.0571045 0.284417 0)
(-0.0728611 0.306731 0)
(-0.0861154 0.31794 0)
(-0.0962886 0.320175 0)
(-0.103226 0.315416 0)
(-0.107068 0.305389 0)
(-0.108141 0.291538 0)
(-0.106869 0.275025 0)
(-0.103713 0.256755 0)
(-0.0991292 0.237417 0)
(-0.0935441 0.217515 0)
(-0.0873427 0.197406 0)
(-0.0808624 0.177332 0)
(-0.074393 0.157445 0)
(-0.06818 0.137826 0)
(-0.0624284 0.118501 0)
(-0.0573075 0.0994603 0)
(-0.052956 0.0806592 0)
(-0.0494854 0.0620318 0)
(-0.0469841 0.043495 0)
(-0.045519 0.0249531 0)
(-0.0451378 0.00630123 0)
(-0.0458693 -0.0125708 0)
(-0.047723 -0.0317755 0)
(-0.0506871 -0.0514238 0)
(-0.0547253 -0.0716209 0)
(-0.0597733 -0.0924606 0)
(-0.0657327 -0.114018 0)
(-0.0724644 -0.136338 0)
(-0.0797804 -0.159427 0)
(-0.0874349 -0.183228 0)
(-0.0951162 -0.207602 0)
(-0.102438 -0.232298 0)
(-0.108936 -0.256914 0)
(-0.114071 -0.280855 0)
(-0.117238 -0.303284 0)
(-0.117803 -0.323065 0)
(-0.115149 -0.338725 0)
(-0.108766 -0.348418 0)
(-0.0983641 -0.34994 0)
(-0.0840276 -0.340794 0)
(-0.0663866 -0.318348 0)
(-0.0467353 -0.280097 0)
(-0.0270975 -0.224015 0)
(-0.0106644 -0.148971 0)
(-0.0018732 -0.0552442 0)
(-0.00187072 0.0537119 0)
(-0.010444 0.143752 0)
(-0.0261152 0.214538 0)
(-0.044301 0.26633 0)
(-0.0618484 0.30091 0)
(-0.0769179 0.320806 0)
(-0.0884533 0.328781 0)
(-0.0960411 0.327493 0)
(-0.099751 0.3193 0)
(-0.0999568 0.306171 0)
(-0.0971922 0.289678 0)
(-0.0920519 0.271038 0)
(-0.0851259 0.251156 0)
(-0.0769617 0.230687 0)
(-0.068046 0.210086 0)
(-0.0587982 0.189657 0)
(-0.049572 0.169586 0)
(-0.0406606 0.149971 0)
(-0.0323045 0.13085 0)
(-0.0246988 0.112208 0)
(-0.0180011 0.0939993 0)
(-0.0123377 0.0761521 0)
(-0.00780958 0.0585754 0)
(-0.00449634 0.0411646 0)
(-0.00245971 0.0238051 0)
(-0.00174542 0.00637467 0)
(-0.00238464 -0.0112543 0)
(-0.00439362 -0.0292128 0)
(-0.00777173 -0.0476326 0)
(-0.0124987 -0.0666433 0)
(-0.01853 -0.0863683 0)
(-0.0257913 -0.106919 0)
(-0.0341695 -0.128387 0)
(-0.0435038 -0.15083 0)
(-0.0535733 -0.174257 0)
(-0.0640846 -0.198606 0)
(-0.0746576 -0.22371 0)
(-0.0848138 -0.249258 0)
(-0.0939685 -0.274741 0)
(-0.101433 -0.29939 0)
(-0.106432 -0.322103 0)
(-0.108152 -0.341366 0)
(-0.105822 -0.355191 0)
(-0.0988463 -0.361081 0)
(-0.086998 -0.356061 0)
(-0.0706568 -0.336825 0)
(-0.0510199 -0.300033 0)
(-0.0302732 -0.242765 0)
(-0.012187 -0.163136 0)
(-0.0022055 -0.0610982 0)
(-0.00229413 0.0595443 0)
(-0.0123342 0.157565 0)
(-0.0299824 0.232297 0)
(-0.0494541 0.284533 0)
(-0.066986 0.317033 0)
(-0.0806346 0.333332 0)
(-0.0895064 0.337044 0)
(-0.0934822 0.331451 0)
(-0.0929618 0.319311 0)
(-0.0886226 0.302813 0)
(-0.0812461 0.283619 0)
(-0.071611 0.262947 0)
(-0.0604332 0.241657 0)
(-0.0483377 0.220331 0)
(-0.0358517 0.199347 0)
(-0.0234085 0.178929 0)
(-0.0113579 0.159193 0)
(2.16782e-05 0.140177 0)
(0.0105108 0.121864 0)
(0.0199375 0.104198 0)
(0.0281674 0.0870999 0)
(0.0350952 0.0704685 0)
(0.0406382 0.0541913 0)
(0.044731 0.038146 0)
(0.0473214 0.0222031 0)
(0.0483687 0.00622734 0)
(0.047841 -0.00992134 0)
(0.0457162 -0.0263872 0)
(0.0419828 -0.0433175 0)
(0.0366431 -0.0608612 0)
(0.0297172 -0.0791662 0)
(0.0212493 -0.0983761 0)
(0.0113166 -0.118623 0)
(3.97278e-05 -0.14002 0)
(-0.0124025 -0.162642 0)
(-0.0257568 -0.186511 0)
(-0.0396756 -0.21156 0)
(-0.0536967 -0.237593 0)
(-0.0672232 -0.264223 0)
(-0.0795102 -0.290804 0)
(-0.0896658 -0.316327 0)
(-0.0966784 -0.339314 0)
(-0.0994876 -0.357702 0)
(-0.0971207 -0.368745 0)
(-0.0889171 -0.368982 0)
(-0.0748449 -0.354327 0)
(-0.0558355 -0.320372 0)
(-0.0341295 -0.26295 0)
(-0.014147 -0.179006 0)
(-0.00265873 -0.0678664 0)
(-0.00290698 0.0665476 0)
(-0.0148849 0.173493 0)
(-0.0348665 0.251779 0)
(-0.0554615 0.303215 0)
(-0.072252 0.332077 0)
(-0.0833563 0.34331 0)
(-0.0882546 0.341596 0)
(-0.0873032 0.330916 0)
(-0.0813581 0.314413 0)
(-0.0714698 0.294432 0)
(-0.0586922 0.27265 0)
(-0.0439827 0.250213 0)
(-0.0281601 0.227874 0)
(-0.0118966 0.2061 0)
(0.00427258 0.185154 0)
(0.0199304 0.165162 0)
(0.0347577 0.146155 0)
(0.0485137 0.128103 0)
(0.0610182 0.110934 0)
(0.0721374 0.0945522 0)
(0.0817717 0.078843 0)
(0.0898462 0.0636827 0)
(0.0963035 0.048941 0)
(0.101098 0.0344826 0)
(0.104191 0.0201687 0)
(0.105549 0.00585651 0)
(0.105143 -0.0086004 0)
(0.102945 -0.0233533 0)
(0.0989327 -0.0385582 0)
(0.0930877 -0.0543762 0)
(0.0854033 -0.0709728 0)
(0.0758882 -0.0885165 0)
(0.0645752 -0.107174 0)
(0.051533 -0.127107 0)
(0.0368807 -0.148456 0)
(0.0208079 -0.171327 0)
(0.00359846 -0.195761 0)
(-0.0143398 -0.221698 0)
(-0.0324433 -0.248912 0)
(-0.0499602 -0.276927 0)
(-0.0659269 -0.304909 0)
(-0.0791649 -0.331514 0)
(-0.0883228 -0.354715 0)
(-0.0919927 -0.371618 0)
(-0.0889483 -0.378323 0)
(-0.0785332 -0.369895 0)
(-0.0611479 -0.340612 0)
(-0.0388594 -0.284586 0)
(-0.0167421 -0.19695 0)
(-0.00330443 -0.0758454 0)
(-0.00383214 0.0751844 0)
(-0.0184072 0.192082 0)
(-0.041036 0.273027 0)
(-0.0622334 0.321753 0)
(-0.0770109 0.344888 0)
(-0.0838859 0.349296 0)
(-0.083039 0.340939 0)
(-0.0755352 0.324508 0)
(-0.0628162 0.303441 0)
(-0.0463516 0.280119 0)
(-0.0274585 0.256112 0)
(-0.00723445 0.232402 0)
(0.0134497 0.209562 0)
(0.0339268 0.187894 0)
(0.0537002 0.167518 0)
(0.0724092 0.148444 0)
(0.0897975 0.130611 0)
(0.105687 0.113918 0)
(0.119957 0.0982416 0)
(0.132525 0.0834467 0)
(0.143339 0.0693931 0)
(0.152362 0.0559387 0)
(0.159567 0.0429418 0)
(0.164933 0.0302606 0)
(0.168439 0.0177533 0)
(0.170062 0.00527642 0)
(0.169776 -0.00731615 0)
(0.167551 -0.0201754 0)
(0.163351 -0.0334585 0)
(0.157141 -0.0473305 0)
(0.148884 -0.0619653 0)
(0.13855 -0.0775463 0)
(0.126124 -0.094266 0)
(0.11161 -0.112322 0)
(0.095054 -0.131913 0)
(0.0765585 -0.153223 0)
(0.0563119 -0.176404 0)
(0.034623 -0.201539 0)
(0.0119651 -0.228586 0)
(-0.0109724 -0.257297 0)
(-0.0332309 -0.28709 0)
(-0.0535382 -0.316877 0)
(-0.0702974 -0.344823 0)
(-0.0816521 -0.368065 0)
(-0.0856948 -0.382404 0)
(-0.0808929 -0.382088 0)
(-0.066729 -0.35986 0)
(-0.0446688 -0.307523 0)
(-0.0202753 -0.217426 0)
(-0.00426874 -0.0854884 0)
(-0.00528898 0.0861813 0)
(-0.0233695 0.213976 0)
(-0.048719 0.295782 0)
(-0.0692893 0.338934 0)
(-0.0799096 0.35364 0)
(-0.0801037 0.349262 0)
(-0.071214 0.333164 0)
(-0.0552698 0.310628 0)
(-0.034389 0.285182 0)
(-0.0104447 0.259043 0)
(0.0150524 0.233512 0)
(0.0409536 0.209292 0)
(0.066422 0.186706 0)
(0.0908704 0.165847 0)
(0.113902 0.146671 0)
(0.135258 0.129066 0)
(0.15478 0.112879 0)
(0.172379 0.0979463 0)
(0.188009 0.0840989 0)
(0.201654 0.0711726 0)
(0.213315 0.0590093 0)
(0.222999 0.0474576 0)
(0.230716 0.0363723 0)
(0.236469 0.0256127 0)
(0.240259 0.0150411 0)
(0.242074 0.0045206 0)
(0.241895 -0.00608765 0)
(0.239687 -0.0169267 0)
(0.235408 -0.0281468 0)
(0.229004 -0.0399078 0)
(0.22041 -0.0523817 0)
(0.20956 -0.0657554 0)
(0.196383 -0.0802328 0)
(0.180819 -0.0960355 0)
(0.162828 -0.113402 0)
(0.142408 -0.13258 0)
(0.119623 -0.153819 0)
(0.0946383 -0.177341 0)
(0.0677732 -0.203299 0)
(0.0395676 -0.231705 0)
(0.010865 -0.262306 0)
(-0.0170941 -0.294395 0)
(-0.0425883 -0.326529 0)
(-0.0633848 -0.356134 0)
(-0.0768517 -0.379004 0)
(-0.0803379 -0.388769 0)
(-0.0719007 -0.376556 0)
(-0.0516817 -0.331229 0)
(-0.0251981 -0.240951 0)
(-0.00577658 -0.097512 0)
(-0.00766375 0.100701 0)
(-0.0304286 0.239814 0)
(-0.0578563 0.319094 0)
(-0.0752404 0.352514 0)
(-0.0782402 0.35552 0)
(-0.068362 0.340464 0)
(-0.0486596 0.315982 0)
(-0.0223181 0.287594 0)
(0.00789783 0.258558 0)
(0.0398447 0.230642 0)
(0.0719803 0.204694 0)
(0.103254 0.181023 0)
(0.132988 0.159642 0)
(0.160767 0.140415 0)
(0.186363 0.123133 0)
(0.209667 0.107568 0)
(0.230648 0.0934934 0)
(0.249326 0.0806931 0)
(0.265742 0.0689701 0)
(0.279954 0.0581442 0)
(0.292018 0.0480513 0)
(0.301989 0.0385412 0)
(0.309911 0.0294743 0)
(0.315815 0.0207192 0)
(0.319721 0.0121498 0)
(0.321631 0.00364228 0)
(0.321531 -0.00492757 0)
(0.319388 -0.013688 0)
(0.315151 -0.0227743 0)
(0.308753 -0.032332 0)
(0.300107 -0.0425209 0)
(0.289109 -0.0535186 0)
(0.275643 -0.0655252 0)
(0.259581 -0.0787672 0)
(0.240796 -0.0935013 0)
(0.219174 -0.110016 0)
(0.194634 -0.12863 0)
(0.167163 -0.14968 0)
(0.136865 -0.173499 0)
(0.104038 -0.200362 0)
(0.0692734 -0.230386 0)
(0.033599 -0.263358 0)
(-0.00135586 -0.298435 0)
(-0.0331939 -0.33367 0)
(-0.0586779 -0.365307 0)
(-0.073918 -0.386848 0)
(-0.0750008 -0.388056 0)
(-0.0596602 -0.354377 0)
(-0.0321258 -0.267961 0)
(-0.00821993 -0.113064 0)
(-0.0115779 0.12057 0)
(-0.0402972 0.269837 0)
(-0.0673924 0.340573 0)
(-0.076695 0.358596 0)
(-0.0668202 0.34644 0)
(-0.0425719 0.319469 0)
(-0.0091581 0.286957 0)
(0.0291413 0.253967 0)
(0.0691878 0.222961 0)
(0.108881 0.194931 0)
(0.146921 0.17009 0)
(0.182565 0.148283 0)
(0.21544 0.129197 0)
(0.245403 0.112478 0)
(0.272454 0.0977789 0)
(0.296668 0.0847873 0)
(0.318164 0.0732268 0)
(0.337075 0.0628583 0)
(0.353535 0.0534759 0)
(0.36767 0.044901 0)
(0.379591 0.0369779 0)
(0.389393 0.0295686 0)
(0.397153 0.0225489 0)
(0.402926 0.0158042 0)
(0.406748 0.00922685 0)
(0.408635 0.00271242 0)
(0.408577 -0.00384311 0)
(0.406546 -0.010547 0)
(0.402487 -0.0175128 0)
(0.396322 -0.0248641 0)
(0.387949 -0.0327386 0)
(0.377236 -0.0412925 0)
(0.364029 -0.0507063 0)
(0.348144 -0.0611915 0)
(0.329377 -0.0729976 0)
(0.307504 -0.0864202 0)
(0.2823 -0.101808 0)
(0.253555 -0.11957 0)
(0.22112 -0.140166 0)
(0.184969 -0.164094 0)
(0.145305 -0.19183 0)
(0.102722 -0.223699 0)
(0.058445 -0.259622 0)
(0.0146406 -0.298637 0)
(-0.0252484 -0.338055 0)
(-0.0563021 -0.37211 0)
(-0.0723035 -0.390056 0)
(-0.0672404 -0.374073 0)
(-0.0416526 -0.298363 0)
(-0.0122115 -0.133932 0)
(-0.0177466 0.148611 0)
(-0.0528967 0.302857 0)
(-0.073377 0.355011 0)
(-0.0660482 0.35083 0)
(-0.0361527 0.320955 0)
(0.00701656 0.282556 0)
(0.0562468 0.244113 0)
(0.106773 0.209173 0)
(0.155734 0.178796 0)
(0.201596 0.152914 0)
(0.243664 0.131028 0)
(0.281737 0.112526 0)
(0.315879 0.0968274 0)
(0.346293 0.0834224 0)
(0.373236 0.0718872 0)
(0.396978 0.0618742 0)
(0.417781 0.0531001 0)
(0.435882 0.0453338 0)
(0.451492 0.0383853 0)
(0.464794 0.0320967 0)
(0.47594 0.0263346 0)
(0.485057 0.0209844 0)
(0.492244 0.0159452 0)
(0.497573 0.0111261 0)
(0.501092 0.00644261 0)
(0.502825 0.00181423 0)
(0.502771 -0.00283887 0)
(0.500903 -0.00759877 0)
(0.497168 -0.0125529 0)
(0.491485 -0.0177971 0)
(0.483743 -0.0234394 0)
(0.473799 -0.0296048 0)
(0.461472 -0.0364407 0)
(0.446544 -0.0441245 0)
(0.428753 -0.0528728 0)
(0.407792 -0.0629528 0)
(0.383312 -0.0746965 0)
(0.354925 -0.0885175 0)
(0.322225 -0.104929 0)
(0.284829 -0.124556 0)
(0.242452 -0.148134 0)
(0.195055 -0.176465 0)
(0.143096 -0.210266 0)
(0.0879414 -0.249804 0)
(0.032465 -0.294099 0)
(-0.0182005 -0.339327 0)
(-0.0559406 -0.375965 0)
(-0.0699969 -0.384515 0)
(-0.0533907 -0.330422 0)
(-0.0183897 -0.162829 0)
(-0.0258737 0.18943 0)
(-0.0643725 0.333742 0)
(-0.0644093 0.351766 0)
(-0.0273564 0.319375 0)
(0.0302548 0.272572 0)
(0.0951073 0.226663 0)
(0.159574 0.186983 0)
(0.219857 0.154393 0)
(0.274417 0.128122 0)
(0.322932 0.107014 0)
(0.365663 0.0899739 0)
(0.403109 0.0760939 0)
(0.43583 0.0646641 0)
(0.46437 0.0551407 0)
(0.489218 0.0471097 0)
(0.510803 0.0402552 0)
(0.52949 0.0343337 0)
(0.545587 0.0291555 0)
(0.55935 0.0245705 0)
(0.570992 0.0204577 0)
(0.580687 0.0167179 0)
(0.588573 0.0132678 0)
(0.594758 0.0100355 0)
(0.59932 0.00695737 0)
(0.602314 0.00397504 0)
(0.603767 0.00103356 0)
(0.603683 -0.00192116 0)
(0.602039 -0.00494464 0)
(0.598787 -0.0080963 0)
(0.59385 -0.0114417 0)
(0.587123 -0.0150557 0)
(0.578463 -0.0190257 0)
(0.567687 -0.0234571 0)
(0.554567 -0.0284795 0)
(0.538819 -0.0342554 0)
(0.520097 -0.0409918 0)
(0.497978 -0.0489567 0)
(0.471953 -0.0585012 0)
(0.441421 -0.0700892 0)
(0.405685 -0.0843368 0)
(0.36398 -0.102059 0)
(0.315545 -0.124312 0)
(0.259793 -0.152402 0)
(0.196687 -0.187762 0)
(0.127447 -0.231465 0)
(0.0557882 -0.282837 0)
(-0.0102262 -0.336204 0)
(-0.0560604 -0.374623 0)
(-0.062846 -0.358228 0)
(-0.0261774 -0.204098 0)
(-0.0296189 0.246767 0)
(-0.0583678 0.346609 0)
(-0.0119185 0.311531 0)
(0.0704123 0.251512 0)
(0.159036 0.196121 0)
(0.24201 0.151925 0)
(0.315269 0.118613 0)
(0.378167 0.0938894 0)
(0.431574 0.0754398 0)
(0.476816 0.0614702 0)
(0.515199 0.0506996 0)
(0.547862 0.0422365 0)
(0.575747 0.0354623 0)
(0.599616 0.0299443 0)
(0.620082 0.0253759 0)
(0.637636 0.0215352 0)
(0.652672 0.0182591 0)
(0.665508 0.0154246 0)
(0.676398 0.0129376 0)
(0.685547 0.0107242 0)
(0.693118 0.00872484 0)
(0.699241 0.0068907 0)
(0.704014 0.00518026 0)
(0.70751 0.00355717 0)
(0.709778 0.00198864 0)
(0.710845 0.000443995 0)
(0.710715 -0.00110661 0)
(0.709373 -0.00269395 0)
(0.706778 -0.00435097 0)
(0.702868 -0.00611436 0)
(0.697552 -0.00802619 0)
(0.690706 -0.0101364 0)
(0.682171 -0.0125057 0)
(0.671741 -0.0152105 0)
(0.659157 -0.0183483 0)
(0.64409 -0.022047 0)
(0.626121 -0.0264771 0)
(0.604725 -0.0318715 0)
(0.579229 -0.0385535 0)
(0.548786 -0.0469813 0)
(0.512321 -0.0578152 0)
(0.468504 -0.0720167 0)
(0.415749 -0.0909866 0)
(0.352338 -0.116723 0)
(0.27689 -0.151874 0)
(0.189535 -0.199208 0)
(0.0940647 -0.259428 0)
(0.00273078 -0.325475 0)
(-0.0528641 -0.364914 0)
(-0.0285097 -0.260376 0)
(0.0100506 0.286732 0)
(0.0248992 0.29976 0)
(0.150415 0.214187 0)
(0.281689 0.145889 0)
(0.387823 0.100227 0)
(0.471311 0.070496 0)
(0.537085 0.0512043 0)
(0.589133 0.0384588 0)
(0.630762 0.0297576 0)
(0.664509 0.0235944 0)
(0.692214 0.0190723 0)
(0.715207 0.0156477 0)
(0.734457 0.0129816 0)
(0.75068 0.010856 0)
(0.764415 0.00912573 0)
(0.776072 0.00769091 0)
(0.785969 0.00648081 0)
(0.794352 0.00544385 0)
(0.801415 0.00454141 0)
(0.807311 0.00374382 0)
(0.812161 0.00302765 0)
(0.816058 0.00237391 0)
(0.819073 0.00176668 0)
(0.821259 0.00119215 0)
(0.82265 0.000638014 0)
(0.823267 9.28478e-05 0)
(0.823114 -0.000454326 0)
(0.822179 -0.00101487 0)
(0.820438 -0.00160103 0)
(0.817846 -0.00222654 0)
(0.814342 -0.00290722 0)
(0.809839 -0.00366202 0)
(0.804225 -0.00451431 0)
(0.797353 -0.0054938 0)
(0.789036 -0.00663922 0)
(0.77903 -0.00800233 0)
(0.767017 -0.00965416 0)
(0.752584 -0.0116948 0)
(0.735181 -0.0142695 0)
(0.714071 -0.0175963 0)
(0.688244 -0.0220139 0)
(0.656306 -0.028068 0)
(0.616296 -0.0366678 0)
(0.565466 -0.0493661 0)
(0.500128 -0.0688084 0)
(0.415719 -0.0992627 0)
(0.306584 -0.146911 0)
(0.169367 -0.218939 0)
(0.035613 -0.308495 0)
(0.0145927 -0.294741 0)
(0.301256 0.147015 0)
(0.400446 0.127499 0)
(0.564685 0.0751887 0)
(0.68252 0.0427944 0)
(0.752644 0.0251224 0)
(0.797631 0.0154457 0)
(0.828865 0.0100638 0)
(0.851553 0.00696712 0)
(0.868663 0.00508619 0)
(0.881993 0.00387097 0)
(0.892641 0.00303865 0)
(0.901304 0.00243926 0)
(0.908448 0.00198953 0)
(0.914396 0.00164072 0)
(0.919383 0.00136279 0)
(0.923578 0.00113627 0)
(0.927114 0.000947942 0)
(0.930087 0.000788523 0)
(0.932575 0.000651235 0)
(0.934638 0.000530987 0)
(0.936322 0.000423842 0)
(0.937664 0.000326658 0)
(0.93869 0.000236826 0)
(0.93942 0.000152108 0)
(0.939867 7.0505e-05 0)
(0.94004 -9.73634e-06 0)
(0.939938 -9.03529e-05 0)
(0.93956 -0.000173087 0)
(0.938894 -0.000259904 0)
(0.937925 -0.000353006 0)
(0.936628 -0.000454948 0)
(0.934973 -0.000568819 0)
(0.932915 -0.000698481 0)
(0.930399 -0.000848924 0)
(0.927352 -0.00102678 0)
(0.923678 -0.00124115 0)
(0.919251 -0.00150486 0)
(0.913903 -0.00183669 0)
(0.907404 -0.00226528 0)
(0.899436 -0.00283642 0)
(0.889537 -0.00362765 0)
(0.87702 -0.00477796 0)
(0.860805 -0.00655097 0)
(0.839107 -0.00946852 0)
(0.80893 -0.0145775 0)
(0.764969 -0.0239328 0)
(0.695647 -0.0414583 0)
(0.577244 -0.0743102 0)
(0.408957 -0.128036 0)
(0.305002 -0.14844 0)
)
;

boundaryField
{
    movingWall
    {
        type            fixedValue;
        value           uniform (1 0 0);
    }
    fixedWalls
    {
        type            noSlip;
    }
    frontAndBack
    {
        type            empty;
    }
}


// ************************************************************************* //
