/*--------------------------------*- C++ -*----------------------------------*\
| =========                 |                                                 |
| \\      /  F ield         | OpenFOAM: The Open Source CFD Toolbox           |
|  \\    /   O peration     | Version:  v2012                                 |
|   \\  /    A nd           | Website:  www.openfoam.com                      |
|    \\/     M anipulation  |                                                 |
\*---------------------------------------------------------------------------*/
FoamFile
{
    version     2.0;
    format      ascii;
    class       surfaceScalarField;
    location    "0.15";
    object      phi;
}
// * * * * * * * * * * * * * * * * * * * * * * * * * * * * * * * * * * * * * //

dimensions      [0 3 -1 0 0 0 0];
oriented        oriented;


internalField   nonuniform List<scalar> 
4900
(
1.17415e-09
-1.18561e-09
2.41095e-09
-1.23678e-09
2.50967e-09
-9.87235e-11
1.03368e-09
1.47597e-09
-2.09708e-09
3.13071e-09
-6.79471e-09
4.69759e-09
-1.28892e-08
6.09454e-09
-2.01734e-08
7.2842e-09
-2.84259e-08
8.25243e-09
-3.74231e-08
8.99722e-09
-4.69464e-08
9.52325e-09
-5.67854e-08
9.83907e-09
-6.67409e-08
9.95552e-09
-7.66258e-08
9.88482e-09
-8.62658e-08
9.64001e-09
-9.55005e-08
9.23463e-09
-1.04183e-07
8.68248e-09
-1.1218e-07
7.99749e-09
-1.19374e-07
7.19371e-09
-1.25659e-07
6.28528e-09
-1.30946e-07
5.28649e-09
-1.35158e-07
4.21179e-09
-1.38234e-07
3.07591e-09
-1.40128e-07
1.89388e-09
-1.40809e-07
6.81113e-10
-1.40262e-07
-5.46521e-10
-1.38489e-07
-1.77269e-09
-1.35509e-07
-2.98056e-09
-1.31356e-07
-4.15284e-09
-1.26084e-07
-5.27181e-09
-1.19765e-07
-6.31945e-09
-1.12487e-07
-7.2775e-09
-1.0436e-07
-8.12772e-09
-9.55076e-08
-8.85202e-09
-8.60748e-08
-9.43275e-09
-7.62219e-08
-9.85296e-09
-6.61252e-08
-1.00967e-08
-5.59756e-08
-1.01495e-08
-4.5977e-08
-9.99863e-09
-3.63435e-08
-9.63351e-09
-2.72969e-08
-9.04659e-09
-1.90628e-08
-8.23407e-09
-1.18655e-08
-7.1974e-09
-5.91956e-09
-5.94591e-09
-1.41764e-09
-4.50195e-09
1.4938e-09
-2.91149e-09
2.75834e-09
-1.26453e-09
2.49183e-09
2.66608e-10
1.17245e-09
1.31955e-09
1.17255e-09
1.24542e-09
-2.43102e-09
1.44178e-09
-1.4331e-09
-1.16369e-09
2.50671e-09
-7.37643e-09
7.68867e-09
-1.7446e-08
1.32002e-08
-3.12642e-08
1.85157e-08
-4.85063e-08
2.33366e-08
-6.87236e-08
2.75015e-08
-9.14013e-08
3.09301e-08
-1.15995e-07
3.35909e-08
-1.41954e-07
3.54821e-08
-1.68736e-07
3.66213e-08
-1.95819e-07
3.70379e-08
-2.22704e-07
3.67699e-08
-2.48924e-07
3.586e-08
-2.74044e-07
3.43549e-08
-2.97665e-07
3.23033e-08
-3.19423e-07
2.97557e-08
-3.38993e-07
2.67638e-08
-3.56088e-07
2.338e-08
-3.7046e-07
1.96579e-08
-3.819e-07
1.5652e-08
-3.90242e-07
1.1418e-08
-3.95361e-07
7.01282e-09
-3.97175e-07
2.49472e-09
-3.95645e-07
-2.07634e-09
-3.90779e-07
-6.6388e-09
-3.8263e-07
-1.11295e-08
-3.71299e-07
-1.54837e-08
-3.56935e-07
-1.96356e-08
-3.39736e-07
-2.35185e-08
-3.19948e-07
-2.7065e-08
-2.97867e-07
-3.02085e-08
-2.73836e-07
-3.28834e-08
-2.48243e-07
-3.5026e-08
-2.21519e-07
-3.65762e-08
-1.94138e-07
-3.74783e-08
-1.66605e-07
-3.76827e-08
-1.39455e-07
-3.71479e-08
-1.13247e-07
-3.58422e-08
-8.8546e-08
-3.37472e-08
-6.59186e-08
-3.08615e-08
-4.5909e-08
-2.7207e-08
-2.90156e-08
-2.28393e-08
-1.56533e-08
-1.78642e-08
-6.09611e-09
-1.24687e-08
-3.87036e-10
-6.97367e-09
1.79878e-09
-1.91943e-09
1.33113e-09
1.78685e-09
2.50378e-09
1.52632e-10
-2.58365e-09
-2.40379e-09
1.12333e-09
-9.3392e-09
9.44206e-09
-2.14891e-08
1.98385e-08
-3.91187e-08
3.08298e-08
-6.20821e-08
4.14791e-08
-8.99506e-08
5.12051e-08
-1.22114e-07
5.96647e-08
-1.57851e-07
6.66675e-08
-1.96383e-07
7.21227e-08
-2.36906e-07
7.60047e-08
-2.78617e-07
7.83323e-08
-3.20733e-07
7.91539e-08
-3.62501e-07
7.85386e-08
-4.03211e-07
7.65696e-08
-4.42196e-07
7.33398e-08
-4.78842e-07
6.89491e-08
-5.12588e-07
6.35021e-08
-5.42932e-07
5.71076e-08
-5.69429e-07
4.98768e-08
-5.91695e-07
4.1924e-08
-6.09409e-07
3.33658e-08
-6.22313e-07
2.43218e-08
-6.30214e-07
1.49143e-08
-6.32988e-07
5.2687e-09
-6.30578e-07
-4.4864e-09
-6.22998e-07
-1.4219e-08
-6.10333e-07
-2.37941e-08
-5.92743e-07
-3.30738e-08
-5.70461e-07
-4.19179e-08
-5.43794e-07
-5.01851e-08
-5.13126e-07
-5.77336e-08
-4.78911e-07
-6.44231e-08
-4.41678e-07
-7.01166e-08
-4.02022e-07
-7.4682e-08
-3.60603e-07
-7.79956e-08
-3.18137e-07
-7.99442e-08
-2.7539e-07
-8.04292e-08
-2.33168e-07
-7.93703e-08
-1.92299e-07
-7.67111e-08
-1.53621e-07
-7.24251e-08
-1.17957e-07
-6.65251e-08
-8.6088e-08
-5.90763e-08
-5.87118e-08
-5.02154e-08
-3.63943e-08
-4.01817e-08
-1.94966e-08
-2.93663e-08
-8.0793e-09
-1.83908e-08
-1.78173e-09
-8.21689e-09
3.27973e-10
-3.23006e-10
2.8318e-09
-1.37595e-09
-1.20769e-09
-7.51265e-09
7.26003e-09
-1.96749e-08
2.16042e-08
-3.8502e-08
3.86656e-08
-6.4139e-08
5.64668e-08
-9.63382e-08
7.36782e-08
-1.34558e-07
8.94251e-08
-1.78052e-07
1.03158e-07
-2.25936e-07
1.14552e-07
-2.77247e-07
1.23434e-07
-3.30984e-07
1.29741e-07
-3.86135e-07
1.33484e-07
-4.41709e-07
1.34727e-07
-4.96743e-07
1.33573e-07
-5.50325e-07
1.30151e-07
-6.01596e-07
1.2461e-07
-6.4976e-07
1.17113e-07
-6.9409e-07
1.07833e-07
-7.33933e-07
9.69506e-08
-7.6871e-07
8.46538e-08
-7.97922e-07
7.11353e-08
-8.21149e-07
5.6593e-08
-8.38057e-07
4.12297e-08
-8.48396e-07
2.52536e-08
-8.52005e-07
8.87789e-09
-8.48813e-07
-7.67881e-09
-8.38839e-07
-2.41926e-08
-8.22199e-07
-4.04345e-08
-7.99101e-07
-5.61715e-08
-7.69852e-07
-7.11673e-08
-7.34853e-07
-8.51838e-08
-6.94603e-07
-9.79837e-08
-6.49694e-07
-1.09332e-07
-6.00809e-07
-1.19002e-07
-5.48717e-07
-1.26773e-07
-4.94269e-07
-1.32444e-07
-4.38383e-07
-1.3583e-07
-3.82039e-07
-1.36773e-07
-3.2626e-07
-1.35149e-07
-2.72096e-07
-1.30875e-07
-2.20599e-07
-1.23922e-07
-1.72797e-07
-1.14327e-07
-1.29655e-07
-1.02218e-07
-9.20319e-08
-8.78384e-08
-6.06246e-08
-7.15891e-08
-3.58968e-08
-5.40941e-08
-1.7996e-08
-3.62915e-08
-6.66073e-09
-1.95521e-08
-1.12734e-09
-5.85642e-09
1.70448e-09
-3.01486e-09
1.80714e-09
-1.30857e-08
1.73308e-08
-3.09222e-08
3.94407e-08
-5.68325e-08
6.45759e-08
-9.07403e-08
9.03746e-08
-1.32233e-07
1.15171e-07
-1.80629e-07
1.37821e-07
-2.3504e-07
1.5757e-07
-2.94439e-07
1.7395e-07
-3.57705e-07
1.867e-07
-4.23672e-07
1.95708e-07
-4.9116e-07
2.00972e-07
-5.59002e-07
2.02569e-07
-6.26066e-07
2.00637e-07
-6.9127e-07
1.95355e-07
-7.53596e-07
1.86936e-07
-8.12096e-07
1.75613e-07
-8.65903e-07
1.6164e-07
-9.14237e-07
1.45284e-07
-9.56404e-07
1.26822e-07
-9.91809e-07
1.0654e-07
-1.01995e-06
8.47331e-08
-1.04042e-06
6.17051e-08
-1.05294e-06
3.77665e-08
-1.0573e-06
1.32362e-08
-1.05342e-06
-1.15592e-08
-1.04132e-06
-3.62855e-08
-1.02116e-06
-6.06016e-08
-9.93166e-07
-8.41604e-08
-9.57722e-07
-1.06611e-07
-9.15305e-07
-1.27601e-07
-8.66511e-07
-1.46778e-07
-8.12045e-07
-1.63798e-07
-7.52721e-07
-1.78325e-07
-6.89456e-07
-1.90039e-07
-6.23254e-07
-1.98645e-07
-5.55206e-07
-2.03878e-07
-4.86466e-07
-2.05513e-07
-4.18239e-07
-2.03376e-07
-3.51757e-07
-1.97358e-07
-2.8825e-07
-1.87429e-07
-2.28915e-07
-1.73661e-07
-1.7488e-07
-1.56254e-07
-1.27149e-07
-1.35569e-07
-8.65564e-08
-1.12182e-07
-5.37005e-08
-8.69501e-08
-2.88806e-08
-6.11114e-08
-1.20363e-08
-3.63964e-08
-2.70374e-09
-1.5189e-08
-9.99263e-10
-4.63085e-09
6.43795e-09
-1.87127e-08
3.14127e-08
-4.23776e-08
6.31056e-08
-7.55354e-08
9.77337e-08
-1.17823e-07
1.32662e-07
-1.68613e-07
1.65961e-07
-2.27048e-07
1.96255e-07
-2.92087e-07
2.22609e-07
-3.62555e-07
2.44418e-07
-4.37189e-07
2.61334e-07
-5.14676e-07
2.73195e-07
-5.93689e-07
2.79985e-07
-6.72915e-07
2.81795e-07
-7.51077e-07
2.78799e-07
-8.26953e-07
2.71231e-07
-8.99389e-07
2.59372e-07
-9.67312e-07
2.43536e-07
-1.02974e-06
2.24065e-07
-1.08578e-06
2.01323e-07
-1.13464e-06
1.75688e-07
-1.17565e-06
1.47552e-07
-1.20824e-06
1.17322e-07
-1.23195e-06
8.54152e-08
-1.24645e-06
5.22587e-08
-1.2515e-06
1.82921e-08
-1.24703e-06
-1.6035e-08
-1.23305e-06
-5.02626e-08
-1.20973e-06
-8.39219e-08
-1.17735e-06
-1.16537e-07
-1.13634e-06
-1.47626e-07
-1.08723e-06
-1.76706e-07
-1.03071e-06
-2.03298e-07
-9.6758e-07
-2.26931e-07
-8.98757e-07
-2.47148e-07
-8.25279e-07
-2.63517e-07
-7.48287e-07
-2.75638e-07
-6.69009e-07
-2.83156e-07
-5.88751e-07
-2.85771e-07
-5.08871e-07
-2.83256e-07
-4.30755e-07
-2.75473e-07
-3.55791e-07
-2.62393e-07
-2.85331e-07
-2.44122e-07
-2.2065e-07
-2.20935e-07
-1.62906e-07
-1.93313e-07
-1.13085e-07
-1.62002e-07
-7.19563e-08
-1.28079e-07
-4.00229e-08
-9.30449e-08
-1.7491e-08
-5.89283e-08
-4.26511e-09
-2.84149e-08
-5.26435e-09
-6.17235e-09
1.26103e-08
-2.42e-08
4.94404e-08
-5.36731e-08
9.25787e-08
-9.4084e-08
1.38145e-07
-1.44748e-07
1.83326e-07
-2.04786e-07
2.25999e-07
-2.73136e-07
2.64606e-07
-3.48586e-07
2.98059e-07
-4.29807e-07
3.25639e-07
-5.1539e-07
3.46917e-07
-6.03886e-07
3.61691e-07
-6.93835e-07
3.69934e-07
-7.83794e-07
3.71755e-07
-8.72363e-07
3.67368e-07
-9.58197e-07
3.57066e-07
-1.04003e-06
3.41205e-07
-1.11668e-06
3.20187e-07
-1.18707e-06
2.94452e-07
-1.25021e-06
2.64467e-07
-1.30525e-06
2.30723e-07
-1.35142e-06
1.93728e-07
-1.38811e-06
1.54012e-07
-1.41481e-06
1.12115e-07
-1.43115e-06
6.85952e-08
-1.43688e-06
2.40241e-08
-1.4319e-06
-2.1013e-08
-1.41625e-06
-6.59184e-08
-1.39009e-06
-1.10083e-07
-1.35374e-06
-1.52887e-07
-1.30765e-06
-1.93708e-07
-1.25244e-06
-2.31919e-07
-1.18884e-06
-2.669e-07
-1.11773e-06
-2.98041e-07
-1.04012e-06
-3.24754e-07
-9.57161e-07
-3.46481e-07
-8.7009e-07
-3.62709e-07
-7.80264e-07
-3.72982e-07
-6.89114e-07
-3.7692e-07
-5.98136e-07
-3.74235e-07
-5.08855e-07
-3.64754e-07
-4.22804e-07
-3.48444e-07
-3.41482e-07
-3.25444e-07
-2.66318e-07
-2.96098e-07
-1.98631e-07
-2.61001e-07
-1.39582e-07
-2.21051e-07
-9.01416e-08
-1.77519e-07
-5.1054e-08
-1.32132e-07
-2.28286e-08
-8.71538e-08
-5.75792e-09
-4.54856e-08
-1.10223e-08
-7.62749e-09
2.02377e-08
-2.94755e-08
7.12886e-08
-6.46474e-08
1.2775e-07
-1.12226e-07
1.85724e-07
-1.71192e-07
2.42292e-07
-2.40392e-07
2.95199e-07
-3.18539e-07
3.42753e-07
-4.0423e-07
3.83749e-07
-4.95968e-07
4.17377e-07
-5.922e-07
4.43148e-07
-6.91338e-07
4.6083e-07
-7.91798e-07
4.70394e-07
-8.92018e-07
4.71975e-07
-9.90484e-07
4.65834e-07
-1.08575e-06
4.52331e-07
-1.17645e-06
4.31903e-07
-1.26131e-06
4.05048e-07
-1.33916e-06
3.72308e-07
-1.40896e-06
3.34265e-07
-1.46977e-06
2.9153e-07
-1.52078e-06
2.44738e-07
-1.56131e-06
1.94546e-07
-1.59083e-06
1.41632e-07
-1.60892e-06
8.66909e-08
-1.61534e-06
3.04376e-08
-1.60995e-06
-2.6398e-08
-1.5928e-06
-8.30697e-08
-1.56407e-06
-1.38817e-07
-1.52408e-06
-1.9287e-07
-1.47334e-06
-2.44449e-07
-1.41249e-06
-2.92776e-07
-1.34231e-06
-3.37077e-07
-1.26376e-06
-3.76594e-07
-1.17791e-06
-4.10596e-07
-1.08601e-06
-4.38389e-07
-9.89379e-07
-4.59336e-07
-8.8949e-07
-4.72871e-07
-7.87887e-07
-4.78523e-07
-6.86187e-07
-4.75935e-07
-5.8605e-07
-4.64891e-07
-4.89147e-07
-4.45347e-07
-3.97127e-07
-4.17464e-07
-3.11582e-07
-3.81644e-07
-2.34003e-07
-3.38579e-07
-1.65751e-07
-2.89303e-07
-1.0802e-07
-2.35251e-07
-6.18198e-08
-1.78332e-07
-2.79787e-08
-1.20995e-07
-7.16992e-09
-6.62944e-08
-1.81921e-08
-9.00218e-09
2.92399e-08
-3.4531e-08
9.68175e-08
-7.52581e-08
1.68478e-07
-1.29879e-07
2.40344e-07
-1.97037e-07
3.0945e-07
-2.75295e-07
3.73457e-07
-3.63124e-07
4.30582e-07
-4.58916e-07
4.79541e-07
-5.60998e-07
5.19459e-07
-6.67659e-07
5.4981e-07
-7.77178e-07
5.70348e-07
-8.87843e-07
5.81059e-07
-9.97981e-07
5.82113e-07
-1.10597e-06
5.73828e-07
-1.21028e-06
5.56639e-07
-1.30945e-06
5.31073e-07
-1.40213e-06
4.9773e-07
-1.48709e-06
4.57266e-07
-1.56321e-06
4.10383e-07
-1.6295e-06
3.57817e-07
-1.6851e-06
3.0034e-07
-1.7293e-06
2.38744e-07
-1.76152e-06
1.73851e-07
-1.78133e-06
1.06502e-07
-1.78845e-06
3.75607e-08
-1.78276e-06
-3.20902e-08
-1.76428e-06
-1.01548e-07
-1.73321e-06
-1.69893e-07
-1.68988e-06
-2.36195e-07
-1.63482e-06
-2.99511e-07
-1.56869e-06
-3.589e-07
-1.49234e-06
-4.13427e-07
-1.40676e-06
-4.62175e-07
-1.3131e-06
-5.04258e-07
-1.21265e-06
-5.38837e-07
-1.10685e-06
-5.6514e-07
-9.9724e-07
-5.8248e-07
-8.85481e-07
-5.90283e-07
-7.73305e-07
-5.88111e-07
-6.62501e-07
-5.75695e-07
-5.54883e-07
-5.52965e-07
-4.52255e-07
-5.20091e-07
-3.56379e-07
-4.77519e-07
-2.6894e-07
-4.26019e-07
-1.91511e-07
-3.66732e-07
-1.25532e-07
-3.0123e-07
-7.22919e-08
-2.31572e-07
-3.2939e-08
-1.60348e-07
-8.50833e-09
-9.0725e-08
-2.67004e-08
-1.03094e-08
3.95493e-08
-3.93895e-08
1.25898e-07
-8.5528e-08
2.14616e-07
-1.47056e-07
3.01872e-07
-2.22288e-07
3.84683e-07
-3.09497e-07
4.60666e-07
-4.06905e-07
5.2799e-07
-5.12684e-07
5.8532e-07
-6.24977e-07
6.31752e-07
-7.41909e-07
6.66743e-07
-8.61618e-07
6.90057e-07
-9.82268e-07
7.01709e-07
-1.10208e-06
7.0192e-07
-1.21933e-06
6.91078e-07
-1.33239e-06
6.69704e-07
-1.43974e-06
6.38424e-07
-1.53996e-06
5.97949e-07
-1.63175e-06
5.49055e-07
-1.71394e-06
4.92572e-07
-1.78549e-06
4.29373e-07
-1.84552e-06
3.60364e-07
-1.89326e-06
2.86487e-07
-1.92812e-06
2.08707e-07
-1.94964e-06
1.2802e-07
-1.95752e-06
4.5442e-08
-1.95162e-06
-3.79834e-08
-1.93198e-06
-1.21192e-07
-1.89877e-06
-2.031e-07
-1.85236e-06
-2.82608e-07
-1.79326e-06
-3.58605e-07
-1.72219e-06
-4.29978e-07
-1.63999e-06
-4.95623e-07
-1.54771e-06
-5.54452e-07
-1.44656e-06
-6.05417e-07
-1.33787e-06
-6.47521e-07
-1.22317e-06
-6.79845e-07
-1.10408e-06
-7.0157e-07
-9.82356e-07
-7.12003e-07
-8.59854e-07
-7.10613e-07
-7.38487e-07
-6.97061e-07
-6.20216e-07
-6.71236e-07
-5.0701e-07
-6.33298e-07
-4.00812e-07
-5.83717e-07
-3.03514e-07
-5.23317e-07
-2.1692e-07
-4.53326e-07
-1.42727e-07
-3.75423e-07
-8.25131e-08
-2.91786e-07
-3.77419e-08
-2.05119e-07
-9.78866e-09
-1.18678e-07
-3.64891e-08
-1.15644e-08
5.11136e-08
-4.40886e-08
1.58422e-07
-9.5513e-08
2.6604e-07
-1.63826e-07
3.70185e-07
-2.47024e-07
4.6788e-07
-3.43089e-07
5.56731e-07
-4.49985e-07
6.34886e-07
-5.65661e-07
7.00997e-07
-6.88064e-07
7.54154e-07
-8.1515e-07
7.93829e-07
-9.4491e-07
8.19816e-07
-1.07538e-06
8.32181e-07
-1.20468e-06
8.31213e-07
-1.33098e-06
8.17384e-07
-1.45259e-06
7.91313e-07
-1.5679e-06
7.53737e-07
-1.67544e-06
7.05488e-07
-1.77386e-06
6.47471e-07
-1.86194e-06
5.80651e-07
-1.93861e-06
5.0604e-07
-2.00293e-06
4.24692e-07
-2.05414e-06
3.37695e-07
-2.0916e-06
2.46167e-07
-2.11484e-06
1.51259e-07
-2.12355e-06
5.41473e-08
-2.11757e-06
-4.39636e-08
-2.09691e-06
-1.41843e-07
-2.06178e-06
-2.38239e-07
-2.01251e-06
-3.31877e-07
-1.94964e-06
-4.21473e-07
-1.87388e-06
-5.05736e-07
-1.78612e-06
-5.83382e-07
-1.68743e-06
-6.53148e-07
-1.57903e-06
-7.13809e-07
-1.46235e-06
-7.64202e-07
-1.33895e-06
-8.03246e-07
-1.21055e-06
-8.29972e-07
-1.079e-06
-8.43558e-07
-9.46248e-07
-8.4336e-07
-8.14361e-07
-8.28949e-07
-6.85443e-07
-8.00154e-07
-5.61637e-07
-7.57104e-07
-4.45085e-07
-7.00269e-07
-3.37895e-07
-6.30507e-07
-2.42116e-07
-5.49104e-07
-1.59716e-07
-4.57824e-07
-9.25645e-08
-3.58938e-07
-4.24368e-08
-2.55247e-07
-1.10295e-08
-1.50086e-07
-4.75185e-08
-1.27822e-08
6.38958e-08
-4.86705e-08
1.9431e-07
-1.05284e-07
3.22654e-07
-1.80287e-07
4.45188e-07
-2.71363e-07
5.58956e-07
-3.76207e-07
6.61574e-07
-4.92522e-07
7.51201e-07
-6.18025e-07
8.265e-07
-7.50461e-07
8.86589e-07
-8.87611e-07
9.30979e-07
-1.02732e-06
9.59521e-07
-1.16749e-06
9.72352e-07
-1.30612e-06
9.69849e-07
-1.44132e-06
9.52586e-07
-1.57131e-06
9.21295e-07
-1.69441e-06
8.76838e-07
-1.8091e-06
8.20176e-07
-1.91398e-06
7.52353e-07
-2.0078e-06
6.74475e-07
-2.08946e-06
5.87703e-07
-2.15801e-06
4.93237e-07
-2.21263e-06
3.9232e-07
-2.25269e-06
2.86224e-07
-2.27769e-06
1.76257e-07
-2.2873e-06
6.3757e-08
-2.28135e-06
-4.99076e-08
-2.25986e-06
-1.63339e-07
-2.22299e-06
-2.75111e-07
-2.17109e-06
-3.83776e-07
-2.10469e-06
-4.87869e-07
-2.02451e-06
-5.85916e-07
-1.93145e-06
-6.76447e-07
-1.82658e-06
-7.58014e-07
-1.71118e-06
-8.29207e-07
-1.58671e-06
-8.88679e-07
-1.45478e-06
-9.35175e-07
-1.31719e-06
-9.67562e-07
-1.17588e-06
-9.84867e-07
-1.03292e-06
-9.86313e-07
-8.90512e-07
-9.71361e-07
-7.50911e-07
-9.39756e-07
-6.16445e-07
-8.9157e-07
-4.89463e-07
-8.27251e-07
-3.72308e-07
-7.47662e-07
-2.67286e-07
-6.54126e-07
-1.76643e-07
-5.48467e-07
-1.02546e-07
-4.33034e-07
-4.70805e-08
-3.10713e-07
-1.22498e-08
-1.84916e-07
-5.97683e-08
-1.39771e-08
7.78728e-08
-5.3178e-08
2.33511e-07
-1.14918e-07
3.84394e-07
-1.96546e-07
5.26816e-07
-2.95442e-07
6.57852e-07
-4.09012e-07
7.75144e-07
-5.34695e-07
8.76884e-07
-6.69974e-07
9.61779e-07
-8.12383e-07
1.029e-06
-9.59525e-07
1.07812e-06
-1.10909e-06
1.10908e-06
-1.25885e-06
1.12211e-06
-1.4067e-06
1.1177e-06
-1.55066e-06
1.09655e-06
-1.68887e-06
1.0595e-06
-1.81961e-06
1.00757e-06
-1.94129e-06
9.41862e-07
-2.0525e-06
8.63559e-07
-2.15194e-06
7.73921e-07
-2.2385e-06
6.7426e-07
-2.31119e-06
5.6593e-07
-2.3692e-06
4.50328e-07
-2.41186e-06
3.28884e-07
-2.43867e-06
2.03063e-07
-2.44927e-06
7.43632e-08
-2.4435e-06
-5.5682e-08
-2.42133e-06
-1.85507e-07
-2.38293e-06
-3.13513e-07
-2.32863e-06
-4.38075e-07
-2.25895e-06
-5.57545e-07
-2.17461e-06
-6.70262e-07
-2.07649e-06
-7.74564e-07
-1.9657e-06
-8.68808e-07
-1.84352e-06
-9.51387e-07
-1.71143e-06
-1.02076e-06
-1.57113e-06
-1.07548e-06
-1.42446e-06
-1.11423e-06
-1.27346e-06
-1.13587e-06
-1.12031e-06
-1.13946e-06
-9.67343e-07
-1.12433e-06
-8.1699e-07
-1.09011e-06
-6.71768e-07
-1.03679e-06
-5.34245e-07
-9.64773e-07
-4.0701e-07
-8.74897e-07
-2.92639e-07
-7.68498e-07
-1.93667e-07
-6.47439e-07
-1.12566e-07
-5.14134e-07
-5.17312e-08
-3.71548e-07
-1.34684e-08
-2.23179e-07
-7.32367e-08
-1.51618e-08
9.30346e-08
-5.76516e-08
2.76001e-07
-1.24488e-07
4.5123e-07
-2.12712e-07
6.1504e-07
-3.19399e-07
7.64539e-07
-4.41668e-07
8.97413e-07
-5.7669e-07
1.01191e-06
-7.21707e-07
1.1068e-06
-8.74041e-07
1.18133e-06
-1.03111e-06
1.23519e-06
-1.19044e-06
1.26842e-06
-1.34969e-06
1.28136e-06
-1.50665e-06
1.27466e-06
-1.65923e-06
1.24913e-06
-1.80551e-06
1.20579e-06
-1.94372e-06
1.14579e-06
-2.07225e-06
1.07039e-06
-2.18964e-06
9.80946e-07
-2.29458e-06
8.78864e-07
-2.38594e-06
7.65612e-07
-2.46271e-06
6.42705e-07
-2.52408e-06
5.11692e-07
-2.56935e-06
3.7416e-07
-2.59802e-06
2.31733e-07
-2.60972e-06
8.60667e-08
-2.60426e-06
-6.11428e-08
-2.58161e-06
-2.08164e-07
-2.54189e-06
-3.53227e-07
-2.48544e-06
-4.94529e-07
-2.41275e-06
-6.30237e-07
-2.32451e-06
-7.58501e-07
-2.22161e-06
-8.77462e-07
-2.10515e-06
-9.85271e-07
-1.97642e-06
-1.08012e-06
-1.83694e-06
-1.16025e-06
-1.68841e-06
-1.224e-06
-1.53277e-06
-1.26987e-06
-1.37214e-06
-1.29651e-06
-1.20881e-06
-1.30279e-06
-1.04524e-06
-1.28789e-06
-8.8405e-07
-1.2513e-06
-7.2795e-07
-1.19289e-06
-5.7974e-07
-1.11298e-06
-4.42267e-07
-1.01237e-06
-3.18392e-07
-8.92373e-07
-2.10952e-07
-7.54879e-07
-1.22734e-07
-6.02352e-07
-5.64465e-08
-4.37835e-07
-1.47028e-08
-2.64923e-07
-8.79395e-08
-1.63479e-08
1.09382e-07
-6.21285e-08
3.21782e-07
-1.34064e-07
5.23165e-07
-2.28887e-07
7.09864e-07
-3.43368e-07
8.7902e-07
-4.74334e-07
1.02838e-06
-6.18684e-07
1.15626e-06
-7.73414e-07
1.26153e-06
-9.35628e-07
1.34355e-06
-1.10256e-06
1.40212e-06
-1.27157e-06
1.43743e-06
-1.44019e-06
1.44999e-06
-1.6061e-06
1.44056e-06
-1.76714e-06
1.41017e-06
-1.92133e-06
1.35997e-06
-2.06685e-06
1.29131e-06
-2.20205e-06
1.2056e-06
-2.32546e-06
1.10435e-06
-2.43576e-06
9.8916e-07
-2.53179e-06
8.61646e-07
-2.61256e-06
7.2348e-07
-2.67724e-06
5.76371e-07
-2.72514e-06
4.2206e-07
-2.75573e-06
2.62323e-07
-2.76864e-06
9.89734e-08
-2.76365e-06
-6.61357e-08
-2.7407e-06
-2.3111e-07
-2.69991e-06
-3.94013e-07
-2.64158e-06
-5.52865e-07
-2.56616e-06
-7.05651e-07
-2.47434e-06
-8.50327e-07
-2.36697e-06
-9.84832e-07
-2.24513e-06
-1.10711e-06
-2.11013e-06
-1.21512e-06
-1.96348e-06
-1.3069e-06
-1.80693e-06
-1.38055e-06
-1.64246e-06
-1.43434e-06
-1.47227e-06
-1.46669e-06
-1.29877e-06
-1.47629e-06
-1.12457e-06
-1.46209e-06
-9.52443e-07
-1.42343e-06
-7.85323e-07
-1.36001e-06
-6.26249e-07
-1.27206e-06
-4.78343e-07
-1.16028e-06
-3.44761e-07
-1.02596e-06
-2.28659e-07
-8.7098e-07
-1.33154e-07
-6.97857e-07
-6.12817e-08
-5.09707e-07
-1.59697e-08
-3.10235e-07
-1.03909e-07
-1.75454e-08
1.26928e-07
-6.66429e-08
3.7088e-07
-1.43711e-07
6.00233e-07
-2.45169e-07
8.11322e-07
-3.67476e-07
1.00133e-06
-5.07158e-07
1.16806e-06
-6.6084e-07
1.30994e-06
-8.25262e-07
1.42595e-06
-9.97307e-07
1.51559e-06
-1.17402e-06
1.57883e-06
-1.3526e-06
1.61601e-06
-1.53045e-06
1.62783e-06
-1.70514e-06
1.61526e-06
-1.87445e-06
1.57947e-06
-2.03633e-06
1.52186e-06
-2.18893e-06
1.44391e-06
-2.33059e-06
1.34725e-06
-2.45981e-06
1.23358e-06
-2.57528e-06
1.10463e-06
-2.67585e-06
9.62211e-07
-2.76052e-06
8.08148e-07
-2.82845e-06
6.44306e-07
-2.87897e-06
4.72575e-07
-2.91153e-06
2.94882e-07
-2.92574e-06
1.1319e-07
-2.92138e-06
-7.04965e-08
-2.89836e-06
-2.54128e-07
-2.85677e-06
-4.35605e-07
-2.79686e-06
-6.12778e-07
-2.71906e-06
-7.83451e-07
-2.624e-06
-9.45385e-07
-2.51252e-06
-1.09632e-06
-2.38566e-06
-1.23397e-06
-2.24471e-06
-1.35607e-06
-2.09118e-06
-1.46042e-06
-1.92685e-06
-1.54488e-06
-1.75374e-06
-1.60745e-06
-1.57412e-06
-1.64632e-06
-1.3905e-06
-1.65991e-06
-1.20564e-06
-1.64696e-06
-1.02249e-06
-1.60657e-06
-8.44197e-07
-1.5383e-06
-6.74062e-07
-1.44219e-06
-5.1549e-07
-1.31885e-06
-3.71954e-07
-1.16949e-06
-2.46946e-07
-9.95987e-07
-1.4393e-07
-8.00874e-07
-6.62894e-08
-5.87348e-07
-1.72846e-08
-3.5924e-07
-1.21194e-07
-1.87637e-08
1.45691e-07
-7.12255e-08
4.23341e-07
-1.53488e-07
6.82496e-07
-2.61646e-07
9.1948e-07
-3.91836e-07
1.13152e-06
-5.40275e-07
1.3165e-06
-7.033e-07
1.47296e-06
-8.77393e-07
1.60004e-06
-1.05921e-06
1.69741e-06
-1.24559e-06
1.76521e-06
-1.43359e-06
1.80402e-06
-1.62048e-06
1.81472e-06
-1.80373e-06
1.79851e-06
-1.98105e-06
1.7568e-06
-2.15036e-06
1.69116e-06
-2.30977e-06
1.60332e-06
-2.4576e-06
1.49509e-06
-2.59238e-06
1.36835e-06
-2.71279e-06
1.22504e-06
-2.81769e-06
1.06711e-06
-2.9061e-06
8.96558e-07
-2.97719e-06
7.154e-07
-3.03029e-06
5.25673e-07
-3.06485e-06
3.29445e-07
-3.08048e-06
1.28821e-07
-3.07693e-06
-7.40533e-08
-3.05407e-06
-2.76981e-07
-3.01197e-06
-4.77708e-07
-2.95083e-06
-6.73921e-07
-2.87103e-06
-8.63247e-07
-2.77316e-06
-1.04326e-06
-2.65799e-06
-1.21148e-06
-2.52654e-06
-1.36542e-06
-2.38004e-06
-1.50257e-06
-2.22002e-06
-1.62045e-06
-2.04823e-06
-1.71667e-06
-1.86672e-06
-1.78895e-06
-1.67785e-06
-1.83519e-06
-1.48421e-06
-1.85355e-06
-1.2887e-06
-1.84247e-06
-1.09446e-06
-1.80082e-06
-9.04851e-07
-1.72791e-06
-7.23444e-07
-1.6236e-06
-5.53947e-07
-1.48835e-06
-4.00168e-07
-1.32327e-06
-2.65961e-07
-1.13019e-06
-1.5516e-07
-9.11675e-07
-7.15198e-08
-6.70988e-07
-1.86622e-08
-4.12098e-07
-1.39856e-07
-2.00111e-08
1.65703e-07
-7.59051e-08
4.79235e-07
-1.63451e-07
7.70042e-07
-2.78401e-07
1.03443e-06
-4.16554e-07
1.26967e-06
-5.73804e-07
1.47375e-06
-7.46188e-07
1.64535e-06
-9.2992e-07
1.78377e-06
-1.12142e-06
1.88891e-06
-1.31734e-06
1.96113e-06
-1.51456e-06
2.00124e-06
-1.71024e-06
2.0104e-06
-1.90176e-06
1.99003e-06
-2.08676e-06
1.9418e-06
-2.26314e-06
1.86753e-06
-2.42899e-06
1.76917e-06
-2.58264e-06
1.64875e-06
-2.72263e-06
1.50834e-06
-2.84766e-06
1.35007e-06
-2.95663e-06
1.17607e-06
-3.04857e-06
9.88499e-07
-3.12268e-06
7.8951e-07
-3.17829e-06
5.81285e-07
-3.21487e-06
3.66023e-07
-3.23201e-06
1.4596e-07
-3.22943e-06
-7.66286e-08
-3.207e-06
-2.99409e-07
-3.16472e-06
-5.19987e-07
-3.10275e-06
-7.35894e-07
-3.02141e-06
-9.44588e-07
-2.92121e-06
-1.14346e-06
-2.80288e-06
-1.32982e-06
-2.66735e-06
-1.50095e-06
-2.51582e-06
-1.65409e-06
-2.34976e-06
-1.78651e-06
-2.17093e-06
-1.8955e-06
-1.98139e-06
-1.97849e-06
-1.78352e-06
-2.03306e-06
-1.58003e-06
-2.05703e-06
-1.37394e-06
-2.04856e-06
-1.16857e-06
-2.00619e-06
-9.67524e-07
-1.92896e-06
-7.74633e-07
-1.81649e-06
-5.93932e-07
-1.66905e-06
-4.29591e-07
-1.48761e-06
-2.85846e-07
-1.27394e-06
-1.66935e-07
-1.03059e-06
-7.7021e-08
-7.60902e-07
-2.01166e-08
-4.69002e-07
-1.59973e-07
-2.12955e-08
1.86998e-07
-8.07087e-08
5.38649e-07
-1.73651e-07
8.62984e-07
-2.9551e-07
1.15629e-06
-4.41726e-07
1.41588e-06
-6.07851e-07
1.63988e-06
-7.89607e-07
1.8271e-06
-9.82928e-07
1.97709e-06
-1.18399e-06
2.08997e-06
-1.38925e-06
2.16639e-06
-1.59544e-06
2.20743e-06
-1.79958e-06
2.21453e-06
-1.99898e-06
2.18943e-06
-2.19125e-06
2.13406e-06
-2.37423e-06
2.05052e-06
-2.54606e-06
1.941e-06
-2.70506e-06
1.80775e-06
-2.84982e-06
1.65309e-06
-2.97907e-06
1.47932e-06
-3.09174e-06
1.28875e-06
-3.18693e-06
1.08368e-06
-3.26385e-06
8.66429e-07
-3.32185e-06
6.39291e-07
-3.36042e-06
4.04593e-07
-3.37915e-06
1.64684e-07
-3.37773e-06
-7.80426e-08
-3.35601e-06
-3.21136e-07
-3.31392e-06
-5.62071e-07
-3.25158e-06
-7.98241e-07
-3.16922e-06
-1.02695e-06
-3.06728e-06
-1.2454e-06
-2.94639e-06
-1.45071e-06
-2.80742e-06
-1.63992e-06
-2.65148e-06
-1.81003e-06
-2.47999e-06
-1.958e-06
-2.29466e-06
-2.08083e-06
-2.09754e-06
-2.1756e-06
-1.89106e-06
-2.23954e-06
-1.67799e-06
-2.27011e-06
-1.46147e-06
-2.26508e-06
-1.245e-06
-2.22266e-06
-1.03241e-06
-2.14154e-06
-8.27835e-07
-2.02106e-06
-6.35646e-07
-1.86124e-06
-4.60393e-07
-1.66286e-06
-3.06735e-07
-1.4276e-06
-1.79347e-07
-1.15797e-06
-8.28393e-08
-8.5741e-07
-2.16615e-08
-5.3018e-07
-1.81634e-07
-2.26249e-08
2.09623e-07
-8.56633e-08
6.01687e-07
-1.8414e-07
9.61461e-07
-3.13049e-07
1.2852e-06
-4.67443e-07
1.57028e-06
-6.42512e-07
1.81494e-06
-8.33643e-07
2.01824e-06
-1.03648e-06
2.17993e-06
-1.24694e-06
2.30044e-06
-1.46128e-06
2.38073e-06
-1.67609e-06
2.42223e-06
-1.88826e-06
2.42671e-06
-2.09505e-06
2.39623e-06
-2.29403e-06
2.33304e-06
-2.48304e-06
2.23954e-06
-2.66024e-06
2.11819e-06
-2.82401e-06
1.97152e-06
-2.97296e-06
1.80204e-06
-3.1059e-06
1.61227e-06
-3.22183e-06
1.40468e-06
-3.31988e-06
1.18173e-06
-3.39932e-06
9.4587e-07
-3.45954e-06
6.99513e-07
-3.50004e-06
4.4509e-07
-3.5204e-06
1.8505e-07
-3.52033e-06
-7.81182e-08
-3.4996e-06
-3.41862e-07
-3.45812e-06
-6.03548e-07
-3.39592e-06
-8.60446e-07
-3.31315e-06
-1.10971e-06
-3.21015e-06
-1.34839e-06
-3.08745e-06
-1.57341e-06
-2.9458e-06
-1.78157e-06
-2.78623e-06
-1.9696e-06
-2.61005e-06
-2.13418e-06
-2.41891e-06
-2.27197e-06
-2.21484e-06
-2.37967e-06
-2.00025e-06
-2.45413e-06
-1.77798e-06
-2.49238e-06
-1.55128e-06
-2.49179e-06
-1.32381e-06
-2.45012e-06
-1.09965e-06
-2.3657e-06
-8.83225e-07
-2.23749e-06
-6.79264e-07
-2.0652e-06
-4.92737e-07
-1.84939e-06
-3.28755e-07
-1.59158e-06
-1.92482e-07
-1.29425e-06
-8.90202e-08
-9.60871e-07
-2.33103e-08
-5.9589e-07
-2.04944e-07
-2.40074e-08
2.3363e-07
-9.07969e-08
6.68477e-07
-1.94971e-07
1.06564e-06
-3.31092e-07
1.42132e-06
-4.93796e-07
1.73298e-06
-6.77878e-07
1.99903e-06
-8.78368e-07
2.21873e-06
-1.0906e-06
2.39215e-06
-1.31023e-06
2.52007e-06
-1.53332e-06
2.60382e-06
-1.75628e-06
2.6452e-06
-1.97595e-06
2.64637e-06
-2.1895e-06
2.60978e-06
-2.39449e-06
2.53803e-06
-2.5888e-06
2.43385e-06
-2.77061e-06
2.30001e-06
-2.93839e-06
2.1393e-06
-3.09082e-06
1.95447e-06
-3.2268e-06
1.74824e-06
-3.34539e-06
1.52327e-06
-3.4458e-06
1.28215e-06
-3.52738e-06
1.02745e-06
-3.58956e-06
7.61693e-07
-3.63187e-06
4.87393e-07
-3.6539e-06
2.07079e-07
-3.65533e-06
-7.66868e-08
-3.63592e-06
-3.61274e-07
-3.5955e-06
-6.43963e-07
-3.53402e-06
-9.21924e-07
-3.45155e-06
-1.19219e-06
-3.34829e-06
-1.45165e-06
-3.22465e-06
-1.69705e-06
-3.08125e-06
-1.92497e-06
-2.91897e-06
-2.13188e-06
-2.73902e-06
-2.31413e-06
-2.54296e-06
-2.46804e-06
-2.33272e-06
-2.58991e-06
-2.11071e-06
-2.67614e-06
-1.87978e-06
-2.72331e-06
-1.64328e-06
-2.72829e-06
-1.40503e-06
-2.68837e-06
-1.16934e-06
-2.6014e-06
-9.40936e-07
-2.46589e-06
-7.24942e-07
-2.28119e-06
-5.2677e-07
-2.04756e-06
-3.52031e-07
-1.76632e-06
-2.06425e-07
-1.43985e-06
-9.56097e-08
-1.07169e-06
-2.50767e-08
-6.66423e-07
-2.30021e-07
-2.54523e-08
2.59083e-07
-9.61402e-08
7.39165e-07
-2.062e-07
1.1757e-06
-3.49721e-07
1.56484e-06
-5.20878e-07
1.90414e-06
-7.14037e-07
2.19218e-06
-9.23843e-07
2.42853e-06
-1.1453e-06
2.61361e-06
-1.3738e-06
2.74857e-06
-1.60518e-06
2.8352e-06
-1.83574e-06
2.87575e-06
-2.06219e-06
2.87283e-06
-2.28171e-06
2.82929e-06
-2.49184e-06
2.74816e-06
-2.69053e-06
2.63253e-06
-2.87603e-06
2.48551e-06
-3.04689e-06
2.31016e-06
-3.2019e-06
2.10949e-06
-3.34008e-06
1.88642e-06
-3.4606e-06
1.64378e-06
-3.56276e-06
1.38431e-06
-3.64598e-06
1.11067e-06
-3.70977e-06
8.25482e-07
-3.75369e-06
5.31314e-07
-3.77737e-06
2.30751e-07
-3.78046e-06
-7.35947e-08
-3.76269e-06
-3.79044e-07
-3.72383e-06
-6.82821e-07
-3.66374e-06
-9.82018e-07
-3.58235e-06
-1.27357e-06
-3.47976e-06
-1.55425e-06
-3.3562e-06
-1.82061e-06
-3.21214e-06
-2.06903e-06
-3.04829e-06
-2.29572e-06
-2.86571e-06
-2.49672e-06
-2.66579e-06
-2.66795e-06
-2.4504e-06
-2.8053e-06
-2.22185e-06
-2.90469e-06
-1.983e-06
-2.96216e-06
-1.73725e-06
-2.97404e-06
-1.48857e-06
-2.93705e-06
-1.24149e-06
-2.84848e-06
-1.00106e-06
-2.70632e-06
-7.72813e-07
-2.50944e-06
-5.62631e-07
-2.25775e-06
-3.76682e-07
-1.95227e-06
-2.21262e-07
-1.59527e-06
-1.02654e-07
-1.19029e-06
-2.69753e-08
-7.42102e-07
-2.56996e-07
-2.697e-08
2.86053e-07
-1.01729e-07
8.13924e-07
-2.17894e-07
1.29186e-06
-3.69028e-07
1.71597e-06
-5.48794e-07
2.08391e-06
-7.51085e-07
2.39448e-06
-9.70128e-07
2.64757e-06
-1.20057e-06
2.84405e-06
-1.43753e-06
2.98553e-06
-1.67664e-06
3.07431e-06
-1.91405e-06
3.11316e-06
-2.14643e-06
3.1052e-06
-2.37092e-06
3.05378e-06
-2.58512e-06
2.96237e-06
-2.78706e-06
2.83447e-06
-2.97509e-06
2.67354e-06
-3.14789e-06
2.48296e-06
-3.30441e-06
2.266e-06
-3.44378e-06
2.02579e-06
-3.5653e-06
1.76531e-06
-3.66843e-06
1.48744e-06
-3.75267e-06
1.19492e-06
-3.81761e-06
8.90426e-07
-3.86288e-06
5.76584e-07
-3.88813e-06
2.55994e-07
-3.89301e-06
-6.8712e-08
-3.87721e-06
-3.9484e-07
-3.84045e-06
-7.19587e-07
-3.78246e-06
-1.04e-06
-3.70308e-06
-1.35296e-06
-3.60221e-06
-1.65511e-06
-3.47993e-06
-1.94289e-06
-3.33649e-06
-2.21247e-06
-3.17242e-06
-2.45979e-06
-2.98856e-06
-2.68058e-06
-2.78613e-06
-2.87038e-06
-2.56683e-06
-3.0246e-06
-2.33287e-06
-3.13865e-06
-2.08706e-06
-3.20797e-06
-1.83282e-06
-3.22828e-06
-1.57424e-06
-3.19563e-06
-1.31606e-06
-3.10665e-06
-1.06366e-06
-2.95871e-06
-8.22985e-07
-2.75012e-06
-6.00451e-07
-2.48028e-06
-4.02829e-07
-2.14989e-06
-2.37083e-07
-1.76102e-06
-1.10204e-07
-1.31717e-06
-2.90212e-08
-8.23285e-07
-2.86017e-07
-2.85737e-08
3.14626e-07
-1.07606e-07
8.92956e-07
-2.30132e-07
1.41439e-06
-3.8912e-07
1.87496e-06
-5.77662e-07
2.27245e-06
-7.89126e-07
2.60594e-06
-1.01728e-06
2.87573e-06
-1.25639e-06
3.08316e-06
-1.50129e-06
3.23043e-06
-1.74739e-06
3.32042e-06
-1.99074e-06
3.35651e-06
-2.22796e-06
3.34242e-06
-2.45621e-06
3.28203e-06
-2.67317e-06
3.17933e-06
-2.87698e-06
3.03827e-06
-3.06614e-06
2.86271e-06
-3.23952e-06
2.65634e-06
-3.39621e-06
2.42269e-06
-3.53553e-06
2.16512e-06
-3.65697e-06
1.88675e-06
-3.76011e-06
1.59057e-06
-3.84459e-06
1.2794e-06
-3.91011e-06
9.55945e-07
-3.95636e-06
6.22836e-07
-3.98304e-06
2.8267e-07
-3.98981e-06
-6.19421e-08
-3.97632e-06
-4.08325e-07
-3.94222e-06
-7.53689e-07
-3.88714e-06
-1.09508e-06
-3.81076e-06
-1.42934e-06
-3.71283e-06
-1.75305e-06
-3.59319e-06
-2.06253e-06
-3.45188e-06
-2.35378e-06
-3.28917e-06
-2.6225e-06
-3.10566e-06
-2.8641e-06
-2.90234e-06
-3.07371e-06
-2.68067e-06
-3.24627e-06
-2.44272e-06
-3.37659e-06
-2.19118e-06
-3.45951e-06
-1.92946e-06
-3.49e-06
-1.66173e-06
-3.46337e-06
-1.39292e-06
-3.37546e-06
-1.12873e-06
-3.22291e-06
-8.75544e-07
-3.0033e-06
-6.40352e-07
-2.71547e-06
-4.30592e-07
-2.35965e-06
-2.53982e-07
-1.93763e-06
-1.18312e-07
-1.45284e-06
-3.12314e-08
-9.10366e-07
-3.17249e-07
-3.02793e-08
3.44906e-07
-1.13825e-07
9.76502e-07
-2.43011e-07
1.54357e-06
-4.10131e-07
2.04208e-06
-6.0763e-07
2.46995e-06
-8.28287e-07
2.8266e-06
-1.06536e-06
3.11281e-06
-1.31272e-06
3.33051e-06
-1.56488e-06
3.48259e-06
-1.81707e-06
3.57261e-06
-2.06522e-06
3.60467e-06
-2.30594e-06
3.58314e-06
-2.53647e-06
3.51255e-06
-2.75459e-06
3.39746e-06
-2.95861e-06
3.24229e-06
-3.14724e-06
3.05133e-06
-3.31953e-06
2.82863e-06
-3.47482e-06
2.57798e-06
-3.61264e-06
2.30294e-06
-3.73267e-06
2.00677e-06
-3.83466e-06
1.69257e-06
-3.91844e-06
1.36318e-06
-3.98382e-06
1.02132e-06
-4.03058e-06
6.69598e-07
-4.05847e-06
3.10563e-07
-4.06718e-06
-5.32318e-08
-4.05634e-06
-4.19174e-07
-4.0255e-06
-7.84528e-07
-3.97419e-06
-1.14638e-06
-3.90195e-06
-1.50159e-06
-3.80829e-06
-1.8467e-06
-3.69286e-06
-2.17796e-06
-3.55541e-06
-2.49123e-06
-3.39592e-06
-2.78199e-06
-3.21468e-06
-3.04533e-06
-3.01239e-06
-3.276e-06
-2.79024e-06
-3.46841e-06
-2.55005e-06
-3.61678e-06
-2.29435e-06
-3.71521e-06
-2.02647e-06
-3.75788e-06
-1.7506e-06
-3.73924e-06
-1.47185e-06
-3.65422e-06
-1.19622e-06
-3.49854e-06
-9.30552e-07
-3.26896e-06
-6.82453e-07
-2.96357e-06
-4.60102e-07
-2.582e-06
-2.72061e-07
-2.12567e-06
-1.27039e-07
-1.59787e-06
-3.36252e-08
-1.00378e-06
-3.50874e-07
-3.21076e-08
3.77013e-07
-1.20454e-07
1.06485e-06
-2.56653e-07
1.67977e-06
-4.32225e-07
2.21765e-06
-6.38877e-07
2.6766e-06
-8.68721e-07
3.05644e-06
-1.11446e-06
3.35854e-06
-1.36951e-06
3.58556e-06
-1.62808e-06
3.74116e-06
-1.88521e-06
3.82975e-06
-2.13676e-06
3.85622e-06
-2.37937e-06
3.82574e-06
-2.61037e-06
3.74356e-06
-2.82774e-06
3.61483e-06
-3.03e-06
3.44455e-06
-3.2161e-06
3.23743e-06
-3.38536e-06
2.9979e-06
-3.53739e-06
2.73001e-06
-3.67197e-06
2.43752e-06
-3.78902e-06
2.12382e-06
-3.88852e-06
1.79207e-06
-3.97046e-06
1.44512e-06
-4.03482e-06
1.08568e-06
-4.0815e-06
7.16272e-07
-4.1103e-06
3.39368e-07
-4.12095e-06
-4.25831e-08
-4.11305e-06
-4.27077e-07
-4.08609e-06
-8.11484e-07
-4.03949e-06
-1.19298e-06
-3.9726e-06
-1.56848e-06
-3.88474e-06
-1.93456e-06
-3.77527e-06
-2.28743e-06
-3.64364e-06
-2.62285e-06
-3.48951e-06
-2.93612e-06
-3.3128e-06
-3.22205e-06
-3.11383e-06
-3.47497e-06
-2.89346e-06
-3.68879e-06
-2.65318e-06
-3.85706e-06
-2.39527e-06
-3.97312e-06
-2.12291e-06
-4.03025e-06
-1.84025e-06
-4.02189e-06
-1.55252e-06
-3.94194e-06
-1.26601e-06
-3.78505e-06
-9.88044e-07
-3.54693e-06
-7.26871e-07
-3.22474e-06
-4.91495e-07
-2.81738e-06
-2.91436e-07
-2.32573e-06
-1.36453e-07
-1.75285e-06
-3.62251e-08
-1.10401e-06
-3.87099e-07
-3.40849e-08
4.11098e-07
-1.27578e-07
1.15834e-06
-2.71214e-07
1.82341e-06
-4.55613e-07
2.40205e-06
-6.71628e-07
2.89261e-06
-9.10616e-07
3.29543e-06
-1.16465e-06
3.61258e-06
-1.42668e-06
3.84759e-06
-1.69059e-06
4.00507e-06
-1.95125e-06
4.09041e-06
-2.20449e-06
4.10946e-06
-2.44701e-06
4.06827e-06
-2.67634e-06
3.97288e-06
-2.89067e-06
3.82916e-06
-3.08882e-06
3.64269e-06
-3.27005e-06
3.41866e-06
-3.434e-06
3.16185e-06
-3.5806e-06
2.87661e-06
-3.70992e-06
2.56684e-06
-3.82218e-06
2.23608e-06
-3.91759e-06
1.88748e-06
-3.99638e-06
1.52391e-06
-4.05869e-06
1.14798e-06
-4.10454e-06
7.62127e-07
-4.13385e-06
3.68678e-07
-4.14637e-06
-3.00648e-08
-4.14169e-06
-4.31757e-07
-4.11925e-06
-8.33926e-07
-4.07834e-06
-1.23389e-06
-4.01812e-06
-1.62869e-06
-3.93771e-06
-2.01498e-06
-3.83616e-06
-2.38899e-06
-3.71258e-06
-2.74643e-06
-3.56625e-06
-3.08246e-06
-3.39666e-06
-3.39164e-06
-3.2037e-06
-3.66792e-06
-2.98779e-06
-3.9047e-06
-2.75001e-06
-4.09484e-06
-2.4923e-06
-4.23084e-06
-2.21756e-06
-4.30498e-06
-1.92986e-06
-4.30959e-06
-1.63447e-06
-4.23734e-06
-1.33792e-06
-4.08159e-06
-1.04803e-06
-3.83683e-06
-7.73723e-07
-3.49905e-06
-5.24926e-07
-3.06617e-06
-3.12241e-07
-2.53841e-06
-1.46636e-07
-1.91845e-06
-3.90581e-08
-1.21158e-06
-4.26157e-07
-3.62458e-08
4.47344e-07
-1.3531e-07
1.25741e-06
-2.86893e-07
1.97499e-06
-4.80558e-07
2.59572e-06
-7.06165e-07
3.11822e-06
-9.54204e-07
3.54347e-06
-1.21605e-06
3.87443e-06
-1.48414e-06
4.11567e-06
-1.75204e-06
4.27297e-06
-2.01449e-06
4.35286e-06
-2.26732e-06
4.36229e-06
-2.5074e-06
4.30834e-06
-2.73247e-06
4.19796e-06
-2.94108e-06
4.03777e-06
-3.13237e-06
3.83398e-06
-3.306e-06
3.59229e-06
-3.462e-06
3.31785e-06
-3.60065e-06
3.01526e-06
-3.72241e-06
2.6886e-06
-3.82778e-06
2.34145e-06
-3.91729e-06
1.97699e-06
-3.99139e-06
1.59801e-06
-4.05043e-06
1.20702e-06
-4.09459e-06
8.06287e-07
-4.12389e-06
3.97975e-07
-4.13813e-06
-1.58241e-08
-4.13691e-06
-4.32977e-07
-4.11961e-06
-8.51226e-07
-4.0854e-06
-1.2681e-06
-4.03328e-06
-1.68081e-06
-3.9621e-06
-2.08616e-06
-3.87062e-06
-2.48047e-06
-3.75757e-06
-2.85947e-06
-3.62179e-06
-3.21824e-06
-3.4623e-06
-3.55112e-06
-3.27847e-06
-3.85175e-06
-3.07018e-06
-4.11299e-06
-2.838e-06
-4.32702e-06
-2.5834e-06
-4.48544e-06
-2.30892e-06
-4.57945e-06
-2.01841e-06
-4.60011e-06
-1.71708e-06
-4.53867e-06
-1.41168e-06
-4.38699e-06
-1.11047e-06
-4.13804e-06
-8.23128e-07
-3.78639e-06
-5.60571e-07
-3.32873e-06
-3.34636e-07
-2.76435e-06
-1.57688e-07
-2.0954e-06
-4.21572e-08
-1.32712e-06
-4.68314e-07
-3.86351e-08
4.85979e-07
-1.43793e-07
1.36256e-06
-3.03944e-07
2.13514e-06
-5.07394e-07
2.79917e-06
-7.42838e-07
3.35366e-06
-9.99767e-07
3.8004e-06
-1.26877e-06
4.14343e-06
-1.54175e-06
4.38865e-06
-1.81196e-06
4.54318e-06
-2.07405e-06
4.61494e-06
-2.32394e-06
4.61218e-06
-2.55872e-06
4.54313e-06
-2.7765e-06
4.41574e-06
-2.97621e-06
4.23748e-06
-3.15745e-06
4.01522e-06
-3.32034e-06
3.75518e-06
-3.46536e-06
3.46287e-06
-3.59323e-06
3.14313e-06
-3.70479e-06
2.80016e-06
-3.80092e-06
2.43759e-06
-3.88246e-06
2.05853e-06
-3.95013e-06
1.66569e-06
-4.00451e-06
1.26139e-06
-4.04595e-06
8.47731e-07
-4.0746e-06
4.26621e-07
-4.09033e-06
-9.66681e-11
-4.09275e-06
-4.30558e-07
-4.08119e-06
-8.62782e-07
-4.05473e-06
-1.29456e-06
-4.01218e-06
-1.72336e-06
-3.95214e-06
-2.1462e-06
-3.87306e-06
-2.55956e-06
-3.77326e-06
-2.95927e-06
-3.65111e-06
-3.34039e-06
-3.50508e-06
-3.69715e-06
-3.33395e-06
-4.02289e-06
-3.13695e-06
-4.30999e-06
-2.91403e-06
-4.54994e-06
-2.66606e-06
-4.73341e-06
-2.39508e-06
-4.85044e-06
-2.10454e-06
-4.89065e-06
-1.79953e-06
-4.84368e-06
-1.48689e-06
-4.69963e-06
-1.1753e-06
-4.44963e-06
-8.75214e-07
-4.08648e-06
-5.98637e-07
-3.60531e-06
-3.58813e-07
-3.00417e-06
-1.69731e-07
-2.28448e-06
-4.55636e-08
-1.45128e-06
-5.13878e-07
-4.13113e-08
5.2729e-07
-1.53214e-07
1.47447e-06
-3.22691e-07
2.30462e-06
-5.36542e-07
3.01302e-06
-7.82078e-07
3.5992e-06
-1.04763e-06
4.06595e-06
-1.32293e-06
4.41873e-06
-1.59929e-06
4.66501e-06
-1.86971e-06
4.8136e-06
-2.1288e-06
4.87403e-06
-2.37268e-06
4.85606e-06
-2.5988e-06
4.76924e-06
-2.80569e-06
4.62263e-06
-2.99281e-06
4.4246e-06
-3.16032e-06
4.18274e-06
-3.30888e-06
3.90374e-06
-3.4395e-06
3.59348e-06
-3.55337e-06
3.257e-06
-3.6518e-06
2.89859e-06
-3.73606e-06
2.52185e-06
-3.80734e-06
2.12981e-06
-3.86665e-06
1.725e-06
-3.91481e-06
1.30955e-06
-3.95237e-06
8.85292e-07
-3.9796e-06
4.5386e-07
-3.99649e-06
1.67856e-08
-4.00265e-06
-4.24393e-07
-3.99741e-06
-8.68026e-07
-3.97973e-06
-1.31224e-06
-3.94826e-06
-1.75482e-06
-3.90137e-06
-2.19309e-06
-3.83715e-06
-2.62377e-06
-3.75355e-06
-3.04287e-06
-3.6484e-06
-3.44554e-06
-3.51958e-06
-3.82598e-06
-3.36518e-06
-4.17728e-06
-3.18372e-06
-4.49145e-06
-2.97436e-06
-4.7593e-06
-2.73721e-06
-4.97056e-06
-2.47365e-06
-5.114e-06
-2.18657e-06
-5.17772e-06
-1.88075e-06
-5.1495e-06
-1.56302e-06
-5.01737e-06
-1.2424e-06
-4.77025e-06
-9.30111e-07
-4.39877e-06
-6.39372e-07
-3.89605e-06
-3.85013e-07
-3.25853e-06
-1.82919e-07
-2.48658e-06
-4.933e-08
-1.58487e-06
-5.63208e-07
-4.43514e-08
5.71642e-07
-1.63814e-07
1.59393e-06
-3.43552e-07
2.48436e-06
-5.6853e-07
3.238e-06
-8.24408e-07
3.85508e-06
-1.09818e-06
4.33972e-06
-1.3786e-06
4.69916e-06
-1.65643e-06
4.94283e-06
-1.92442e-06
5.08159e-06
-2.17728e-06
5.1269e-06
-2.41146e-06
5.09024e-06
-2.62487e-06
4.98265e-06
-2.81667e-06
4.81443e-06
-2.98696e-06
4.59489e-06
-3.13654e-06
4.33232e-06
-3.26672e-06
4.03392e-06
-3.3791e-06
3.70587e-06
-3.47544e-06
3.35334e-06
-3.55752e-06
2.98066e-06
-3.62703e-06
2.59136e-06
-3.68554e-06
2.18832e-06
-3.73437e-06
1.77383e-06
-3.7746e-06
1.34977e-06
-3.80698e-06
9.17669e-07
-3.83193e-06
4.78817e-07
-3.84954e-06
3.43887e-08
-3.85947e-06
-4.14456e-07
-3.86104e-06
-8.6646e-07
-3.85313e-06
-1.32015e-06
-3.83427e-06
-1.77369e-06
-3.80256e-06
-2.22479e-06
-3.75581e-06
-2.67052e-06
-3.69153e-06
-3.10716e-06
-3.60701e-06
-3.53006e-06
-3.49951e-06
-3.93347e-06
-3.36637e-06
-4.31042e-06
-3.20526e-06
-4.65256e-06
-3.01442e-06
-4.95013e-06
-2.79306e-06
-5.19192e-06
-2.54164e-06
-5.36542e-06
-2.26233e-06
-5.45704e-06
-1.95935e-06
-5.45248e-06
-1.63933e-06
-5.33738e-06
-1.31154e-06
-5.09803e-06
-9.87955e-07
-4.72235e-06
-6.83073e-07
-4.20093e-06
-4.13534e-07
-3.52807e-06
-1.97448e-07
-2.70266e-06
-5.35243e-08
-1.7288e-06
-6.16732e-07
-4.78569e-08
6.19499e-07
-1.75907e-07
1.72198e-06
-3.67055e-07
2.6755e-06
-6.0401e-07
3.47495e-06
-8.70449e-07
4.12152e-06
-1.15181e-06
4.62109e-06
-1.4358e-06
4.98314e-06
-1.7126e-06
5.21963e-06
-1.97486e-06
5.34385e-06
-2.21753e-06
5.36957e-06
-2.43755e-06
5.31026e-06
-2.63352e-06
5.17862e-06
-2.80534e-06
4.98625e-06
-2.95392e-06
4.74347e-06
-3.08084e-06
4.45924e-06
-3.18813e-06
4.14122e-06
-3.27808e-06
3.79581e-06
-3.35302e-06
3.42828e-06
-3.41526e-06
3.0429e-06
-3.46695e-06
2.64306e-06
-3.51002e-06
2.23139e-06
-3.54613e-06
1.80993e-06
-3.57658e-06
1.38023e-06
-3.60236e-06
9.43452e-07
-3.62406e-06
5.00513e-07
-3.64185e-06
5.21787e-08
-3.65549e-06
-4.0082e-07
-3.66428e-06
-8.57668e-07
-3.66708e-06
-1.31735e-06
-3.66227e-06
-1.7785e-06
-3.6478e-06
-2.23927e-06
-3.62115e-06
-2.69717e-06
-3.57942e-06
-3.14888e-06
-3.5194e-06
-3.59008e-06
-3.43766e-06
-4.01521e-06
-3.33075e-06
-4.41734e-06
-3.19537e-06
-4.78794e-06
-3.02876e-06
-5.11674e-06
-2.82896e-06
-5.39171e-06
-2.59534e-06
-5.59904e-06
-2.32903e-06
-5.72335e-06
-2.03346e-06
-5.74805e-06
-1.71481e-06
-5.65603e-06
-1.38241e-06
-5.43044e-06
-1.04888e-06
-5.05588e-06
-7.30101e-07
-4.51971e-06
-4.44758e-07
-3.81341e-06
-2.13574e-07
-2.93385e-06
-5.82358e-08
-1.88413e-06
-6.74968e-07
-5.19627e-08
6.71461e-07
-1.89903e-07
1.85992e-06
-3.93877e-07
2.87948e-06
-6.4379e-07
3.72487e-06
-9.20922e-07
4.39865e-06
-1.20892e-06
4.90908e-06
-1.49435e-06
5.26857e-06
-1.76691e-06
5.49219e-06
-2.0193e-06
5.59625e-06
-2.24693e-06
5.59719e-06
-2.44746e-06
5.51079e-06
-2.62039e-06
5.35156e-06
-2.76661e-06
5.13247e-06
-2.88795e-06
4.86482e-06
-2.98693e-06
4.55822e-06
-3.0664e-06
4.22069e-06
-3.12936e-06
3.85877e-06
-3.1788e-06
3.47772e-06
-3.21754e-06
3.08165e-06
-3.24819e-06
2.67371e-06
-3.27306e-06
2.25625e-06
-3.29409e-06
1.83096e-06
-3.31287e-06
1.39901e-06
-3.33057e-06
9.61156e-07
-3.34795e-06
5.17889e-07
-3.3653e-06
6.9529e-08
-3.38246e-06
-3.8366e-07
-3.39878e-06
-8.41352e-07
-3.41309e-06
-1.30303e-06
-3.42371e-06
-1.76787e-06
-3.42842e-06
-2.23456e-06
-3.42446e-06
-2.70113e-06
-3.40857e-06
-3.16477e-06
-3.37703e-06
-3.62162e-06
-3.32574e-06
-4.0665e-06
-3.25041e-06
-4.49267e-06
-3.14674e-06
-4.89161e-06
-3.01075e-06
-5.25273e-06
-2.8392e-06
-5.56327e-06
-2.63006e-06
-5.80819e-06
-2.38312e-06
-5.97028e-06
-2.10066e-06
-6.03051e-06
-1.78808e-06
-5.96861e-06
-1.45447e-06
-5.76405e-06
-1.11299e-06
-5.39736e-06
-7.80893e-07
-4.8518e-06
-4.7917e-07
-4.11513e-06
-2.31632e-07
-3.18139e-06
-6.35833e-08
-2.05218e-06
-7.38551e-07
-5.68493e-08
7.28311e-07
-2.06339e-07
2.00941e-06
-4.24877e-07
3.09802e-06
-6.88849e-07
3.98884e-06
-9.76629e-07
4.68643e-06
-1.26981e-06
5.20226e-06
-1.5538e-06
5.55256e-06
-1.81794e-06
5.75634e-06
-2.05525e-06
5.83356e-06
-2.26188e-06
5.80383e-06
-2.43656e-06
5.68546e-06
-2.57994e-06
5.49494e-06
-2.69411e-06
5.24664e-06
-2.78207e-06
4.95277e-06
-2.84733e-06
4.62348e-06
-2.89366e-06
4.26702e-06
-2.92484e-06
3.88995e-06
-2.94449e-06
3.49737e-06
-2.95598e-06
3.09313e-06
-2.96233e-06
2.68007e-06
-2.96621e-06
2.26013e-06
-2.96984e-06
1.83459e-06
-2.97503e-06
1.4042e-06
-2.98315e-06
9.69277e-07
-2.9951e-06
5.2984e-07
-3.01131e-06
8.57371e-08
-3.03171e-06
-3.63262e-07
-3.05571e-06
-8.17351e-07
-3.08218e-06
-1.27656e-06
-3.10941e-06
-1.74064e-06
-3.13509e-06
-2.20888e-06
-3.15629e-06
-2.67993e-06
-3.16943e-06
-3.15163e-06
-3.17034e-06
-3.6207e-06
-3.15432e-06
-4.08252e-06
-3.11622e-06
-4.53077e-06
-3.05069e-06
-4.95714e-06
-2.95246e-06
-5.35096e-06
-2.81676e-06
-5.69897e-06
-2.6399e-06
-5.98504e-06
-2.41999e-06
-6.1902e-06
-2.1577e-06
-6.2928e-06
-1.85719e-06
-6.26912e-06
-1.52694e-06
-6.09431e-06
-1.18032e-06
-5.74398e-06
-8.35969e-07
-5.19615e-06
-5.17393e-07
-4.43371e-06
-2.52065e-07
-3.44671e-06
-6.97276e-08
-2.23452e-06
-8.08279e-07
-6.2762e-08
7.91073e-07
-2.25924e-07
2.17257e-06
-4.61149e-07
3.33324e-06
-7.40359e-07
4.26805e-06
-1.03841e-06
4.98448e-06
-1.33457e-06
5.49842e-06
-1.61316e-06
5.83115e-06
-1.86344e-06
6.00662e-06
-2.0791e-06
6.04922e-06
-2.25748e-06
5.9822e-06
-2.39873e-06
5.82671e-06
-2.50504e-06
5.60125e-06
-2.57992e-06
5.32152e-06
-2.6277e-06
5.00054e-06
-2.65304e-06
4.64882e-06
-2.66066e-06
4.27464e-06
-2.65514e-06
3.88442e-06
-2.64071e-06
3.48294e-06
-2.62124e-06
3.07366e-06
-2.60014e-06
2.65897e-06
-2.58036e-06
2.24034e-06
-2.56436e-06
1.8186e-06
-2.55415e-06
1.39399e-06
-2.55124e-06
9.66367e-07
-2.55667e-06
5.35268e-07
-2.57098e-06
1.00052e-07
-2.59423e-06
-3.4002e-07
-2.62591e-06
-7.85672e-07
-2.66497e-06
-1.23751e-06
-2.70973e-06
-1.69587e-06
-2.75789e-06
-2.16072e-06
-2.80641e-06
-2.63142e-06
-2.85152e-06
-3.10652e-06
-2.88871e-06
-3.58351e-06
-2.91273e-06
-4.05851e-06
-2.91765e-06
-4.52585e-06
-2.89705e-06
-4.97773e-06
-2.84431e-06
-5.40371e-06
-2.75298e-06
-5.7903e-06
-2.61743e-06
-6.12059e-06
-2.43364e-06
-6.37399e-06
-2.20018e-06
-6.52626e-06
-1.9194e-06
-6.5499e-06
-1.59854e-06
-6.41517e-06
-1.25079e-06
-6.09172e-06
-8.95931e-07
-5.55102e-06
-5.60229e-07
-4.76941e-06
-2.75468e-07
-3.73148e-06
-7.68896e-08
-2.4331e-06
-8.85169e-07
-7.00383e-08
8.61111e-07
-2.49602e-07
2.35213e-06
-5.04081e-07
3.58772e-06
-7.99686e-07
4.56365e-06
-1.10702e-06
5.29181e-06
-1.40285e-06
5.79425e-06
-1.67059e-06
6.09889e-06
-1.89987e-06
6.2359e-06
-2.08562e-06
6.23497e-06
-2.22693e-06
6.12351e-06
-2.32587e-06
5.92565e-06
-2.3865e-06
5.66188e-06
-2.41408e-06
5.3491e-06
-2.41438e-06
5.00085e-06
-2.39332e-06
4.62775e-06
-2.35659e-06
4.23791e-06
-2.30951e-06
3.83734e-06
-2.25688e-06
3.43032e-06
-2.203e-06
3.01978e-06
-2.15156e-06
2.60753e-06
-2.10573e-06
2.19452e-06
-2.06814e-06
1.78101e-06
-2.04091e-06
1.36676e-06
-2.02567e-06
9.51121e-07
-2.02355e-06
5.33147e-07
-2.03521e-06
1.11711e-07
-2.0608e-06
-3.14423e-07
-2.09997e-06
-7.46505e-07
-2.15177e-06
-1.1857e-06
-2.21466e-06
-1.63299e-06
-2.28639e-06
-2.08899e-06
-2.36397e-06
-2.55384e-06
-2.44357e-06
-3.02692e-06
-2.52046e-06
-3.50662e-06
-2.589e-06
-3.98997e-06
-2.6426e-06
-4.47225e-06
-2.67388e-06
-4.94646e-06
-2.67482e-06
-5.40277e-06
-2.6372e-06
-5.82792e-06
-2.55319e-06
-6.2046e-06
-2.41622e-06
-6.51096e-06
-2.22216e-06
-6.72031e-06
-1.97078e-06
-6.80128e-06
-1.6673e-06
-6.71865e-06
-1.32401e-06
-6.43501e-06
-9.61438e-07
-5.91359e-06
-6.08702e-07
-5.12215e-06
-3.02645e-07
-4.03753e-06
-8.53786e-08
-2.65036e-06
-9.70547e-07
-7.91526e-08
9.40264e-07
-2.78642e-07
2.55162e-06
-5.5542e-07
3.8645e-06
-8.68351e-07
4.87658e-06
-1.18297e-06
5.60644e-06
-1.47347e-06
6.08475e-06
-1.72282e-06
6.34823e-06
-1.92176e-06
6.43484e-06
-2.06727e-06
6.38048e-06
-2.16088e-06
6.21713e-06
-2.20717e-06
5.97194e-06
-2.21251e-06
5.66721e-06
-2.18409e-06
5.32068e-06
-2.12933e-06
4.94609e-06
-2.05536e-06
4.55379e-06
-1.96882e-06
4.15137e-06
-1.87566e-06
3.74419e-06
-1.78117e-06
3.33583e-06
-1.68991e-06
2.92851e-06
-1.60575e-06
2.52337e-06
-1.53196e-06
2.12073e-06
-1.47123e-06
1.72029e-06
-1.42573e-06
1.32126e-06
-1.3971e-06
9.225e-07
-1.38657e-06
5.22609e-07
-1.39485e-06
1.19996e-07
-1.42223e-06
-2.87042e-07
-1.46849e-06
-7.00247e-07
-1.53287e-06
-1.12133e-06
-1.61401e-06
-1.55185e-06
-1.70986e-06
-1.99313e-06
-1.81761e-06
-2.44609e-06
-1.93353e-06
-2.911e-06
-2.05289e-06
-3.38726e-06
-2.16984e-06
-3.87302e-06
-2.27736e-06
-4.36473e-06
-2.36724e-06
-4.85658e-06
-2.43021e-06
-5.33979e-06
-2.45625e-06
-5.80187e-06
-2.43515e-06
-6.2257e-06
-2.35739e-06
-6.58872e-06
-2.21547e-06
-6.86223e-06
-2.00565e-06
-7.01111e-06
-1.73007e-06
-6.99422e-06
-1.39906e-06
-6.76602e-06
-1.03313e-06
-6.27952e-06
-6.64113e-07
-5.49117e-06
-3.34697e-07
-4.36695e-06
-9.56362e-08
-2.88942e-06
-1.06618e-06
-9.0788e-08
1.03105e-06
-3.1477e-07
2.7756e-06
-6.17349e-07
4.16708e-06
-9.47909e-07
5.20714e-06
-1.2661e-06
5.92463e-06
-1.54376e-06
6.36242e-06
-1.76431e-06
6.56878e-06
-1.92074e-06
6.59126e-06
-2.01315e-06
6.4729e-06
-2.04644e-06
6.25042e-06
-2.02832e-06
5.95382e-06
-1.96785e-06
5.60674e-06
-1.8744e-06
5.22723e-06
-1.757e-06
4.82869e-06
-1.62397e-06
4.42075e-06
-1.48271e-06
4.01012e-06
-1.3397e-06
3.60117e-06
-1.20045e-06
3.19658e-06
-1.06964e-06
2.7977e-06
-9.51156e-07
2.40488e-06
-8.48215e-07
2.01779e-06
-7.63433e-07
1.6355e-06
-6.98904e-07
1.25673e-06
-6.56255e-07
8.7985e-07
-6.36684e-07
5.03037e-07
-6.40979e-07
1.24291e-07
-6.6952e-07
-2.585e-07
-7.22256e-07
-6.47511e-07
-7.98656e-07
-1.04493e-06
-8.97638e-07
-1.45287e-06
-1.01748e-06
-1.8733e-06
-1.15567e-06
-2.30789e-06
-1.30881e-06
-2.75786e-06
-1.4724e-06
-3.22367e-06
-1.64067e-06
-3.70475e-06
-1.80645e-06
-4.19896e-06
-1.96101e-06
-4.70202e-06
-2.09407e-06
-5.20673e-06
-2.19396e-06
-5.70198e-06
-2.24803e-06
-6.17163e-06
-2.2435e-06
-6.59326e-06
-2.16882e-06
-6.93691e-06
-2.01572e-06
-7.16421e-06
-1.78186e-06
-7.22808e-06
-1.47405e-06
-7.07383e-06
-1.11146e-06
-6.64211e-06
-7.28081e-07
-5.87455e-06
-3.73146e-07
-4.72188e-06
-1.0831e-07
-3.15426e-06
-1.17449e-06
-1.05957e-07
1.13701e-06
-3.60356e-07
3.03e-06
-6.92524e-07
4.49925e-06
-1.03965e-06
5.55427e-06
-1.35487e-06
6.23984e-06
-1.6085e-06
6.61605e-06
-1.78596e-06
6.74624e-06
-1.88413e-06
6.68943e-06
-1.9077e-06
6.49647e-06
-1.86597e-06
6.20869e-06
-1.77043e-06
5.85828e-06
-1.63314e-06
5.46946e-06
-1.4657e-06
5.05979e-06
-1.27866e-06
4.64165e-06
-1.08129e-06
4.22339e-06
-8.81534e-07
3.81036e-06
-6.8605e-07
3.40569e-06
-5.00369e-07
3.0109e-06
-3.29024e-07
2.62635e-06
-1.75706e-07
2.25157e-06
-4.33954e-08
1.88548e-06
6.55101e-08
1.5266e-06
1.49105e-07
1.17313e-06
2.05898e-07
8.23057e-07
2.3476e-07
4.74175e-07
2.34895e-07
1.24156e-07
2.05833e-07
-2.29438e-07
1.47448e-07
-5.89126e-07
6.00024e-08
-9.57481e-07
-5.57774e-08
-1.33709e-06
-1.98599e-07
-1.73047e-06
-3.66463e-07
-2.14003e-06
-5.56484e-07
-2.56784e-06
-7.64678e-07
-3.01548e-06
-9.85718e-07
-3.48371e-06
-1.21266e-06
-3.97201e-06
-1.43671e-06
-4.47797e-06
-1.64699e-06
-4.99645e-06
-1.83051e-06
-5.51846e-06
-1.97239e-06
-6.02975e-06
-2.05647e-06
-6.50918e-06
-2.0666e-06
-6.92677e-06
-1.98885e-06
-7.24196e-06
-1.81469e-06
-7.40224e-06
-1.54528e-06
-7.34325e-06
-1.19631e-06
-6.99108e-06
-8.02538e-07
-6.26832e-06
-4.20111e-07
-5.10431e-06
-1.24374e-07
-3.45e-06
-1.29887e-06
-1.26208e-07
1.26322e-06
-4.18682e-07
3.32248e-06
-7.84006e-07
4.86457e-06
-1.14394e-06
5.91421e-06
-1.44507e-06
6.54097e-06
-1.65813e-06
6.82911e-06
-1.77303e-06
6.86114e-06
-1.79292e-06
6.70932e-06
-1.7288e-06
6.43235e-06
-1.59549e-06
6.07537e-06
-1.4088e-06
5.67159e-06
-1.18389e-06
5.24455e-06
-9.34394e-07
4.81029e-06
-6.72056e-07
4.37931e-06
-4.06704e-07
3.95803e-06
-1.46388e-07
3.55004e-06
1.02399e-07
3.1569e-06
3.34475e-07
2.77883e-06
5.4574e-07
2.41509e-06
7.32956e-07
2.06435e-06
8.93577e-07
1.72486e-06
1.02559e-06
1.39458e-06
1.12742e-06
1.07131e-06
1.19779e-06
7.52682e-07
1.23573e-06
4.36233e-07
1.24049e-06
1.19402e-07
1.21152e-06
-2.0047e-07
1.14853e-06
-5.26132e-07
1.05147e-06
-8.60427e-07
9.20661e-07
-1.20628e-06
7.56844e-07
-1.56666e-06
5.61363e-07
-1.94455e-06
3.36345e-07
-2.34282e-06
8.49546e-08
-2.76409e-06
-1.88302e-07
-3.21045e-06
-4.77214e-07
-3.6831e-06
-7.73466e-07
-4.18172e-06
-1.06623e-06
-4.70368e-06
-1.34185e-06
-5.24284e-06
-1.5837e-06
-5.78791e-06
-1.77247e-06
-6.32041e-06
-1.88717e-06
-6.81208e-06
-1.90718e-06
-7.22194e-06
-1.81587e-06
-7.49356e-06
-1.60588e-06
-7.55323e-06
-1.28619e-06
-7.31077e-06
-8.8958e-07
-6.66492e-06
-4.7855e-07
-5.51534e-06
-1.45344e-07
-3.7832e-06
-1.44421e-06
-1.53994e-07
1.41721e-06
-4.9427e-07
3.66275e-06
-8.9489e-07
5.26519e-06
-1.25879e-06
6.2781e-06
-1.52751e-06
6.80969e-06
-1.67587e-06
6.97747e-06
-1.70219e-06
6.88747e-06
-1.61895e-06
6.62608e-06
-1.44544e-06
6.25884e-06
-1.20289e-06
5.83283e-06
-9.11636e-07
5.38034e-06
-5.89652e-07
4.92256e-06
-2.52074e-07
4.47271e-06
8.87926e-08
4.03844e-06
4.23192e-07
3.62363e-06
7.43534e-07
3.2297e-06
1.04399e-06
2.85644e-06
1.32015e-06
2.50267e-06
1.56867e-06
2.16657e-06
1.78704e-06
1.84598e-06
1.97336e-06
1.53854e-06
2.12617e-06
1.24177e-06
2.24433e-06
9.53153e-07
2.32691e-06
6.70098e-07
2.37316e-06
3.89991e-07
2.3824e-06
1.10159e-07
2.35407e-06
-1.72145e-07
2.28771e-06
-4.59768e-07
2.18296e-06
-7.55678e-07
2.03967e-06
-1.06298e-06
1.85796e-06
-1.38495e-06
1.63837e-06
-1.72496e-06
1.38208e-06
-2.08653e-06
1.09113e-06
-2.47313e-06
7.68786e-07
-2.88811e-06
4.19988e-07
-3.3343e-06
5.18672e-08
-3.8136e-06
-3.25639e-07
-4.32618e-06
-6.9914e-07
-4.86934e-06
-1.05123e-06
-5.43581e-06
-1.36025e-06
-6.0114e-06
-1.60061e-06
-6.57171e-06
-1.74447e-06
-7.07808e-06
-1.76516e-06
-7.47287e-06
-1.64342e-06
-7.67497e-06
-1.37669e-06
-7.5775e-06
-9.9096e-07
-7.05065e-06
-5.52545e-07
-5.95375e-06
-1.73641e-07
-4.16211e-06
-1.61785e-06
-1.93295e-07
1.61051e-06
-5.93188e-07
4.06265e-06
-1.02713e-06
5.69913e-06
-1.37695e-06
6.62792e-06
-1.58378e-06
7.01652e-06
-1.63304e-06
7.02673e-06
-1.53704e-06
6.79146e-06
-1.32117e-06
6.41021e-06
-1.01475e-06
5.95242e-06
-6.45828e-07
5.46391e-06
-2.38743e-07
4.97325e-06
1.86604e-07
4.49721e-06
6.14606e-07
4.04471e-06
1.03339e-06
3.61966e-06
1.43414e-06
3.22289e-06
1.81044e-06
2.85339e-06
2.15774e-06
2.50915e-06
2.47281e-06
2.1876e-06
2.75343e-06
1.88595e-06
2.99807e-06
1.60134e-06
3.20567e-06
1.33094e-06
3.37546e-06
1.07198e-06
3.50687e-06
8.21748e-07
3.59938e-06
5.77589e-07
3.6525e-06
3.36867e-07
3.66572e-06
9.69361e-08
3.63848e-06
-1.44904e-07
3.57016e-06
-3.91448e-07
3.46012e-06
-6.45632e-07
3.30771e-06
-9.10578e-07
3.1124e-06
-1.18963e-06
2.87384e-06
-1.4864e-06
2.59208e-06
-1.80477e-06
2.2678e-06
-2.14885e-06
1.90266e-06
-2.52296e-06
1.49975e-06
-2.9314e-06
1.06427e-06
-3.37812e-06
6.04243e-07
-3.86615e-06
1.31523e-07
-4.39662e-06
-3.37183e-07
-4.96711e-06
-7.79327e-07
-5.56926e-06
-1.16598e-06
-6.18506e-06
-1.46237e-06
-6.78169e-06
-1.63055e-06
-7.30468e-06
-1.63568e-06
-7.66985e-06
-1.45733e-06
-7.75585e-06
-1.10668e-06
-7.4013e-06
-6.47488e-07
-6.41295e-06
-2.13228e-07
-4.59637e-06
-1.83108e-06
-2.50671e-07
1.86118e-06
-7.22888e-07
4.53486e-06
-1.17842e-06
6.15467e-06
-1.48004e-06
6.92954e-06
-1.57902e-06
7.1155e-06
-1.48182e-06
6.92952e-06
-1.22181e-06
6.53145e-06
-8.40779e-07
6.02918e-06
-3.78805e-07
5.49045e-06
1.3014e-07
4.95496e-06
6.59283e-07
4.44411e-06
1.18856e-06
3.96794e-06
1.70349e-06
3.52978e-06
2.19401e-06
3.12914e-06
2.65331e-06
2.76359e-06
3.07699e-06
2.42971e-06
3.46232e-06
2.12381e-06
3.80774e-06
1.84218e-06
4.11244e-06
1.58125e-06
4.37607e-06
1.33771e-06
4.59856e-06
1.10845e-06
4.77993e-06
8.90603e-07
4.92023e-06
6.81446e-07
5.01942e-06
4.784e-07
5.07733e-06
2.78959e-07
5.09362e-06
8.06423e-08
5.06778e-06
-1.1906e-07
4.99908e-06
-3.22744e-07
4.8866e-06
-5.33152e-07
4.72925e-06
-7.53238e-07
4.52585e-06
-9.86228e-07
4.27513e-06
-1.23569e-06
3.97596e-06
-1.5056e-06
3.62749e-06
-1.80038e-06
3.22948e-06
-2.12495e-06
2.78272e-06
-2.48464e-06
2.28972e-06
-2.88511e-06
1.75552e-06
-3.33195e-06
1.18892e-06
-3.83002e-06
6.03965e-07
-4.38215e-06
2.17042e-08
-4.987e-06
-5.28039e-07
-5.63532e-06
-1.00553e-06
-6.3042e-06
-1.36187e-06
-6.94834e-06
-1.54378e-06
-7.48794e-06
-1.50556e-06
-7.79407e-06
-1.23148e-06
-7.67538e-06
-7.69682e-07
-6.87475e-06
-2.70627e-07
-5.09542e-06
-2.10171e-06
-3.36761e-07
2.19794e-06
-8.90208e-07
5.08831e-06
-1.33446e-06
6.59892e-06
-1.52694e-06
7.12201e-06
-1.4494e-06
7.03797e-06
-1.1442e-06
6.62432e-06
-6.73099e-07
6.06035e-06
-9.58424e-08
5.45192e-06
5.38391e-07
4.85622e-06
1.19266e-06
4.3007e-06
1.84087e-06
3.7959e-06
2.46553e-06
3.34328e-06
3.0555e-06
2.93981e-06
3.6041e-06
2.58054e-06
4.10771e-06
2.25998e-06
4.5647e-06
1.97272e-06
4.97472e-06
1.71379e-06
5.33816e-06
1.47873e-06
5.65582e-06
1.26359e-06
5.92866e-06
1.06487e-06
6.15763e-06
8.79483e-07
6.34359e-06
7.04647e-07
6.4872e-06
5.37835e-07
6.5889e-06
3.76699e-07
6.64885e-06
2.19005e-07
6.66693e-06
6.25692e-08
6.64267e-06
-9.47996e-08
6.57529e-06
-2.55366e-07
6.46367e-06
-4.21532e-07
6.30634e-06
-5.95911e-07
6.10152e-06
-7.81406e-07
5.84713e-06
-9.81297e-07
5.54087e-06
-1.19934e-06
5.18037e-06
-1.43988e-06
4.76337e-06
-1.70795e-06
4.28811e-06
-2.00938e-06
3.75382e-06
-2.35082e-06
3.16161e-06
-2.73975e-06
2.51569e-06
-3.18409e-06
1.82513e-06
-3.69159e-06
1.10631e-06
-4.26818e-06
3.85964e-07
-4.91497e-06
-2.95522e-07
-5.62272e-06
-8.81633e-07
-6.36223e-06
-1.30071e-06
-7.06886e-06
-1.4752e-06
-7.61957e-06
-1.34662e-06
-7.80397e-06
-9.23801e-07
-7.29756e-06
-3.56291e-07
-5.66293e-06
-2.458e-06
-4.67162e-07
2.6651e-06
-1.09305e-06
5.7142e-06
-1.45063e-06
6.9565e-06
-1.4314e-06
7.10278e-06
-1.08172e-06
6.68829e-06
-4.96671e-07
6.03928e-06
2.29908e-07
5.33377e-06
1.02369e-06
4.65814e-06
1.8323e-06
4.04761e-06
2.62169e-06
3.51131e-06
3.3713e-06
3.04629e-06
4.06977e-06
2.6448e-06
4.71174e-06
2.29784e-06
5.29553e-06
1.99676e-06
5.82165e-06
1.73386e-06
6.29181e-06
1.50256e-06
6.70829e-06
1.29731e-06
7.07356e-06
1.11346e-06
7.39002e-06
9.47127e-07
7.65989e-06
7.95008e-07
7.88508e-06
6.54294e-07
8.06718e-06
5.2254e-07
8.20744e-06
3.97578e-07
8.3067e-06
2.77437e-07
8.36543e-06
1.60273e-07
8.38369e-06
4.43093e-08
8.36112e-06
-7.22281e-08
8.29692e-06
-1.91168e-07
8.18985e-06
-3.14456e-07
8.03817e-06
-4.4423e-07
7.83965e-06
-5.82894e-07
7.59157e-06
-7.33217e-07
7.29068e-06
-8.98446e-07
6.93324e-06
-1.08244e-06
6.51514e-06
-1.28985e-06
6.03206e-06
-1.52629e-06
5.47982e-06
-1.79858e-06
4.85501e-06
-2.11493e-06
4.15603e-06
-2.48512e-06
3.38482e-06
-2.92038e-06
2.54951e-06
-3.43287e-06
1.66842e-06
-4.03387e-06
7.75487e-07
-4.72979e-06
-7.31376e-08
-5.51361e-06
-7.93575e-07
-6.34843e-06
-1.27536e-06
-7.13779e-06
-1.40111e-06
-7.67821e-06
-1.10348e-06
-7.5952e-06
-4.84964e-07
-6.28145e-06
-2.94296e-06
-6.56502e-07
3.3216e-06
-1.29241e-06
6.35011e-06
-1.4101e-06
7.07418e-06
-1.02135e-06
6.71404e-06
-2.82663e-07
5.9496e-06
6.48513e-07
5.1081e-06
1.65396e-06
4.32832e-06
2.65746e-06
3.65464e-06
3.61517e-06
3.08989e-06
4.50483e-06
2.62165e-06
5.31735e-06
2.23378e-06
6.05116e-06
1.91099e-06
6.70872e-06
1.64028e-06
7.29438e-06
1.41109e-06
7.8132e-06
1.21504e-06
8.27026e-06
1.0455e-06
8.67034e-06
8.97231e-07
9.01774e-06
7.6607e-07
9.3162e-06
6.4866e-07
9.56895e-06
5.42264e-07
9.77863e-06
4.44611e-07
9.94739e-06
3.53777e-07
1.00769e-05
2.68095e-07
1.01682e-05
1.86074e-07
1.02222e-05
1.06345e-07
1.02389e-05
2.75987e-08
1.02181e-05
-5.14624e-08
1.01591e-05
-1.32173e-07
1.00606e-05
-2.15957e-07
9.92078e-06
-3.0439e-07
9.73715e-06
-3.99264e-07
9.50661e-06
-5.02676e-07
9.2253e-06
-6.17133e-07
8.88854e-06
-7.45689e-07
8.49081e-06
-8.92125e-07
8.0257e-06
-1.06118e-06
7.48599e-06
-1.25887e-06
6.8639e-06
-1.49285e-06
6.1517e-06
-1.77291e-06
5.34285e-06
-2.11153e-06
4.43425e-06
-2.52427e-06
3.43018e-06
-3.0298e-06
2.34886e-06
-3.64847e-06
1.23259e-06
-4.39735e-06
1.61454e-07
-5.27729e-06
-7.33549e-07
-6.24279e-06
-1.27084e-06
-7.14092e-06
-1.26168e-06
-7.60436e-06
-6.68232e-07
-6.87489e-06
-3.6112e-06
-8.88026e-07
4.20963e-06
-1.33348e-06
6.79556e-06
-9.35249e-07
6.67595e-06
2.92073e-08
5.74958e-06
1.26084e-06
4.71797e-06
2.55945e-06
3.80949e-06
3.81265e-06
3.07513e-06
4.96751e-06
2.49978e-06
6.00566e-06
2.05174e-06
6.92645e-06
1.70085e-06
7.73733e-06
1.4229e-06
8.44868e-06
1.19964e-06
9.07133e-06
1.01763e-06
9.61539e-06
8.67039e-07
1.00898e-05
7.4062e-07
1.05023e-05
6.3299e-07
1.08594e-05
5.40092e-07
1.11667e-05
4.58819e-07
1.14286e-05
3.86753e-07
1.16489e-05
3.21973e-07
1.18306e-05
2.62925e-07
1.1976e-05
2.08319e-07
1.20871e-05
1.57057e-07
1.2165e-05
1.08172e-07
1.22105e-05
6.07878e-08
1.22241e-05
1.40729e-08
1.22054e-05
-3.27905e-08
1.21539e-05
-8.06431e-08
1.20683e-05
-1.30384e-07
1.19469e-05
-1.83013e-07
1.17873e-05
-2.39678e-07
1.15864e-05
-3.0174e-07
1.13401e-05
-3.70851e-07
1.10435e-05
-4.49063e-07
1.06903e-05
-5.38977e-07
1.02731e-05
-6.43949e-07
9.78262e-06
-7.68384e-07
9.20791e-06
-9.18145e-07
8.53616e-06
-1.10116e-06
7.75289e-06
-1.32826e-06
6.84295e-06
-1.61434e-06
5.79299e-06
-1.97984e-06
4.59677e-06
-2.45225e-06
3.26593e-06
-3.0665e-06
1.84924e-06
-3.8606e-06
4.62574e-07
-4.85612e-06
-6.76156e-07
-6.00219e-06
-1.23215e-06
-7.04836e-06
-8.81365e-07
-7.22568e-06
-4.49256e-06
-1.01533e-06
5.22495e-06
-7.4786e-07
6.5281e-06
5.83991e-07
5.3441e-06
2.29991e-06
4.03366e-06
4.0195e-06
2.99838e-06
5.58461e-06
2.24437e-06
6.94869e-06
1.71105e-06
8.11534e-06
1.33313e-06
9.10674e-06
1.06035e-06
9.94896e-06
8.58629e-07
1.06662e-05
7.05656e-07
1.1279e-05
5.86813e-07
1.18043e-05
4.924e-07
1.22555e-05
4.15855e-07
1.26434e-05
3.52638e-07
1.29769e-05
2.99531e-07
1.32628e-05
2.54199e-07
1.35067e-05
2.14909e-07
1.37131e-05
1.80345e-07
1.38856e-05
1.49486e-07
1.4027e-05
1.21519e-07
1.41395e-05
9.57814e-08
1.42249e-05
7.17161e-08
1.42842e-05
4.88395e-08
1.43183e-05
2.6716e-08
1.43274e-05
4.93684e-09
1.43115e-05
-1.6899e-08
1.42701e-05
-3.92029e-08
1.42021e-05
-6.24157e-08
1.41061e-05
-8.70295e-08
1.39801e-05
-1.13614e-07
1.38212e-05
-1.42851e-07
1.36259e-05
-1.75577e-07
1.33897e-05
-2.12851e-07
1.31067e-05
-2.56034e-07
1.27697e-05
-3.06925e-07
1.23693e-05
-3.67949e-07
1.18936e-05
-4.42447e-07
1.13276e-05
-5.35134e-07
1.06521e-05
-6.52829e-07
9.84344e-06
-8.0564e-07
8.8725e-06
-1.0089e-06
7.70648e-06
-1.28623e-06
6.31423e-06
-1.67425e-06
4.68171e-06
-2.22808e-06
2.84717e-06
-3.02159e-06
9.70967e-07
-4.12598e-06
-5.42756e-07
-5.53464e-06
-9.63007e-07
-6.80543e-06
-5.45557e-06
-2.34971e-07
5.45992e-06
1.80399e-06
4.48913e-06
4.40148e-06
2.74662e-06
6.72178e-06
1.71336e-06
8.60684e-06
1.11332e-06
1.00972e-05
7.53976e-07
1.12737e-05
5.34615e-07
1.22107e-05
3.96102e-07
1.29666e-05
3.04418e-07
1.35845e-05
2.40722e-07
1.40957e-05
1.94512e-07
1.45228e-05
1.59728e-07
1.48824e-05
1.32723e-07
1.51871e-05
1.11203e-07
1.54461e-05
9.36679e-08
1.56665e-05
7.90953e-08
1.58539e-05
6.67669e-08
1.60127e-05
5.61619e-08
1.61461e-05
4.68924e-08
1.6257e-05
3.86619e-08
1.63472e-05
3.12378e-08
1.64186e-05
2.44322e-08
1.64722e-05
1.80892e-08
1.6509e-05
1.20743e-08
1.65294e-05
6.26751e-09
1.65338e-05
5.56706e-10
1.65221e-05
-5.16805e-09
1.64939e-05
-1.10188e-08
1.64486e-05
-1.71165e-08
1.63852e-05
-2.35962e-08
1.63022e-05
-3.06154e-08
1.61977e-05
-3.83638e-08
1.60692e-05
-4.70769e-08
1.59134e-05
-5.7055e-08
1.5726e-05
-6.86908e-08
1.55016e-05
-8.25105e-08
1.52329e-05
-9.92382e-08
1.49104e-05
-1.19898e-07
1.45212e-05
-1.45988e-07
1.40482e-05
-1.7978e-07
1.34674e-05
-2.24871e-07
1.27457e-05
-2.87234e-07
1.18368e-05
-3.77279e-07
1.06765e-05
-5.13934e-07
9.1806e-06
-7.32216e-07
7.25442e-06
-1.09541e-06
4.84334e-06
-1.71489e-06
2.10375e-06
-2.79506e-06
-1.05739e-07
-4.59594e-06
-5.56131e-06
5.45992e-06
9.94905e-06
1.26957e-05
1.4409e-05
1.55224e-05
1.62763e-05
1.68109e-05
1.7207e-05
1.75115e-05
1.77522e-05
1.79467e-05
1.81064e-05
1.82391e-05
1.83504e-05
1.8444e-05
1.85231e-05
1.85899e-05
1.8646e-05
1.86929e-05
1.87316e-05
1.87628e-05
1.87873e-05
1.88054e-05
1.88174e-05
1.88237e-05
1.88243e-05
1.88191e-05
1.88081e-05
1.8791e-05
1.87674e-05
1.87367e-05
1.86984e-05
1.86513e-05
1.85942e-05
1.85256e-05
1.8443e-05
1.83438e-05
1.82239e-05
1.80779e-05
1.78981e-05
1.76733e-05
1.7386e-05
1.70088e-05
1.64948e-05
1.57626e-05
1.46672e-05
1.29523e-05
1.01572e-05
5.56131e-06
)
;

boundaryField
{
    movingWall
    {
        type            calculated;
        value           uniform 0;
    }
    fixedWalls
    {
        type            calculated;
        value           uniform 0;
    }
    frontAndBack
    {
        type            empty;
        value           nonuniform List<scalar> 0();
    }
}


// ************************************************************************* //
