/*--------------------------------*- C++ -*----------------------------------*\
| =========                 |                                                 |
| \\      /  F ield         | OpenFOAM: The Open Source CFD Toolbox           |
|  \\    /   O peration     | Version:  v2012                                 |
|   \\  /    A nd           | Website:  www.openfoam.com                      |
|    \\/     M anipulation  |                                                 |
\*---------------------------------------------------------------------------*/
FoamFile
{
    version     2.0;
    format      ascii;
    class       volVectorField;
    location    "0.15";
    object      U;
}
// * * * * * * * * * * * * * * * * * * * * * * * * * * * * * * * * * * * * * //

dimensions      [0 1 -1 0 0 0 0];


internalField   nonuniform List<vector> 
2500
(
(3.25432e-05 -3.27746e-05 0)
(9.84323e-05 -4.06298e-05 0)
(0.000136862 -2.09148e-05 0)
(0.000105808 7.86002e-06 0)
(-8.95497e-06 3.76703e-05 0)
(-0.000205865 6.52225e-05 0)
(-0.000477596 8.92094e-05 0)
(-0.000814348 0.000109219 0)
(-0.00120521 0.000125229 0)
(-0.00163893 0.000137376 0)
(-0.00210439 0.000145866 0)
(-0.0025908 0.000150929 0)
(-0.00308791 0.000152805 0)
(-0.00358603 0.000151736 0)
(-0.00407612 0.000147959 0)
(-0.0045498 0.000141707 0)
(-0.00499938 0.000133209 0)
(-0.00541787 0.000122689 0)
(-0.00579898 0.000110365 0)
(-0.00613711 9.64553e-05 0)
(-0.00642739 8.11754e-05 0)
(-0.00666566 6.47421e-05 0)
(-0.00684849 4.73749e-05 0)
(-0.00697318 2.92973e-05 0)
(-0.00703782 1.07388e-05 0)
(-0.00704126 -8.0639e-06 0)
(-0.00698315 -2.68657e-05 0)
(-0.006864 -4.54126e-05 0)
(-0.00668513 -6.3442e-05 0)
(-0.00644876 -8.06825e-05 0)
(-0.00615802 -9.68556e-05 0)
(-0.00581693 -0.000111677 0)
(-0.00543042 -0.000124859 0)
(-0.00500433 -0.000136114 0)
(-0.00454543 -0.000145157 0)
(-0.00406131 -0.000151708 0)
(-0.00356043 -0.0001555 0)
(-0.00305198 -0.000156279 0)
(-0.00254586 -0.000153809 0)
(-0.00205256 -0.000147878 0)
(-0.00158302 -0.000138302 0)
(-0.00114849 -0.000124933 0)
(-0.000760291 -0.000107679 0)
(-0.000429542 -8.65367e-05 0)
(-0.000166621 -6.16868e-05 0)
(1.96251e-05 -3.37163e-05 0)
(0.000123268 -4.10248e-06 0)
(0.000144483 2.371e-05 0)
(9.95695e-05 4.16683e-05 0)
(3.20527e-05 3.19884e-05 0)
(4.09338e-05 -9.90242e-05 0)
(9.35447e-05 -9.27561e-05 0)
(4.51162e-05 1.45395e-05 0)
(-0.000168741 0.000161575 0)
(-0.000574912 0.00031771 0)
(-0.00117473 0.000466984 0)
(-0.00195585 0.000601094 0)
(-0.00289808 0.000715991 0)
(-0.0039768 0.000809938 0)
(-0.00516517 0.000882475 0)
(-0.00643558 0.000933877 0)
(-0.00776056 0.000964852 0)
(-0.00911338 0.000976375 0)
(-0.0104684 0.000969584 0)
(-0.0118016 0.000945719 0)
(-0.0130902 0.00090608 0)
(-0.0143134 0.000852006 0)
(-0.015452 0.000784856 0)
(-0.016489 0.000706008 0)
(-0.0174089 0.000616853 0)
(-0.0181983 0.000518799 0)
(-0.0188459 0.000413274 0)
(-0.0193423 0.000301733 0)
(-0.01968 0.00018566 0)
(-0.0198541 6.65796e-05 0)
(-0.0198614 -5.39413e-05 0)
(-0.0197011 -0.000174291 0)
(-0.0193748 -0.000292811 0)
(-0.0188862 -0.000407798 0)
(-0.0182417 -0.000517513 0)
(-0.0174499 -0.000620184 0)
(-0.016522 -0.000714026 0)
(-0.0154714 -0.000797253 0)
(-0.0143141 -0.0008681 0)
(-0.0130685 -0.00092485 0)
(-0.0117551 -0.000965859 0)
(-0.0103965 -0.00098959 0)
(-0.00901729 -0.000994651 0)
(-0.00764361 -0.000979835 0)
(-0.00630286 -0.000944173 0)
(-0.0050233 -0.000887004 0)
(-0.00383342 -0.00080807 0)
(-0.00276124 -0.000707681 0)
(-0.00183322 -0.000586985 0)
(-0.00107272 -0.000448479 0)
(-0.000497783 -0.000296991 0)
(-0.000117792 -0.000141515 0)
(7.20585e-05 1.49451e-06 0)
(0.00010262 0.000101537 0)
(4.20438e-05 9.9585e-05 0)
(2.24008e-05 -0.00013892 0)
(-1.01645e-05 -4.55144e-05 0)
(-0.000233832 0.000239266 0)
(-0.000704764 0.0006081 0)
(-0.00144871 0.00100072 0)
(-0.00246718 0.00138088 0)
(-0.00374443 0.0017271 0)
(-0.00525343 0.00202731 0)
(-0.00696016 0.00227517 0)
(-0.00882662 0.00246795 0)
(-0.0108128 0.00260518 0)
(-0.0128784 0.00268784 0)
(-0.0149836 0.00271792 0)
(-0.0170897 0.00269801 0)
(-0.0191601 0.00263117 0)
(-0.0211604 0.00252071 0)
(-0.0230584 0.00237019 0)
(-0.0248248 0.00218325 0)
(-0.0264329 0.00196368 0)
(-0.027859 0.00171533 0)
(-0.0290824 0.00144212 0)
(-0.0300855 0.00114808 0)
(-0.0308537 0.00083729 0)
(-0.0313758 0.000513953 0)
(-0.0316438 0.000182365 0)
(-0.0316532 -0.000153062 0)
(-0.0314028 -0.0004878 0)
(-0.0308952 -0.000817204 0)
(-0.0301364 -0.00113653 0)
(-0.0291362 -0.00144093 0)
(-0.0279082 -0.00172553 0)
(-0.0264697 -0.00198542 0)
(-0.0248415 -0.00221572 0)
(-0.0230484 -0.00241164 0)
(-0.0211185 -0.00256857 0)
(-0.0190831 -0.00268215 0)
(-0.0169768 -0.00274836 0)
(-0.0148369 -0.00276367 0)
(-0.0127026 -0.00272512 0)
(-0.0106151 -0.00263057 0)
(-0.00861619 -0.00247884 0)
(-0.0067478 -0.00227007 0)
(-0.00505038 -0.00200617 0)
(-0.00356145 -0.00169157 0)
(-0.00231334 -0.00133438 0)
(-0.00133023 -0.00094846 0)
(-0.000624025 -0.000556794 0)
(-0.000188696 -0.000196543 0)
(6.93991e-06 7.24014e-05 0)
(2.52752e-05 0.000146087 0)
(-4.92376e-06 -0.000111907 0)
(-0.00015364 0.000164421 0)
(-0.000598976 0.000709033 0)
(-0.0013706 0.00137723 0)
(-0.00248314 0.00208114 0)
(-0.003934 0.00276352 0)
(-0.00570256 0.00338786 0)
(-0.00775556 0.00393195 0)
(-0.0100515 0.00438307 0)
(-0.0125435 0.00473483 0)
(-0.0151822 0.00498515 0)
(-0.0179168 0.00513484 0)
(-0.020697 0.00518679 0)
(-0.0234738 0.00514524 0)
(-0.0262002 0.00501545 0)
(-0.0288318 0.00480338 0)
(-0.0313271 0.00451544 0)
(-0.033648 0.00415844 0)
(-0.03576 0.00373943 0)
(-0.0376321 0.0032657 0)
(-0.0392375 0.0027447 0)
(-0.0405532 0.0021841 0)
(-0.0415602 0.00159172 0)
(-0.0422439 0.000975582 0)
(-0.042594 0.000343921 0)
(-0.0426048 -0.00029483 0)
(-0.0422748 -0.000932024 0)
(-0.0416074 -0.00155882 0)
(-0.0406108 -0.00216618 0)
(-0.0392977 -0.00274496 0)
(-0.0376859 -0.00328593 0)
(-0.035798 -0.00377984 0)
(-0.0336611 -0.00421757 0)
(-0.0313072 -0.00459019 0)
(-0.0287728 -0.00488917 0)
(-0.0260984 -0.00510649 0)
(-0.0233282 -0.00523488 0)
(-0.0205101 -0.00526804 0)
(-0.0176942 -0.00520091 0)
(-0.0149326 -0.00503003 0)
(-0.0122782 -0.00475393 0)
(-0.00978338 -0.00437379 0)
(-0.00749844 -0.00389422 0)
(-0.0054696 -0.00332449 0)
(-0.00373654 -0.0026804 0)
(-0.00232929 -0.00198717 0)
(-0.001264 -0.00128385 0)
(-0.000537953 -0.000629217 0)
(-0.000129652 -0.000110958 0)
(-6.2187e-07 0.000129816 0)
(-3.36337e-05 -3.14351e-06 0)
(-0.000309419 0.00056692 0)
(-0.000998193 0.00145545 0)
(-0.00209353 0.00249242 0)
(-0.00359241 0.00356782 0)
(-0.00548419 0.0046059 0)
(-0.00774127 0.00555571 0)
(-0.0103234 0.00638452 0)
(-0.0131821 0.00707246 0)
(-0.016263 0.00760874 0)
(-0.0195084 0.007989 0)
(-0.0228594 0.00821351 0)
(-0.0262569 0.00828584 0)
(-0.0296433 0.00821196 0)
(-0.0329631 0.00799955 0)
(-0.0361635 0.00765754 0)
(-0.0391954 0.00719577 0)
(-0.0420133 0.00662477 0)
(-0.044576 0.00595558 0)
(-0.0468465 0.00519967 0)
(-0.0487927 0.00436885 0)
(-0.0503869 0.00347525 0)
(-0.0516066 0.00253135 0)
(-0.0524343 0.00154991 0)
(-0.0528578 0.000544034 0)
(-0.0528701 -0.000472843 0)
(-0.0524698 -0.00148698 0)
(-0.0516608 -0.00248434 0)
(-0.0504531 -0.00345064 0)
(-0.048862 -0.00437139 0)
(-0.0469088 -0.00523204 0)
(-0.0446204 -0.00601807 0)
(-0.0420295 -0.00671518 0)
(-0.039174 -0.00730946 0)
(-0.0360974 -0.00778765 0)
(-0.0328477 -0.00813741 0)
(-0.0294775 -0.00834763 0)
(-0.0260431 -0.00840884 0)
(-0.0226038 -0.00831364 0)
(-0.0192208 -0.00805725 0)
(-0.0159559 -0.00763818 0)
(-0.0128704 -0.00705912 0)
(-0.0100229 -0.00632813 0)
(-0.00746718 -0.00546027 0)
(-0.00525008 -0.00447997 0)
(-0.00340831 -0.00342437 0)
(-0.00196457 -0.00234823 0)
(-0.00092341 -0.00132984 0)
(-0.000279553 -0.000479729 0)
(-2.8149e-05 3.51462e-05 0)
(-6.10272e-05 0.000188237 0)
(-0.000464754 0.00117062 0)
(-0.00140349 0.00249223 0)
(-0.0028314 0.0039681 0)
(-0.00472417 0.00547196 0)
(-0.00706017 0.00691304 0)
(-0.00980269 0.00822774 0)
(-0.0129035 0.00937348 0)
(-0.0163064 0.0103233 0)
(-0.01995 0.0110619 0)
(-0.0237695 0.0115823 0)
(-0.0276985 0.0118841 0)
(-0.0316706 0.0119714 0)
(-0.0356209 0.011852 0)
(-0.0394866 0.0115362 0)
(-0.0432082 0.0110362 0)
(-0.04673 0.0103657 0)
(-0.0500004 0.00953946 0)
(-0.0529724 0.00857302 0)
(-0.0556041 0.00748269 0)
(-0.0578589 0.00628532 0)
(-0.0597053 0.00499827 0)
(-0.0611177 0.00363938 0)
(-0.0620762 0.00222696 0)
(-0.0625669 0.000779808 0)
(-0.0625818 -0.000682852 0)
(-0.0621193 -0.00214134 0)
(-0.0611841 -0.00357558 0)
(-0.0597873 -0.00496517 0)
(-0.0579465 -0.00628947 0)
(-0.0556859 -0.00752779 0)
(-0.0530361 -0.00865952 0)
(-0.0500341 -0.00966439 0)
(-0.046723 -0.0105228 0)
(-0.0431519 -0.0112161 0)
(-0.0393754 -0.011727 0)
(-0.0354529 -0.0120401 0)
(-0.031448 -0.0121424 0)
(-0.0274274 -0.012024 0)
(-0.0234602 -0.0116787 0)
(-0.0196161 -0.0111051 0)
(-0.0159641 -0.0103076 0)
(-0.0125704 -0.00929813 0)
(-0.00949629 -0.00809783 0)
(-0.00679614 -0.00673983 0)
(-0.00451463 -0.00527277 0)
(-0.00268322 -0.00376564 0)
(-0.00131672 -0.00231318 0)
(-0.000429735 -0.00104337 0)
(-5.45041e-05 -0.000139233 0)
(-8.63232e-05 0.000458972 0)
(-0.000614261 0.00197439 0)
(-0.00180093 0.0038215 0)
(-0.00356138 0.00580787 0)
(-0.00584855 0.00779631 0)
(-0.00862786 0.00968463 0)
(-0.0118518 0.0113989 0)
(-0.0154628 0.0128881 0)
(-0.0193967 0.014119 0)
(-0.0235846 0.0150717 0)
(-0.0279548 0.0157373 0)
(-0.032434 0.0161144 0)
(-0.0369495 0.016208 0)
(-0.0414298 0.0160277 0)
(-0.0458062 0.0155866 0)
(-0.0500131 0.0149007 0)
(-0.0539893 0.0139876 0)
(-0.0576781 0.0128669 0)
(-0.0610279 0.0115591 0)
(-0.0639924 0.0100859 0)
(-0.0665313 0.00846983 0)
(-0.06861 0.00673397 0)
(-0.0702001 0.00490221 0)
(-0.0712799 0.00299904 0)
(-0.0718337 0.00104961 0)
(-0.071853 -0.000920354 0)
(-0.0713359 -0.00288455 0)
(-0.0702875 -0.00481617 0)
(-0.0687199 -0.00668798 0)
(-0.0666525 -0.00847251 0)
(-0.0641117 -0.0101422 0)
(-0.0611313 -0.0116696 0)
(-0.0577517 -0.013028 0)
(-0.0540204 -0.0141913 0)
(-0.0499913 -0.0151349 0)
(-0.0457242 -0.0158362 0)
(-0.0412844 -0.0162749 0)
(-0.0367418 -0.0164341 0)
(-0.0321698 -0.0163012 0)
(-0.0276442 -0.0158684 0)
(-0.023242 -0.0151342 0)
(-0.0190393 -0.0141048 0)
(-0.01511 -0.0127959 0)
(-0.0115231 -0.0112344 0)
(-0.00834137 -0.00946176 0)
(-0.00561874 -0.00753696 0)
(-0.0033972 -0.00554123 0)
(-0.00170384 -0.00358257 0)
(-0.000574674 -0.00180159 0)
(-7.88469e-05 -0.000390392 0)
(-0.000109537 0.000804724 0)
(-0.000756345 0.00297276 0)
(-0.00218487 0.00543914 0)
(-0.004273 0.00800896 0)
(-0.00695081 0.0105383 0)
(-0.0101697 0.0129168 0)
(-0.0138702 0.0150629 0)
(-0.0179844 0.0169187 0)
(-0.0224392 0.0184456 0)
(-0.0271581 0.0196204 0)
(-0.0320622 0.0204321 0)
(-0.0370718 0.0208792 0)
(-0.042108 0.0209676 0)
(-0.0470936 0.0207091 0)
(-0.0519545 0.0201199 0)
(-0.05662 0.0192197 0)
(-0.0610242 0.0180311 0)
(-0.0651059 0.0165783 0)
(-0.0688096 0.0148876 0)
(-0.0720856 0.0129863 0)
(-0.0748903 0.010903 0)
(-0.0771864 0.00866728 0)
(-0.0789436 0.00630941 0)
(-0.080138 0.00386067 0)
(-0.0807531 0.00135305 0)
(-0.0807793 -0.00118064 0)
(-0.0802146 -0.00370691 0)
(-0.0790642 -0.00619165 0)
(-0.0773411 -0.00860024 0)
(-0.075066 -0.0108977 0)
(-0.0722671 -0.0130492 0)
(-0.0689804 -0.0150198 0)
(-0.0652495 -0.0167755 0)
(-0.0611252 -0.0182835 0)
(-0.0566654 -0.0195126 0)
(-0.0519346 -0.0204342 0)
(-0.0470029 -0.0210229 0)
(-0.0419459 -0.0212576 0)
(-0.0368429 -0.0211221 0)
(-0.0317761 -0.020607 0)
(-0.0268294 -0.0197104 0)
(-0.022086 -0.01844 0)
(-0.0176276 -0.0168146 0)
(-0.0135316 -0.0148667 0)
(-0.00986983 -0.0126447 0)
(-0.00670689 -0.0102167 0)
(-0.00409655 -0.00767415 0)
(-0.00207931 -0.00513532 0)
(-0.000712772 -0.00274979 0)
(-0.000101168 -0.000714259 0)
(-0.000130972 0.00122118 0)
(-0.000891226 0.00415871 0)
(-0.00255419 0.00733834 0)
(-0.00496309 0.0105656 0)
(-0.00802572 0.0136928 0)
(-0.0116791 0.0166046 0)
(-0.0158508 0.0192137 0)
(-0.020462 0.0214573 0)
(-0.02543 0.023293 0)
(-0.03067 0.0246951 0)
(-0.036096 0.0256514 0)
(-0.0416218 0.0261606 0)
(-0.0471624 0.0262302 0)
(-0.0526354 0.0258746 0)
(-0.0579616 0.0251134 0)
(-0.0630661 0.0239707 0)
(-0.0678785 0.0224738 0)
(-0.0723342 0.0206526 0)
(-0.0763742 0.0185391 0)
(-0.0799458 0.0161668 0)
(-0.0830029 0.0135709 0)
(-0.085506 0.0107875 0)
(-0.0874227 0.00785396 0)
(-0.0887279 0.00480869 0)
(-0.0894038 0.001691 0)
(-0.0894402 -0.00145883 0)
(-0.0888345 -0.00459969 0)
(-0.0875923 -0.00768967 0)
(-0.0857269 -0.0106863 0)
(-0.0832599 -0.0135467 0)
(-0.0802208 -0.016228 0)
(-0.0766475 -0.0186875 0)
(-0.0725858 -0.0208835 0)
(-0.0680895 -0.0227757 0)
(-0.0632197 -0.0243259 0)
(-0.0580448 -0.025499 0)
(-0.0526395 -0.026264 0)
(-0.0470842 -0.0265947 0)
(-0.0414638 -0.0264714 0)
(-0.0358668 -0.0258823 0)
(-0.0303836 -0.0248247 0)
(-0.0251052 -0.0233069 0)
(-0.020121 -0.0213506 0)
(-0.0155177 -0.0189924 0)
(-0.0113772 -0.016287 0)
(-0.00777544 -0.01331 0)
(-0.00477905 -0.010161 0)
(-0.00244247 -0.00696633 0)
(-0.000844388 -0.00388196 0)
(-0.000121784 -0.00110682 0)
(-0.000151002 0.00170457 0)
(-0.00101992 0.00552528 0)
(-0.00291016 0.00951159 0)
(-0.00563261 0.0134708 0)
(-0.00907372 0.017254 0)
(-0.013156 0.0207426 0)
(-0.0177939 0.0238459 0)
(-0.0228967 0.0264979 0)
(-0.0283718 0.0286539 0)
(-0.0341259 0.0302867 0)
(-0.040065 0.0313841 0)
(-0.0460966 0.0319459 0)
(-0.0521299 0.0319815 0)
(-0.0580773 0.0315086 0)
(-0.0638549 0.0305508 0)
(-0.0693837 0.0291369 0)
(-0.0745899 0.0272995 0)
(-0.0794055 0.0250742 0)
(-0.0837687 0.0224994 0)
(-0.0876244 0.0196152 0)
(-0.0909241 0.0164633 0)
(-0.0936267 0.0130872 0)
(-0.0956983 0.00953148 0)
(-0.0971123 0.00584187 0)
(-0.09785 0.00206541 0)
(-0.0979004 -0.00174982 0)
(-0.0972606 -0.00555472 0)
(-0.0959359 -0.00929928 0)
(-0.0939399 -0.0129328 0)
(-0.0912946 -0.016404 0)
(-0.0880305 -0.0196617 0)
(-0.0841868 -0.0226549 0)
(-0.0798111 -0.0253337 0)
(-0.0749593 -0.0276498 0)
(-0.0696953 -0.0295576 0)
(-0.064091 -0.0310148 0)
(-0.058225 -0.0319839 0)
(-0.0521822 -0.0324336 0)
(-0.0460531 -0.0323398 0)
(-0.0399322 -0.0316875 0)
(-0.0339167 -0.0304724 0)
(-0.0281053 -0.0287029 0)
(-0.0225962 -0.0264023 0)
(-0.0174856 -0.0236106 0)
(-0.0128664 -0.0203875 0)
(-0.00882693 -0.0168146 0)
(-0.00544699 -0.012998 0)
(-0.00279525 -0.00907034 0)
(-0.00097078 -0.00519248 0)
(-0.000141108 -0.0015647 0)
(-0.000169992 0.00225187 0)
(-0.00114373 0.00706647 0)
(-0.00325514 0.011952 0)
(-0.00628474 0.0167182 0)
(-0.0100985 0.021216 0)
(-0.0146046 0.0253256 0)
(-0.0197042 0.0289545 0)
(-0.0252942 0.0320353 0)
(-0.0312718 0.0345224 0)
(-0.0375344 0.0363885 0)
(-0.0439804 0.0376224 0)
(-0.0505103 0.0382257 0)
(-0.0570276 0.0382111 0)
(-0.0634396 0.0375997 0)
(-0.0696581 0.03642 0)
(-0.0756004 0.0347059 0)
(-0.0811893 0.0324958 0)
(-0.0863542 0.0298316 0)
(-0.0910309 0.0267582 0)
(-0.095162 0.0233224 0)
(-0.0986975 0.0195734 0)
(-0.101595 0.0155618 0)
(-0.103818 0.0113396 0)
(-0.105341 0.00696047 0)
(-0.106142 0.00247918 0)
(-0.106211 -0.00204812 0)
(-0.105544 -0.0065641 0)
(-0.104146 -0.0110104 0)
(-0.10203 -0.0153277 0)
(-0.0992191 -0.0194561 0)
(-0.0957435 -0.0233358 0)
(-0.0916434 -0.0269071 0)
(-0.0869677 -0.0301112 0)
(-0.0817739 -0.0328916 0)
(-0.0761285 -0.0351944 0)
(-0.070106 -0.0369697 0)
(-0.0637886 -0.038173 0)
(-0.0572659 -0.0387668 0)
(-0.0506333 -0.0387218 0)
(-0.0439914 -0.0380191 0)
(-0.0374447 -0.0366519 0)
(-0.0310998 -0.0346277 0)
(-0.0250642 -0.0319704 0)
(-0.0194446 -0.0287222 0)
(-0.0143453 -0.0249464 0)
(-0.00986762 -0.0207292 0)
(-0.00610518 -0.0161823 0)
(-0.00314092 -0.0114433 0)
(-0.00109359 -0.00667703 0)
(-0.000159557 -0.00208543 0)
(-0.000188271 0.00286085 0)
(-0.00126404 0.00877755 0)
(-0.00359199 0.0146539 0)
(-0.00692373 0.0203021 0)
(-0.0111056 0.0255737 0)
(-0.0160315 0.0303491 0)
(-0.021589 0.0345356 0)
(-0.0276629 0.0380656 0)
(-0.0341394 0.0408942 0)
(-0.0409064 0.0429955 0)
(-0.0478544 0.0443602 0)
(-0.0548768 0.0449933 0)
(-0.0618714 0.044911 0)
(-0.0687404 0.0441393 0)
(-0.0753915 0.0427118 0)
(-0.0817386 0.0406683 0)
(-0.0877015 0.0380535 0)
(-0.0932073 0.034916 0)
(-0.0981896 0.0313074 0)
(-0.10259 0.027282 0)
(-0.106356 0.0228962 0)
(-0.109444 0.0182081 0)
(-0.111818 0.0132775 0)
(-0.11345 0.00816588 0)
(-0.114318 0.00293599 0)
(-0.114411 -0.00234781 0)
(-0.113723 -0.00761982 0)
(-0.112261 -0.0128131 0)
(-0.110036 -0.0178597 0)
(-0.107071 -0.0226908 0)
(-0.103397 -0.0272374 0)
(-0.0990531 -0.0314308 0)
(-0.0940902 -0.0352033 0)
(-0.0885666 -0.0384891 0)
(-0.0825505 -0.0412257 0)
(-0.0761191 -0.0433549 0)
(-0.0693578 -0.0448243 0)
(-0.0623602 -0.0455893 0)
(-0.055227 -0.0456146 0)
(-0.0480651 -0.0448764 0)
(-0.040986 -0.0433642 0)
(-0.0341051 -0.0410836 0)
(-0.0275396 -0.0380576 0)
(-0.021407 -0.0343297 0)
(-0.0158242 -0.0299654 0)
(-0.0109058 -0.0250546 0)
(-0.00675974 -0.019713 0)
(-0.00348335 -0.014083 0)
(-0.00121456 -0.00833307 0)
(-0.000177527 -0.0026675 0)
(-0.000206124 0.00353001 0)
(-0.00138216 0.0106552 0)
(-0.00392362 0.0176133 0)
(-0.00755419 0.0242184 0)
(-0.012101 0.0303236 0)
(-0.0174439 0.0358099 0)
(-0.0234569 0.040586 0)
(-0.0300122 0.0445858 0)
(-0.0369848 0.047766 0)
(-0.044253 0.0501036 0)
(-0.051699 0.051593 0)
(-0.0592091 0.0522429 0)
(-0.0666752 0.0520748 0)
(-0.0739946 0.0511201 0)
(-0.0810711 0.0494184 0)
(-0.0878153 0.0470161 0)
(-0.0941446 0.0439647 0)
(-0.0999838 0.0403199 0)
(-0.105265 0.0361407 0)
(-0.109928 0.0314887 0)
(-0.113921 0.026428 0)
(-0.117198 0.0210243 0)
(-0.119722 0.0153453 0)
(-0.121464 0.00946032 0)
(-0.122402 0.00344019 0)
(-0.122524 -0.00264249 0)
(-0.121825 -0.0087136 0)
(-0.120307 -0.0146976 0)
(-0.117984 -0.0205176 0)
(-0.114877 -0.0260958 0)
(-0.111017 -0.0313538 0)
(-0.106443 -0.0362136 0)
(-0.101205 -0.0405979 0)
(-0.0953634 -0.0444314 0)
(-0.0889871 -0.0476421 0)
(-0.0821553 -0.0501627 0)
(-0.0749566 -0.0519322 0)
(-0.0674884 -0.0528978 0)
(-0.0598565 -0.0530172 0)
(-0.052174 -0.0522604 0)
(-0.04456 -0.0506121 0)
(-0.0371389 -0.0480744 0)
(-0.030038 -0.0446686 0)
(-0.0233867 -0.0404377 0)
(-0.0173146 -0.0354486 0)
(-0.0119506 -0.0297936 0)
(-0.00741733 -0.0235919 0)
(-0.00382659 -0.0169898 0)
(-0.00133546 -0.01016 0)
(-0.000195377 -0.00331035 0)
(-0.000223796 0.00425853 0)
(-0.00149929 0.0126976 0)
(-0.00425285 0.0208279 0)
(-0.0081807 0.0284649 0)
(-0.013091 0.0354633 0)
(-0.0188495 0.0417061 0)
(-0.0253167 0.0471039 0)
(-0.0323518 0.0515936 0)
(-0.0398184 0.0551352 0)
(-0.0475851 0.0577098 0)
(-0.0555253 0.0593164 0)
(-0.0635185 0.0599696 0)
(-0.0714503 0.0596966 0)
(-0.0792136 0.0585354 0)
(-0.0867082 0.0565327 0)
(-0.0938419 0.0537419 0)
(-0.10053 0.0502222 0)
(-0.106695 0.0460366 0)
(-0.112268 0.041252 0)
(-0.117189 0.0359378 0)
(-0.121404 0.0301656 0)
(-0.124866 0.0240091 0)
(-0.12754 0.0175436 0)
(-0.129394 0.0108465 0)
(-0.130407 0.00399665 0)
(-0.130564 -0.00292521 0)
(-0.129861 -0.00983659 0)
(-0.128299 -0.0166533 0)
(-0.125889 -0.0232896 0)
(-0.122653 -0.0296584 0)
(-0.11862 -0.0356721 0)
(-0.113829 -0.0412426 0)
(-0.10833 -0.0462827 0)
(-0.102183 -0.0507073 0)
(-0.0954576 -0.054434 0)
(-0.0882347 -0.0573856 0)
(-0.0806055 -0.0594914 0)
(-0.072671 -0.0606896 0)
(-0.0645421 -0.0609293 0)
(-0.056338 -0.0601731 0)
(-0.0481858 -0.0583996 0)
(-0.040219 -0.0556058 0)
(-0.0325759 -0.0518099 0)
(-0.0253981 -0.0470533 0)
(-0.0188288 -0.0414026 0)
(-0.0130118 -0.0349518 0)
(-0.00808478 -0.0278231 0)
(-0.00417469 -0.0201665 0)
(-0.00145795 -0.0121594 0)
(-0.000213432 -0.00401434 0)
(-0.0002415 0.00504621 0)
(-0.00161653 0.0149042 0)
(-0.00458232 0.0242969 0)
(-0.00880762 0.0330409 0)
(-0.0140816 0.0409923 0)
(-0.0202559 0.0480369 0)
(-0.0271769 0.0540883 0)
(-0.0346909 0.0590875 0)
(-0.0426499 0.0629995 0)
(-0.0509122 0.0658107 0)
(-0.0593428 0.0675264 0)
(-0.0678137 0.068168 0)
(-0.0762049 0.06777 0)
(-0.0844045 0.0663781 0)
(-0.092309 0.0640468 0)
(-0.0998233 0.0608377 0)
(-0.106861 0.0568179 0)
(-0.113343 0.0520588 0)
(-0.119201 0.046635 0)
(-0.124373 0.0406241 0)
(-0.128805 0.0341055 0)
(-0.132451 0.0271607 0)
(-0.135273 0.019873 0)
(-0.13724 0.0123273 0)
(-0.138332 0.00461058 0)
(-0.138531 -0.00318853 0)
(-0.137832 -0.0109793 0)
(-0.136236 -0.0186689 0)
(-0.133754 -0.0261629 0)
(-0.130403 -0.033365 0)
(-0.126212 -0.0401778 0)
(-0.12122 -0.0465034 0)
(-0.115475 -0.0522442 0)
(-0.109037 -0.0573043 0)
(-0.101975 -0.0615906 0)
(-0.0943715 -0.065015 0)
(-0.08632 -0.0674961 0)
(-0.0779248 -0.0689615 0)
(-0.0693013 -0.0693505 0)
(-0.0605751 -0.0686169 0)
(-0.0518812 -0.0667314 0)
(-0.0433628 -0.0636846 0)
(-0.0351694 -0.0594897 0)
(-0.0274555 -0.0541851 0)
(-0.0203789 -0.0478363 0)
(-0.0140987 -0.0405377 0)
(-0.00876875 -0.0324138 0)
(-0.00453158 -0.0236186 0)
(-0.00158361 -0.0143345 0)
(-0.000231989 -0.00478069 0)
(-0.000259417 0.00589336 0)
(-0.00173486 0.0172758 0)
(-0.00491443 0.0280214 0)
(-0.009439 0.0379473 0)
(-0.0150784 0.0469115 0)
(-0.0216698 0.0548027 0)
(-0.0290453 0.0615391 0)
(-0.0370379 0.0670666 0)
(-0.0454876 0.0713566 0)
(-0.0542424 0.0744028 0)
(-0.0631584 0.076218 0)
(-0.0721006 0.0768318 0)
(-0.0809432 0.0762875 0)
(-0.0895698 0.0746396 0)
(-0.0978739 0.0719516 0)
(-0.105758 0.0682939 0)
(-0.113134 0.0637425 0)
(-0.119924 0.0583774 0)
(-0.126057 0.0522818 0)
(-0.131471 0.0455412 0)
(-0.136113 0.0382432 0)
(-0.139938 0.030477 0)
(-0.142906 0.0223336 0)
(-0.144989 0.0139056 0)
(-0.146162 0.00528736 0)
(-0.146411 -0.00342446 0)
(-0.145726 -0.0121312 0)
(-0.144109 -0.0207319 0)
(-0.141567 -0.0291232 0)
(-0.138117 -0.0371998 0)
(-0.133787 -0.0448546 0)
(-0.128612 -0.0519796 0)
(-0.122638 -0.0584664 0)
(-0.115926 -0.0642078 0)
(-0.108543 -0.0690991 0)
(-0.100573 -0.0730404 0)
(-0.0921105 -0.0759383 0)
(-0.0832623 -0.0777086 0)
(-0.0741484 -0.0782793 0)
(-0.0649007 -0.0775935 0)
(-0.0556622 -0.0756123 0)
(-0.046586 -0.072318 0)
(-0.0378335 -0.0677174 0)
(-0.0295727 -0.0618441 0)
(-0.0219764 -0.0547609 0)
(-0.0152205 -0.0465621 0)
(-0.00947571 -0.0373737 0)
(-0.00490102 -0.0273539 0)
(-0.00171397 -0.0166907 0)
(-0.000251322 -0.00561141 0)
(-0.000277709 0.00680082 0)
(-0.00185517 0.0198141 0)
(-0.00525137 0.0320038 0)
(-0.0100786 0.0431868 0)
(-0.0160866 0.0532231 0)
(-0.0230976 0.0620052 0)
(-0.030929 0.0694566 0)
(-0.0394 0.0755299 0)
(-0.0483384 0.0802041 0)
(-0.0575815 0.0834816 0)
(-0.0669767 0.0853847 0)
(-0.0763817 0.0859529 0)
(-0.0856653 0.0852394 0)
(-0.094707 0.0833089 0)
(-0.103397 0.0802351 0)
(-0.111637 0.0760982 0)
(-0.119338 0.0709838 0)
(-0.126421 0.0649811 0)
(-0.132816 0.0581821 0)
(-0.138462 0.0506807 0)
(-0.143306 0.0425724 0)
(-0.147303 0.0339542 0)
(-0.150415 0.0249246 0)
(-0.152612 0.0155833 0)
(-0.153871 0.00603231 0)
(-0.154175 -0.00362459 0)
(-0.153516 -0.0132811 0)
(-0.15189 -0.0228282 0)
(-0.149305 -0.0321542 0)
(-0.145776 -0.0411449 0)
(-0.141326 -0.0496836 0)
(-0.135988 -0.0576517 0)
(-0.129809 -0.06493 0)
(-0.122843 -0.0713995 0)
(-0.11516 -0.0769432 0)
(-0.10684 -0.081448 0)
(-0.0979807 -0.0848073 0)
(-0.0886904 -0.0869238 0)
(-0.0790932 -0.0877124 0)
(-0.0693268 -0.0871034 0)
(-0.0595423 -0.0850464 0)
(-0.0499028 -0.0815137 0)
(-0.040582 -0.0765033 0)
(-0.0317622 -0.0700425 0)
(-0.0236325 -0.06219 0)
(-0.016386 -0.0530386 0)
(-0.0102118 -0.0427155 0)
(-0.00528657 -0.0313828 0)
(-0.00185042 -0.0192351 0)
(-0.000271685 -0.00650929 0)
(-0.000296521 0.00776983 0)
(-0.00197826 0.0225221 0)
(-0.0055952 0.0362478 0)
(-0.0107297 0.0487632 0)
(-0.0171109 0.0599306 0)
(-0.024545 0.0696468 0)
(-0.0328343 0.0778417 0)
(-0.0417834 0.084476 0)
(-0.0512076 0.0895382 0)
(-0.0609334 0.0930412 0)
(-0.0707992 0.0950183 0)
(-0.0806559 0.0955205 0)
(-0.0903669 0.0946129 0)
(-0.099808 0.0923718 0)
(-0.108867 0.088882 0)
(-0.117445 0.0842349 0)
(-0.125453 0.0785262 0)
(-0.132811 0.0718551 0)
(-0.139451 0.0643225 0)
(-0.145314 0.056031 0)
(-0.150348 0.0470842 0)
(-0.154508 0.0375865 0)
(-0.157759 0.0276434 0)
(-0.160069 0.0173619 0)
(-0.161416 0.00685044 0)
(-0.161783 -0.00378013 0)
(-0.161159 -0.0144164 0)
(-0.15954 -0.0249421 0)
(-0.156931 -0.0352374 0)
(-0.153343 -0.0451794 0)
(-0.148796 -0.054642 0)
(-0.143323 -0.0634964 0)
(-0.136963 -0.0716118 0)
(-0.12977 -0.0788571 0)
(-0.12181 -0.0851019 0)
(-0.113164 -0.0902195 0)
(-0.103927 -0.0940884 0)
(-0.09421 -0.0965963 0)
(-0.0841405 -0.0976432 0)
(-0.0738614 -0.0971447 0)
(-0.0635317 -0.0950367 0)
(-0.0533248 -0.0912787 0)
(-0.0434271 -0.0858582 0)
(-0.0340359 -0.078794 0)
(-0.0253574 -0.0701389 0)
(-0.0176035 -0.059983 0)
(-0.0109829 -0.0484541 0)
(-0.00569168 -0.0357181 0)
(-0.00199434 -0.0219767 0)
(-0.000293323 -0.00747782 0)
(-0.000315991 0.00880205 0)
(-0.00210492 0.0254036 0)
(-0.00594784 0.0407585 0)
(-0.0113958 0.0546819 0)
(-0.0181557 0.0670385 0)
(-0.0260174 0.0777304 0)
(-0.0347665 0.0866951 0)
(-0.0441929 0.0939031 0)
(-0.0540987 0.0993542 0)
(-0.0642995 0.103073 0)
(-0.0746246 0.105107 0)
(-0.0849182 0.105521 0)
(-0.0950385 0.104391 0)
(-0.104859 0.10181 0)
(-0.114265 0.0978724 0)
(-0.123157 0.0926833 0)
(-0.131447 0.0863494 0)
(-0.139058 0.0789798 0)
(-0.145923 0.0706854 0)
(-0.151983 0.0615771 0)
(-0.15719 0.0517665 0)
(-0.161502 0.0413653 0)
(-0.164882 0.0304857 0)
(-0.167302 0.0192411 0)
(-0.168739 0.00774616 0)
(-0.169174 -0.00388211 0)
(-0.168597 -0.0155239 0)
(-0.167002 -0.0270561 0)
(-0.164389 -0.0383515 0)
(-0.160767 -0.049279 0)
(-0.156153 -0.0597033 0)
(-0.150573 -0.0694854 0)
(-0.144064 -0.078483 0)
(-0.136676 -0.0865523 0)
(-0.12847 -0.0935491 0)
(-0.119526 -0.0993312 0)
(-0.109937 -0.103761 0)
(-0.0998151 -0.106711 0)
(-0.0892893 -0.108061 0)
(-0.078508 -0.107712 0)
(-0.0676374 -0.105583 0)
(-0.0568612 -0.101619 0)
(-0.0463791 -0.0957926 0)
(-0.036404 -0.0881127 0)
(-0.0271605 -0.0786244 0)
(-0.0188807 -0.0674133 0)
(-0.0117947 -0.0546069 0)
(-0.00611964 -0.0403745 0)
(-0.00214704 -0.0249258 0)
(-0.000316473 -0.00852117 0)
(-0.000336254 0.00989952 0)
(-0.00223591 0.0284636 0)
(-0.00631122 0.0455423 0)
(-0.01208 0.0609493 0)
(-0.0192254 0.0745523 0)
(-0.0275194 0.0862595 0)
(-0.0367304 0.0960175 0)
(-0.0466324 0.103808 0)
(-0.0570138 0.109645 0)
(-0.0676789 0.113567 0)
(-0.0784482 0.115637 0)
(-0.0891591 0.115934 0)
(-0.0996657 0.114553 0)
(-0.109838 0.111598 0)
(-0.119563 0.107181 0)
(-0.12874 0.101417 0)
(-0.137283 0.094427 0)
(-0.145117 0.0863303 0)
(-0.152178 0.0772476 0)
(-0.158411 0.0672986 0)
(-0.163771 0.0566027 0)
(-0.168216 0.0452784 0)
(-0.171715 0.0334441 0)
(-0.174238 0.0212189 0)
(-0.175764 0.00872288 0)
(-0.176275 -0.00392154 0)
(-0.175756 -0.0165891 0)
(-0.174202 -0.0291505 0)
(-0.171609 -0.0414722 0)
(-0.167981 -0.0534153 0)
(-0.163332 -0.064836 0)
(-0.157681 -0.0755851 0)
(-0.151062 -0.085509 0)
(-0.143517 -0.0944507 0)
(-0.135104 -0.102251 0)
(-0.125898 -0.108753 0)
(-0.11599 -0.1138 0)
(-0.105491 -0.117245 0)
(-0.094532 -0.118951 0)
(-0.0832645 -0.118797 0)
(-0.0718619 -0.116684 0)
(-0.0605182 -0.112538 0)
(-0.0494462 -0.106316 0)
(-0.0388757 -0.0980131 0)
(-0.0290505 -0.0876645 0)
(-0.0202251 -0.0753491 0)
(-0.0126525 -0.0611932 0)
(-0.00657371 -0.0453692 0)
(-0.00230983 -0.0280948 0)
(-0.000341373 -0.00964422 0)
(-0.000357453 0.0110647 0)
(-0.00237203 0.0317077 0)
(-0.00668731 0.0506065 0)
(-0.0127855 0.067573 0)
(-0.0203242 0.0824781 0)
(-0.0290559 0.0952375 0)
(-0.0387304 0.105808 0)
(-0.0491048 0.114187 0)
(-0.0599532 0.120401 0)
(-0.0710683 0.124508 0)
(-0.0822619 0.126588 0)
(-0.0933651 0.126738 0)
(-0.104228 0.125071 0)
(-0.11472 0.121707 0)
(-0.124727 0.116774 0)
(-0.134151 0.110403 0)
(-0.142909 0.102726 0)
(-0.150929 0.0938747 0)
(-0.158152 0.0839798 0)
(-0.164527 0.0731697 0)
(-0.170011 0.0615712 0)
(-0.174568 0.0493093 0)
(-0.178169 0.0365078 0)
(-0.180786 0.0232907 0)
(-0.182399 0.00978266 0)
(-0.182989 -0.00388971 0)
(-0.182542 -0.0175966 0)
(-0.181048 -0.0312038 0)
(-0.1785 -0.044572 0)
(-0.1749 -0.0575558 0)
(-0.170253 -0.0700031 0)
(-0.164574 -0.0817554 0)
(-0.157889 -0.0926477 0)
(-0.150234 -0.10251 0)
(-0.141661 -0.111167 0)
(-0.132239 -0.118445 0)
(-0.122054 -0.124168 0)
(-0.111215 -0.128169 0)
(-0.0998533 -0.130289 0)
(-0.0881228 -0.130383 0)
(-0.0762033 -0.12833 0)
(-0.0642983 -0.124035 0)
(-0.0526343 -0.117436 0)
(-0.0414585 -0.108509 0)
(-0.0310354 -0.0972775 0)
(-0.0216436 -0.0838118 0)
(-0.0135618 -0.0682346 0)
(-0.00705712 -0.0507211 0)
(-0.00248405 -0.0314972 0)
(-0.000368269 -0.0108525 0)
(-0.000379748 0.0123005 0)
(-0.00251417 0.0351428 0)
(-0.00707832 0.0559599 0)
(-0.0135159 0.0745617 0)
(-0.0214566 0.0908229 0)
(-0.0306316 0.104668 0)
(-0.0407704 0.116067 0)
(-0.0516121 0.125031 0)
(-0.0629157 0.131609 0)
(-0.0744621 0.135876 0)
(-0.0860543 0.137934 0)
(-0.0975177 0.137901 0)
(-0.1087 0.135908 0)
(-0.119469 0.132097 0)
(-0.129713 0.126612 0)
(-0.139338 0.119599 0)
(-0.148263 0.111205 0)
(-0.156424 0.101573 0)
(-0.163765 0.090845 0)
(-0.170242 0.0791575 0)
(-0.175817 0.0666444 0)
(-0.180458 0.0534363 0)
(-0.184139 0.039662 0)
(-0.186837 0.0254491 0)
(-0.188531 0.0109257 0)
(-0.189204 -0.00377846 0)
(-0.18884 -0.0185303 0)
(-0.187427 -0.0331921 0)
(-0.184954 -0.0476199 0)
(-0.181417 -0.0616628 0)
(-0.176816 -0.0751618 0)
(-0.171158 -0.0879492 0)
(-0.16446 -0.0998492 0)
(-0.156751 -0.110678 0)
(-0.148075 -0.120246 0)
(-0.138493 -0.12836 0)
(-0.128084 -0.134823 0)
(-0.116953 -0.139446 0)
(-0.105229 -0.142044 0)
(-0.0930681 -0.142448 0)
(-0.0806543 -0.140509 0)
(-0.0682006 -0.136107 0)
(-0.0559469 -0.129156 0)
(-0.0441585 -0.119613 0)
(-0.0331223 -0.107482 0)
(-0.0231429 -0.0928234 0)
(-0.0145277 -0.0757542 0)
(-0.00757316 -0.0564511 0)
(-0.00267106 -0.0351485 0)
(-0.00039742 -0.0121523 0)
(-0.000403326 0.0136101 0)
(-0.00266337 0.0387768 0)
(-0.00748677 0.0616127 0)
(-0.0142752 0.0819254 0)
(-0.0226278 0.0995941 0)
(-0.0322518 0.114554 0)
(-0.0428547 0.126789 0)
(-0.054156 0.136332 0)
(-0.0658989 0.143251 0)
(-0.077852 0.147646 0)
(-0.08981 0.149643 0)
(-0.101593 0.149384 0)
(-0.113048 0.147022 0)
(-0.124042 0.14272 0)
(-0.134468 0.136643 0)
(-0.144236 0.128953 0)
(-0.153272 0.119812 0)
(-0.161516 0.109376 0)
(-0.168923 0.0977976 0)
(-0.175453 0.0852211 0)
(-0.181076 0.0717872 0)
(-0.185766 0.0576316 0)
(-0.1895 0.0428866 0)
(-0.19226 0.0276827 0)
(-0.194027 0.0121498 0)
(-0.194784 -0.0035806 0)
(-0.194515 -0.0193737 0)
(-0.193204 -0.0350896 0)
(-0.190838 -0.0505815 0)
(-0.187406 -0.0656941 0)
(-0.1829 -0.0802624 0)
(-0.177319 -0.0941112 0)
(-0.170671 -0.107054 0)
(-0.162975 -0.118894 0)
(-0.154264 -0.129426 0)
(-0.144589 -0.138436 0)
(-0.134021 -0.145708 0)
(-0.122659 -0.151024 0)
(-0.110625 -0.154174 0)
(-0.0980773 -0.154958 0)
(-0.0852017 -0.153198 0)
(-0.0722196 -0.148743 0)
(-0.0593845 -0.141478 0)
(-0.0469802 -0.131335 0)
(-0.0353176 -0.118296 0)
(-0.0247296 -0.102407 0)
(-0.0155556 -0.0837771 0)
(-0.00812531 -0.0625824 0)
(-0.00287234 -0.0390657 0)
(-0.000429112 -0.0135504 0)
(-0.000428417 0.0149977 0)
(-0.00282089 0.042619 0)
(-0.00791568 0.0675768 0)
(-0.0150684 0.0896754 0)
(-0.0238438 0.1088 0)
(-0.0339226 0.124897 0)
(-0.0449878 0.137971 0)
(-0.0567378 0.148075 0)
(-0.0688989 0.155305 0)
(-0.0812274 0.159787 0)
(-0.0935098 0.161675 0)
(-0.105563 0.161138 0)
(-0.117231 0.158357 0)
(-0.128388 0.153518 0)
(-0.138928 0.146805 0)
(-0.148768 0.138402 0)
(-0.157845 0.128485 0)
(-0.166106 0.117224 0)
(-0.173514 0.104782 0)
(-0.180039 0.0913103 0)
(-0.185658 0.0769566 0)
(-0.190352 0.0618603 0)
(-0.194106 0.0461562 0)
(-0.196904 0.0299759 0)
(-0.198731 0.0134499 0)
(-0.199571 -0.00329034 0)
(-0.199408 -0.02011 0)
(-0.198223 -0.0368687 0)
(-0.195997 -0.0534185 0)
(-0.192715 -0.0696015 0)
(-0.188359 -0.0852486 0)
(-0.182921 -0.100178 0)
(-0.176395 -0.114193 0)
(-0.16879 -0.127085 0)
(-0.160124 -0.138633 0)
(-0.150438 -0.148602 0)
(-0.139792 -0.156753 0)
(-0.128272 -0.162842 0)
(-0.115997 -0.166625 0)
(-0.103118 -0.167872 0)
(-0.089825 -0.166367 0)
(-0.0763451 -0.161925 0)
(-0.0629446 -0.154396 0)
(-0.0499265 -0.143681 0)
(-0.0376269 -0.129736 0)
(-0.0264103 -0.112586 0)
(-0.0166513 -0.0923293 0)
(-0.0087173 -0.0691397 0)
(-0.00308952 -0.0432674 0)
(-0.000463665 -0.0150548 0)
(-0.00045531 0.0164678 0)
(-0.00298828 0.0466805 0)
(-0.00836884 0.0738658 0)
(-0.0159013 0.0978247 0)
(-0.0251118 0.118449 0)
(-0.0356511 0.1357 0)
(-0.047175 0.149605 0)
(-0.0593587 0.160243 0)
(-0.0719106 0.167741 0)
(-0.0845746 0.172257 0)
(-0.0971298 0.173978 0)
(-0.10939 0.173105 0)
(-0.121202 0.169847 0)
(-0.132443 0.164417 0)
(-0.143015 0.157023 0)
(-0.152845 0.147869 0)
(-0.161878 0.137149 0)
(-0.170074 0.125045 0)
(-0.177407 0.11173 0)
(-0.183856 0.0973647 0)
(-0.189409 0.0821003 0)
(-0.194056 0.0660796 0)
(-0.197787 0.0494383 0)
(-0.200593 0.0323078 0)
(-0.202463 0.0148172 0)
(-0.203383 -0.0029038 0)
(-0.203334 -0.0207224 0)
(-0.202298 -0.0385 0)
(-0.20025 -0.0560893 0)
(-0.197167 -0.0733319 0)
(-0.193025 -0.0900562 0)
(-0.187802 -0.106075 0)
(-0.181481 -0.121185 0)
(-0.174056 -0.135165 0)
(-0.165532 -0.147777 0)
(-0.155932 -0.158769 0)
(-0.145303 -0.167874 0)
(-0.133717 -0.174819 0)
(-0.121284 -0.179328 0)
(-0.108148 -0.18113 0)
(-0.0944958 -0.179972 0)
(-0.0805611 -0.175624 0)
(-0.0666211 -0.167898 0)
(-0.0529982 -0.156653 0)
(-0.0400556 -0.141816 0)
(-0.0281917 -0.123384 0)
(-0.0178209 -0.101439 0)
(-0.00935328 -0.0761501 0)
(-0.00332444 -0.0477745 0)
(-0.000501449 -0.0166741 0)
(-0.000484378 0.018026 0)
(-0.00316756 0.0509741 0)
(-0.00885099 0.0804959 0)
(-0.0167814 0.106388 0)
(-0.0264411 0.12855 0)
(-0.0374464 0.146963 0)
(-0.0494227 0.161679 0)
(-0.0620199 0.172811 0)
(-0.0749276 0.180521 0)
(-0.087877 0.185006 0)
(-0.100641 0.18649 0)
(-0.113033 0.18521 0)
(-0.124902 0.181409 0)
(-0.136133 0.17533 0)
(-0.146639 0.167207 0)
(-0.156359 0.157264 0)
(-0.165249 0.145714 0)
(-0.173285 0.132753 0)
(-0.180452 0.118563 0)
(-0.186744 0.103312 0)
(-0.192157 0.0871559 0)
(-0.196694 0.0702378 0)
(-0.200352 0.0526934 0)
(-0.203129 0.0346518 0)
(-0.205019 0.0162389 0)
(-0.20601 -0.00241955 0)
(-0.206084 -0.021195 0)
(-0.205219 -0.0399528 0)
(-0.203388 -0.0585489 0)
(-0.200559 -0.0768265 0)
(-0.196698 -0.0946138 0)
(-0.191773 -0.111721 0)
(-0.185751 -0.127938 0)
(-0.17861 -0.143034 0)
(-0.170337 -0.156756 0)
(-0.160938 -0.168831 0)
(-0.15044 -0.178968 0)
(-0.138901 -0.18686 0)
(-0.126412 -0.192195 0)
(-0.11311 -0.19466 0)
(-0.0991761 -0.193954 0)
(-0.0848447 -0.189801 0)
(-0.0704038 -0.18196 0)
(-0.0561944 -0.170248 0)
(-0.0426081 -0.154546 0)
(-0.0300808 -0.134822 0)
(-0.0190711 -0.111134 0)
(-0.010038 -0.0836428 0)
(-0.00357924 -0.0526096 0)
(-0.000542902 -0.018418 0)
(-0.000516104 0.019679 0)
(-0.00336128 0.0555157 0)
(-0.0093682 0.0874864 0)
(-0.0177182 0.115383 0)
(-0.0278429 0.139114 0)
(-0.0393194 0.158685 0)
(-0.0517387 0.174179 0)
(-0.0647227 0.185748 0)
(-0.0779414 0.193598 0)
(-0.0911138 0.197971 0)
(-0.104008 0.199134 0)
(-0.116438 0.197365 0)
(-0.128261 0.192947 0)
(-0.139371 0.186153 0)
(-0.149695 0.177248 0)
(-0.159185 0.166479 0)
(-0.167818 0.154075 0)
(-0.175581 0.140248 0)
(-0.182477 0.125188 0)
(-0.188514 0.109069 0)
(-0.193703 0.0920499 0)
(-0.198056 0.0742738 0)
(-0.201582 0.0558738 0)
(-0.204286 0.0369748 0)
(-0.206167 0.0176974 0)
(-0.207217 -0.00183922 0)
(-0.207419 -0.021513 0)
(-0.206749 -0.0411958 0)
(-0.205174 -0.0607493 0)
(-0.202657 -0.0800213 0)
(-0.199153 -0.0988424 0)
(-0.194615 -0.117022 0)
(-0.188997 -0.134347 0)
(-0.182257 -0.150578 0)
(-0.174363 -0.165449 0)
(-0.165298 -0.178666 0)
(-0.155067 -0.189911 0)
(-0.143706 -0.198847 0)
(-0.131289 -0.205119 0)
(-0.117935 -0.208367 0)
(-0.103816 -0.208238 0)
(-0.0891653 -0.204398 0)
(-0.0742773 -0.196549 0)
(-0.0595114 -0.184451 0)
(-0.0452886 -0.167934 0)
(-0.0320852 -0.146922 0)
(-0.0204096 -0.121446 0)
(-0.0107771 -0.0916494 0)
(-0.00385649 -0.0577983 0)
(-0.00058856 -0.0202974 0)
(-0.000551121 0.0214351 0)
(-0.00357277 0.0603243 0)
(-0.00992826 0.0948603 0)
(-0.0187236 0.124829 0)
(-0.0293316 0.150152 0)
(-0.0412839 0.170863 0)
(-0.0541323 0.187083 0)
(-0.0674684 0.199014 0)
(-0.0809412 0.206912 0)
(-0.0942587 0.211072 0)
(-0.107186 0.211814 0)
(-0.119542 0.209462 0)
(-0.131194 0.204342 0)
(-0.14205 0.196763 0)
(-0.152055 0.187021 0)
(-0.16118 0.175387 0)
(-0.169418 0.162109 0)
(-0.17678 0.147412 0)
(-0.183284 0.131495 0)
(-0.188956 0.114537 0)
(-0.193822 0.0966971 0)
(-0.197907 0.0781162 0)
(-0.201232 0.0589232 0)
(-0.20381 0.0392368 0)
(-0.205648 0.0191695 0)
(-0.20674 -0.00116807 0)
(-0.207072 -0.0216633 0)
(-0.206618 -0.0421973 0)
(-0.205341 -0.0626403 0)
(-0.203196 -0.0828477 0)
(-0.200129 -0.102656 0)
(-0.196078 -0.121876 0)
(-0.19098 -0.140295 0)
(-0.184773 -0.157668 0)
(-0.177402 -0.173715 0)
(-0.168824 -0.188127 0)
(-0.159018 -0.200559 0)
(-0.147994 -0.210638 0)
(-0.1358 -0.217967 0)
(-0.122533 -0.222134 0)
(-0.108353 -0.222725 0)
(-0.0934821 -0.219341 0)
(-0.0782205 -0.211615 0)
(-0.062943 -0.199238 0)
(-0.0481005 -0.181978 0)
(-0.0342134 -0.159703 0)
(-0.0218457 -0.132404 0)
(-0.0115772 -0.100205 0)
(-0.00415934 -0.0633687 0)
(-0.00063908 -0.0223248 0)
(-0.000590263 0.0233043 0)
(-0.00380635 0.0654232 0)
(-0.0105412 0.102646 0)
(-0.019813 0.13475 0)
(-0.0309254 0.161676 0)
(-0.0433569 0.18349 0)
(-0.0566147 0.200364 0)
(-0.0702573 0.212557 0)
(-0.0839125 0.220388 0)
(-0.0972787 0.224215 0)
(-0.110122 0.224417 0)
(-0.122268 0.221372 0)
(-0.133601 0.215454 0)
(-0.144047 0.207013 0)
(-0.153572 0.196377 0)
(-0.162171 0.183841 0)
(-0.169861 0.169675 0)
(-0.176674 0.154112 0)
(-0.182648 0.137363 0)
(-0.18783 0.119606 0)
(-0.192262 0.101 0)
(-0.195984 0.0816833 0)
(-0.199029 0.0617767 0)
(-0.201421 0.0413903 0)
(-0.203173 0.0206266 0)
(-0.204286 -0.000415539 0)
(-0.204746 -0.0216354 0)
(-0.204527 -0.0429262 0)
(-0.20359 -0.0641702 0)
(-0.201881 -0.0852333 0)
(-0.199335 -0.105961 0)
(-0.195877 -0.126171 0)
(-0.191425 -0.145652 0)
(-0.185897 -0.164156 0)
(-0.179209 -0.181398 0)
(-0.171293 -0.197049 0)
(-0.162095 -0.210741 0)
(-0.151593 -0.222065 0)
(-0.139803 -0.230579 0)
(-0.126796 -0.235814 0)
(-0.112705 -0.23729 0)
(-0.0977422 -0.234531 0)
(-0.0822042 -0.22709 0)
(-0.066479 -0.214573 0)
(-0.0510468 -0.196669 0)
(-0.036475 -0.173179 0)
(-0.0233903 -0.14404 0)
(-0.0124466 -0.109346 0)
(-0.00449169 -0.0693529 0)
(-0.0006953 -0.0245143 0)
(-0.000634632 0.0252995 0)
(-0.00406766 0.0708414 0)
(-0.01122 0.110877 0)
(-0.0210059 0.145175 0)
(-0.0326468 0.173698 0)
(-0.0455587 0.196556 0)
(-0.0591984 0.213985 0)
(-0.0730881 0.226312 0)
(-0.0868349 0.233933 0)
(-0.10013 0.237281 0)
(-0.112745 0.236803 0)
(-0.124519 0.232941 0)
(-0.135356 0.226119 0)
(-0.145209 0.216733 0)
(-0.15407 0.205144 0)
(-0.161961 0.191675 0)
(-0.168926 0.17661 0)
(-0.175022 0.160198 0)
(-0.180314 0.142651 0)
(-0.184866 0.12415 0)
(-0.18874 0.10485 0)
(-0.191993 0.084883 0)
(-0.194671 0.0643602 0)
(-0.196809 0.0433807 0)
(-0.198427 0.0220337 0)
(-0.199533 0.000404255 0)
(-0.200115 -0.0214219 0)
(-0.200149 -0.0433531 0)
(-0.19959 -0.0652867 0)
(-0.19838 -0.0871029 0)
(-0.196443 -0.108659 0)
(-0.19369 -0.129785 0)
(-0.190021 -0.150275 0)
(-0.185329 -0.169883 0)
(-0.179505 -0.188318 0)
(-0.172446 -0.20524 0)
(-0.164065 -0.220258 0)
(-0.154299 -0.23293 0)
(-0.143128 -0.242764 0)
(-0.130584 -0.249232 0)
(-0.116771 -0.251779 0)
(-0.101877 -0.249842 0)
(-0.0861898 -0.24288 0)
(-0.0701044 -0.230398 0)
(-0.0541293 -0.211988 0)
(-0.0388813 -0.187362 0)
(-0.0250569 -0.156388 0)
(-0.0133958 -0.119115 0)
(-0.00485855 -0.0757873 0)
(-0.000758291 -0.0268825 0)
(-0.000685699 0.0274367 0)
(-0.00436408 0.0766152 0)
(-0.0119814 0.119595 0)
(-0.0223269 0.156137 0)
(-0.0345236 0.186231 0)
(-0.0479138 0.210046 0)
(-0.0618966 0.227895 0)
(-0.0759559 0.240194 0)
(-0.0896791 0.24743 0)
(-0.102755 0.250124 0)
(-0.114966 0.248804 0)
(-0.126174 0.243983 0)
(-0.136309 0.236142 0)
(-0.145355 0.225725 0)
(-0.153338 0.213127 0)
(-0.160314 0.198696 0)
(-0.166357 0.182735 0)
(-0.171552 0.165499 0)
(-0.175991 0.147205 0)
(-0.17976 0.128031 0)
(-0.182943 0.108127 0)
(-0.185611 0.0876137 0)
(-0.187826 0.0665917 0)
(-0.189634 0.0451459 0)
(-0.191064 0.0233499 0)
(-0.192129 0.0012722 0)
(-0.192824 -0.0210193 0)
(-0.193123 -0.043451 0)
(-0.19298 -0.0659386 0)
(-0.192332 -0.0883802 0)
(-0.191093 -0.11065 0)
(-0.189161 -0.132592 0)
(-0.186417 -0.154012 0)
(-0.182731 -0.174671 0)
(-0.177965 -0.19428 0)
(-0.17198 -0.212488 0)
(-0.16465 -0.228887 0)
(-0.155867 -0.243001 0)
(-0.145566 -0.254293 0)
(-0.13373 -0.262171 0)
(-0.120423 -0.265997 0)
(-0.105799 -0.265113 0)
(-0.0901253 -0.258864 0)
(-0.0737978 -0.246636 0)
(-0.0573484 -0.227899 0)
(-0.0414452 -0.202255 0)
(-0.026862 -0.169478 0)
(-0.0144379 -0.129557 0)
(-0.00526633 -0.0827141 0)
(-0.000829459 -0.029449 0)
(-0.000745433 0.0297363 0)
(-0.00470534 0.08279 0)
(-0.0128469 0.128853 0)
(-0.0238073 0.167675 0)
(-0.03659 0.199287 0)
(-0.0504499 0.223935 0)
(-0.0647215 0.242028 0)
(-0.0788483 0.254094 0)
(-0.0924019 0.260732 0)
(-0.105075 0.262567 0)
(-0.11667 0.260219 0)
(-0.127079 0.254281 0)
(-0.136268 0.245298 0)
(-0.144262 0.233761 0)
(-0.151127 0.220101 0)
(-0.156955 0.204692 0)
(-0.161857 0.187847 0)
(-0.16595 0.169831 0)
(-0.169351 0.150857 0)
(-0.172174 0.131101 0)
(-0.174521 0.1107 0)
(-0.176482 0.0897656 0)
(-0.178131 0.068382 0)
(-0.179527 0.0466178 0)
(-0.180709 0.0245288 0)
(-0.181697 0.00216408 0)
(-0.182488 -0.0204286 0)
(-0.18306 -0.0431968 0)
(-0.183367 -0.0660774 0)
(-0.18334 -0.08899 0)
(-0.182886 -0.11183 0)
(-0.181891 -0.13446 0)
(-0.18022 -0.156704 0)
(-0.177718 -0.178334 0)
(-0.174217 -0.199068 0)
(-0.169543 -0.218554 0)
(-0.163524 -0.23637 0)
(-0.156004 -0.252012 0)
(-0.146861 -0.2649 0)
(-0.136023 -0.274373 0)
(-0.123498 -0.27971 0)
(-0.109392 -0.280141 0)
(-0.093941 -0.274882 0)
(-0.0775279 -0.263177 0)
(-0.060702 -0.244348 0)
(-0.044182 -0.217852 0)
(-0.0288266 -0.183344 0)
(-0.01559 -0.140726 0)
(-0.00572347 -0.0901826 0)
(-0.000910668 -0.0322371 0)
(-0.000816502 0.0322246 0)
(-0.00510428 0.0894234 0)
(-0.0138444 0.138713 0)
(-0.0254863 0.179835 0)
(-0.038887 0.212877 0)
(-0.053198 0.238184 0)
(-0.0676815 0.256294 0)
(-0.081741 0.267874 0)
(-0.0949385 0.273656 0)
(-0.106981 0.274391 0)
(-0.117702 0.270805 0)
(-0.127036 0.263578 0)
(-0.134997 0.253324 0)
(-0.141659 0.240581 0)
(-0.147133 0.225817 0)
(-0.151558 0.209425 0)
(-0.155081 0.191728 0)
(-0.157854 0.172992 0)
(-0.160025 0.153428 0)
(-0.161729 0.1332 0)
(-0.163091 0.112434 0)
(-0.164216 0.091223 0)
(-0.165194 0.0696367 0)
(-0.166094 0.0477235 0)
(-0.166964 0.025519 0)
(-0.167831 0.00305076 0)
(-0.168699 -0.019656 0)
(-0.169547 -0.0425722 0)
(-0.17033 -0.065659 0)
(-0.170978 -0.0888607 0)
(-0.171392 -0.112098 0)
(-0.171448 -0.135257 0)
(-0.170995 -0.158185 0)
(-0.169858 -0.180673 0)
(-0.167839 -0.202453 0)
(-0.164728 -0.223179 0)
(-0.160305 -0.242423 0)
(-0.154359 -0.259662 0)
(-0.146704 -0.274272 0)
(-0.137202 -0.285533 0)
(-0.125789 -0.292628 0)
(-0.112508 -0.29467 0)
(-0.0975427 -0.290729 0)
(-0.0812498 -0.279877 0)
(-0.0641833 -0.261254 0)
(-0.0471089 -0.234135 0)
(-0.0309767 -0.198016 0)
(-0.0168741 -0.152679 0)
(-0.00624118 -0.0982517 0)
(-0.00100444 -0.0352754 0)
(-0.000902568 0.0349356 0)
(-0.00557809 0.0965883 0)
(-0.0150104 0.149254 0)
(-0.0274133 0.19267 0)
(-0.0414632 0.227003 0)
(-0.0561895 0.252736 0)
(-0.0707755 0.270572 0)
(-0.0845886 0.28135 0)
(-0.0971917 0.285971 0)
(-0.108321 0.285328 0)
(-0.117857 0.280271 0)
(-0.12579 0.271573 0)
(-0.132197 0.259918 0)
(-0.137209 0.245894 0)
(-0.140994 0.229998 0)
(-0.143736 0.212637 0)
(-0.145628 0.194142 0)
(-0.146855 0.174773 0)
(-0.147594 0.15473 0)
(-0.148004 0.134165 0)
(-0.14823 0.113186 0)
(-0.148392 0.0918682 0)
(-0.148593 0.0702595 0)
(-0.148912 0.0483877 0)
(-0.149405 0.026266 0)
(-0.150107 0.00389876 0)
(-0.151026 -0.0187129 0)
(-0.152146 -0.0415654 0)
(-0.153425 -0.0646463 0)
(-0.154793 -0.0879279 0)
(-0.156148 -0.111359 0)
(-0.15736 -0.134856 0)
(-0.158266 -0.158292 0)
(-0.158673 -0.181488 0)
(-0.158356 -0.204196 0)
(-0.157069 -0.226087 0)
(-0.154545 -0.246736 0)
(-0.150514 -0.26561 0)
(-0.144719 -0.282054 0)
(-0.136942 -0.295287 0)
(-0.127032 -0.304403 0)
(-0.114948 -0.308386 0)
(-0.100802 -0.30614 0)
(-0.0848976 -0.29654 0)
(-0.0677774 -0.278499 0)
(-0.0502447 -0.251065 0)
(-0.0333452 -0.213521 0)
(-0.0183192 -0.165485 0)
(-0.00683454 -0.106992 0)
(-0.00111426 -0.0385991 0)
(-0.00100873 0.0379138 0)
(-0.00614991 0.104378 0)
(-0.0163921 0.160573 0)
(-0.0296494 0.206237 0)
(-0.0443739 0.241658 0)
(-0.0594521 0.267503 0)
(-0.0739845 0.284694 0)
(-0.0873117 0.294288 0)
(-0.0990148 0.297386 0)
(-0.10888 0.295052 0)
(-0.116855 0.288271 0)
(-0.123008 0.277915 0)
(-0.127488 0.264739 0)
(-0.130499 0.249375 0)
(-0.132268 0.232342 0)
(-0.133034 0.214056 0)
(-0.133031 0.194845 0)
(-0.132482 0.174956 0)
(-0.131589 0.154576 0)
(-0.130536 0.133835 0)
(-0.12948 0.11282 0)
(-0.128558 0.0915855 0)
(-0.127881 0.0701557 0)
(-0.127537 0.0485353 0)
(-0.12759 0.0267138 0)
(-0.128079 0.00467133 0)
(-0.129021 -0.0176164 0)
(-0.130403 -0.0401722 0)
(-0.132188 -0.0630119 0)
(-0.134309 -0.0861375 0)
(-0.136665 -0.109529 0)
(-0.139123 -0.133138 0)
(-0.141515 -0.15687 0)
(-0.143634 -0.180581 0)
(-0.145233 -0.204054 0)
(-0.146033 -0.226988 0)
(-0.145723 -0.248975 0)
(-0.143971 -0.269484 0)
(-0.140446 -0.287841 0)
(-0.134835 -0.303217 0)
(-0.126888 -0.314618 0)
(-0.116454 -0.320899 0)
(-0.103541 -0.320779 0)
(-0.0883741 -0.312904 0)
(-0.0714553 -0.295917 0)
(-0.0536081 -0.268574 0)
(-0.0359729 -0.229879 0)
(-0.0199638 -0.179218 0)
(-0.0075242 -0.116492 0)
(-0.00124501 -0.0422531 0)
(-0.00114227 0.0412178 0)
(-0.00685142 0.112913 0)
(-0.0180517 0.172785 0)
(-0.0322702 0.220596 0)
(-0.0476795 0.256812 0)
(-0.0630017 0.282354 0)
(-0.077257 0.298431 0)
(-0.0897768 0.306377 0)
(-0.100188 0.307535 0)
(-0.108356 0.303164 0)
(-0.114323 0.294394 0)
(-0.118253 0.282201 0)
(-0.120389 0.267404 0)
(-0.121013 0.250669 0)
(-0.120422 0.23253 0)
(-0.118908 0.213398 0)
(-0.11675 0.193588 0)
(-0.114201 0.173329 0)
(-0.111489 0.152782 0)
(-0.108813 0.132054 0)
(-0.106345 0.111207 0)
(-0.10423 0.0902683 0)
(-0.102587 0.069238 0)
(-0.101508 0.0480964 0)
(-0.101062 0.0268086 0)
(-0.101295 0.00533014 0)
(-0.102228 -0.0163886 0)
(-0.103855 -0.0383973 0)
(-0.106144 -0.0607403 0)
(-0.109035 -0.0834507 0)
(-0.112432 -0.106543 0)
(-0.116207 -0.130003 0)
(-0.120189 -0.15378 0)
(-0.124165 -0.177768 0)
(-0.127877 -0.201793 0)
(-0.131017 -0.225594 0)
(-0.133235 -0.248794 0)
(-0.134141 -0.270882 0)
(-0.133325 -0.291185 0)
(-0.130376 -0.30884 0)
(-0.12492 -0.32278 0)
(-0.116675 -0.33173 0)
(-0.105512 -0.334218 0)
(-0.091534 -0.328626 0)
(-0.0751635 -0.313275 0)
(-0.0572141 -0.286555 0)
(-0.0389102 -0.247097 0)
(-0.0218589 -0.193969 0)
(-0.00833886 -0.126859 0)
(-0.00140372 -0.0462949 0)
(-0.0013138 0.0449263 0)
(-0.00772667 0.122346 0)
(-0.0200707 0.186031 0)
(-0.035367 0.235805 0)
(-0.0514396 0.272396 0)
(-0.0668277 0.297088 0)
(-0.0804845 0.311467 0)
(-0.0917655 0.317214 0)
(-0.100384 0.315958 0)
(-0.106322 0.30918 0)
(-0.10975 0.298161 0)
(-0.110955 0.283975 0)
(-0.110287 0.267493 0)
(-0.108117 0.249403 0)
(-0.104813 0.230233 0)
(-0.100722 0.210382 0)
(-0.09616 0.190135 0)
(-0.0914081 0.169693 0)
(-0.0867117 0.149186 0)
(-0.0822817 0.12869 0)
(-0.0782962 0.108237 0)
(-0.0749033 0.0878264 0)
(-0.0722237 0.0674327 0)
(-0.0703526 0.0470108 0)
(-0.0693615 0.0265019 0)
(-0.0692987 0.00583746 0)
(-0.0701898 -0.0150564 0)
(-0.0720366 -0.0362552 0)
(-0.0748153 -0.0578312 0)
(-0.0784739 -0.0798484 0)
(-0.0829285 -0.102356 0)
(-0.0880588 -0.125379 0)
(-0.0937025 -0.148909 0)
(-0.0996496 -0.17289 0)
(-0.105637 -0.197199 0)
(-0.111342 -0.221626 0)
(-0.116386 -0.245846 0)
(-0.120327 -0.269388 0)
(-0.122679 -0.2916 0)
(-0.122927 -0.311615 0)
(-0.120563 -0.328312 0)
(-0.115145 -0.340301 0)
(-0.106366 -0.345916 0)
(-0.094158 -0.343252 0)
(-0.0788065 -0.330248 0)
(-0.0610658 -0.304836 0)
(-0.0422169 -0.26516 0)
(-0.0240728 -0.209835 0)
(-0.00931911 -0.138232 0)
(-0.00160081 -0.0508006 0)
(-0.00153938 0.049146 0)
(-0.00883816 0.132879 0)
(-0.0225573 0.200477 0)
(-0.0390472 0.251899 0)
(-0.0557008 0.288279 0)
(-0.0708662 0.311405 0)
(-0.0834637 0.323363 0)
(-0.0929275 0.326268 0)
(-0.0991142 0.322081 0)
(-0.102176 0.312521 0)
(-0.10245 0.299018 0)
(-0.10037 0.28273 0)
(-0.0964072 0.264559 0)
(-0.0910282 0.24519 0)
(-0.08467 0.225131 0)
(-0.077727 0.204742 0)
(-0.0705463 0.184272 0)
(-0.0634267 0.163879 0)
(-0.0566222 0.143655 0)
(-0.0503458 0.123638 0)
(-0.044774 0.103829 0)
(-0.0400518 0.0841957 0)
(-0.0362959 0.0646875 0)
(-0.0335989 0.0452345 0)
(-0.032031 0.0257552 0)
(-0.0316417 0.00615909 0)
(-0.0324604 -0.01365 0)
(-0.0344957 -0.033771 0)
(-0.0377338 -0.054302 0)
(-0.0421353 -0.0753361 0)
(-0.0476315 -0.0969563 0)
(-0.0541185 -0.119227 0)
(-0.0614503 -0.142187 0)
(-0.0694313 -0.165831 0)
(-0.0778071 -0.190096 0)
(-0.0862562 -0.21484 0)
(-0.0943819 -0.239803 0)
(-0.101708 -0.264582 0)
(-0.107684 -0.288577 0)
(-0.111692 -0.310946 0)
(-0.113084 -0.330552 0)
(-0.111231 -0.345918 0)
(-0.105608 -0.355197 0)
(-0.0959129 -0.356182 0)
(-0.0822172 -0.346378 0)
(-0.0651387 -0.323154 0)
(-0.0459606 -0.284009 0)
(-0.0266968 -0.226926 0)
(-0.0105235 -0.150784 0)
(-0.0018522 -0.0558727 0)
(-0.00184419 0.0540249 0)
(-0.0102766 0.14477 0)
(-0.0256537 0.216309 0)
(-0.0434291 0.268873 0)
(-0.0604714 0.30422 0)
(-0.0749544 0.324854 0)
(-0.0858347 0.333517 0)
(-0.0927108 0.33285 0)
(-0.0956639 0.325193 0)
(-0.0950784 0.312502 0)
(-0.0914992 0.296343 0)
(-0.0855315 0.277923 0)
(-0.0777761 0.258144 0)
(-0.0687915 0.23766 0)
(-0.059075 0.216928 0)
(-0.0490566 0.196255 0)
(-0.0391003 0.175832 0)
(-0.0295091 0.155768 0)
(-0.0205327 0.136105 0)
(-0.0123749 0.116842 0)
(-0.00520096 0.0979431 0)
(0.000856045 0.0793487 0)
(0.00568961 0.0609803 0)
(0.00921558 0.0427465 0)
(0.011369 0.0245454 0)
(0.0121019 0.00626771 0)
(0.0113825 -0.0122014 0)
(0.00919573 -0.0309807 0)
(0.00554413 -0.0501903 0)
(0.000451382 -0.0699492 0)
(-0.00603356 -0.0903709 0)
(-0.0138303 -0.111558 0)
(-0.0228192 -0.133594 0)
(-0.0328314 -0.15653 0)
(-0.0436372 -0.18037 0)
(-0.0549333 -0.205046 0)
(-0.0663288 -0.230386 0)
(-0.0773338 -0.256077 0)
(-0.0873514 -0.281606 0)
(-0.0956797 -0.306202 0)
(-0.101531 -0.328759 0)
(-0.104077 -0.347762 0)
(-0.102533 -0.36122 0)
(-0.0962897 -0.366634 0)
(-0.0851069 -0.361028 0)
(-0.0693512 -0.3411 0)
(-0.0502078 -0.303511 0)
(-0.0298522 -0.24535 0)
(-0.0120385 -0.164742 0)
(-0.00218318 -0.0616532 0)
(-0.00226937 0.0597736 0)
(-0.0121766 0.158357 0)
(-0.0295457 0.233721 0)
(-0.0486251 0.286626 0)
(-0.0656709 0.319804 0)
(-0.0787509 0.336765 0)
(-0.0869829 0.341101 0)
(-0.0902588 0.336075 0)
(-0.0889891 0.324429 0)
(-0.0838617 0.308338 0)
(-0.0756691 0.289457 0)
(-0.0652009 0.268996 0)
(-0.0531842 0.247811 0)
(-0.0402554 0.226483 0)
(-0.0269532 0.205392 0)
(-0.013722 0.184765 0)
(-0.000922605 0.164723 0)
(0.0111561 0.145311 0)
(0.0222848 0.126521 0)
(0.0322825 0.108307 0)
(0.0410066 0.0905982 0)
(0.0483447 0.073306 0)
(0.0542083 0.0563289 0)
(0.0585271 0.0395562 0)
(0.0612459 0.02287 0)
(0.0623214 0.00614666 0)
(0.0617214 -0.0107427 0)
(0.0594246 -0.0279313 0)
(0.055422 -0.0455563 0)
(0.0497192 -0.0637569 0)
(0.042341 -0.0826727 0)
(0.0333377 -0.102439 0)
(0.0227933 -0.123183 0)
(0.0108366 -0.145009 0)
(-0.00234465 -0.16799 0)
(-0.0164873 -0.192142 0)
(-0.0312332 -0.217395 0)
(-0.0461085 -0.243549 0)
(-0.0605042 -0.270218 0)
(-0.0736628 -0.29675 0)
(-0.0846788 -0.322136 0)
(-0.092527 -0.344895 0)
(-0.0961329 -0.362962 0)
(-0.0945098 -0.37359 0)
(-0.0869833 -0.373315 0)
(-0.0735079 -0.358054 0)
(-0.0550025 -0.323401 0)
(-0.0336968 -0.265197 0)
(-0.0139938 -0.180398 0)
(-0.00263554 -0.0683445 0)
(-0.00288488 0.0666995 0)
(-0.0147421 0.174076 0)
(-0.0344674 0.252878 0)
(-0.0546985 0.304881 0)
(-0.0710333 0.334332 0)
(-0.0815994 0.34615 0)
(-0.0858864 0.344993 0)
(-0.0842604 0.334824 0)
(-0.0775873 0.318768 0)
(-0.0669276 0.29916 0)
(-0.0533462 0.277665 0)
(-0.0378115 0.255425 0)
(-0.0211541 0.23319 0)
(-0.00405771 0.211423 0)
(0.0129302 0.190391 0)
(0.029381 0.170222 0)
(0.0449638 0.150954 0)
(0.0594269 0.13256 0)
(0.0725798 0.114979 0)
(0.0842793 0.0981211 0)
(0.0944172 0.0818821 0)
(0.102911 0.0661483 0)
(0.109698 0.0507993 0)
(0.114727 0.0357103 0)
(0.117957 0.0207526 0)
(0.119352 0.00579363 0)
(0.118881 -0.00930331 0)
(0.116519 -0.0246799 0)
(0.112245 -0.0404834 0)
(0.106044 -0.0568666 0)
(0.0979153 -0.0739877 0)
(0.0878729 -0.0920082 0)
(0.0759569 -0.11109 0)
(0.0622439 -0.131389 0)
(0.0468622 -0.153041 0)
(0.0300108 -0.176151 0)
(0.0119845 -0.200756 0)
(-0.00679783 -0.226794 0)
(-0.0257607 -0.254037 0)
(-0.0441399 -0.282008 0)
(-0.0609587 -0.30987 0)
(-0.0750253 -0.336278 0)
(-0.0849743 -0.359203 0)
(-0.0893839 -0.37575 0)
(-0.0870139 -0.382016 0)
(-0.0771942 -0.373069 0)
(-0.0603127 -0.343187 0)
(-0.0384248 -0.286492 0)
(-0.0165877 -0.198125 0)
(-0.00328087 -0.0762449 0)
(-0.00381357 0.0752679 0)
(-0.0182839 0.192477 0)
(-0.0406864 0.273831 0)
(-0.0615576 0.323028 0)
(-0.0759205 0.346666 0)
(-0.0822992 0.35158 0)
(-0.0808816 0.34371 0)
(-0.0727412 0.327729 0)
(-0.0593284 0.307059 0)
(-0.0421226 0.28407 0)
(-0.0224516 0.260321 0)
(-0.00142395 0.236791 0)
(0.0200774 0.214049 0)
(0.041373 0.192394 0)
(0.061954 0.171951 0)
(0.0814474 0.152731 0)
(0.099585 0.134677 0)
(0.116177 0.117696 0)
(0.131093 0.10167 0)
(0.14424 0.0864713 0)
(0.155557 0.071968 0)
(0.165001 0.0580268 0)
(0.172537 0.0445148 0)
(0.178141 0.0312994 0)
(0.181788 0.0182474 0)
(0.183454 0.00522401 0)
(0.183111 -0.00790858 0)
(0.18073 -0.0212933 0)
(0.176278 -0.0350799 0)
(0.169725 -0.0494262 0)
(0.161037 -0.0645 0)
(0.150193 -0.0804793 0)
(0.137181 -0.0975517 0)
(0.122017 -0.115911 0)
(0.104753 -0.135753 0)
(0.0855024 -0.157259 0)
(0.0644637 -0.180578 0)
(0.0419565 -0.205792 0)
(0.0184655 -0.232859 0)
(-0.00530809 -0.261529 0)
(-0.0283932 -0.291219 0)
(-0.0495046 -0.320838 0)
(-0.0670324 -0.348552 0)
(-0.0791065 -0.371495 0)
(-0.0838059 -0.385467 0)
(-0.0795845 -0.384716 0)
(-0.0659122 -0.361986 0)
(-0.0442431 -0.309089 0)
(-0.0201237 -0.218385 0)
(-0.00424544 -0.0858098 0)
(-0.00527473 0.0862078 0)
(-0.0232698 0.21421 0)
(-0.0484293 0.296329 0)
(-0.0687191 0.339861 0)
(-0.0789749 0.354985 0)
(-0.0787247 0.351036 0)
(-0.0693156 0.335354 0)
(-0.0527841 0.313205 0)
(-0.0312557 0.288102 0)
(-0.00661298 0.262251 0)
(0.0196232 0.236946 0)
(0.0462926 0.212884 0)
(0.0725464 0.190386 0)
(0.0977848 0.169544 0)
(0.121598 0.150316 0)
(0.143716 0.132593 0)
(0.163967 0.116226 0)
(0.182251 0.101055 0)
(0.198511 0.0869191 0)
(0.212721 0.0736591 0)
(0.224875 0.0611244 0)
(0.234971 0.0491709 0)
(0.243013 0.0376609 0)
(0.249002 0.0264614 0)
(0.252932 0.0154421 0)
(0.254793 0.00447307 0)
(0.254561 -0.00657757 0)
(0.252208 -0.0178464 0)
(0.247691 -0.0294774 0)
(0.240959 -0.0416246 0)
(0.231956 -0.0544549 0)
(0.220618 -0.068151 0)
(0.206883 -0.0829127 0)
(0.1907 -0.0989587 0)
(0.172035 -0.116524 0)
(0.150897 -0.135857 0)
(0.127359 -0.157204 0)
(0.101597 -0.180785 0)
(0.0739416 -0.206755 0)
(0.044943 -0.235123 0)
(0.0154567 -0.265636 0)
(-0.0132649 -0.297586 0)
(-0.0394879 -0.329529 0)
(-0.0609669 -0.35889 0)
(-0.0750573 -0.38146 0)
(-0.0790948 -0.39087 0)
(-0.0711246 -0.37825 0)
(-0.0512771 -0.332468 0)
(-0.0250538 -0.241701 0)
(-0.00575426 -0.0977577 0)
(-0.00765453 0.100684 0)
(-0.0303561 0.239919 0)
(-0.0576348 0.319429 0)
(-0.0747898 0.353146 0)
(-0.0774824 0.356489 0)
(-0.0672195 0.341784 0)
(-0.0470579 0.317647 0)
(-0.0201879 0.28958 0)
(0.0106186 0.26083 0)
(0.0432095 0.233155 0)
(0.0760324 0.207396 0)
(0.108026 0.183858 0)
(0.138498 0.162553 0)
(0.167024 0.143343 0)
(0.193361 0.126022 0)
(0.217388 0.110365 0)
(0.239063 0.0961464 0)
(0.258392 0.0831567 0)
(0.275409 0.071203 0)
(0.29016 0.0601107 0)
(0.302694 0.0497216 0)
(0.313058 0.0398914 0)
(0.321291 0.0304867 0)
(0.32742 0.0213824 0)
(0.331461 0.0124583 0)
(0.333415 0.00359629 0)
(0.333268 -0.00532261 0)
(0.330989 -0.0144214 0)
(0.32653 -0.0238305 0)
(0.319826 -0.0336908 0)
(0.310796 -0.0441581 0)
(0.299343 -0.0554066 0)
(0.285355 -0.0676334 0)
(0.268715 -0.0810627 0)
(0.249303 -0.0959492 0)
(0.227013 -0.11258 0)
(0.201774 -0.131274 0)
(0.173582 -0.152366 0)
(0.142552 -0.176189 0)
(0.108991 -0.203018 0)
(0.0735028 -0.232969 0)
(0.0371246 -0.265829 0)
(0.00149745 -0.300753 0)
(-0.0309699 -0.335794 0)
(-0.0570285 -0.367195 0)
(-0.0727764 -0.388457 0)
(-0.0742889 -0.389345 0)
(-0.0592896 -0.355311 0)
(-0.0319936 -0.268516 0)
(-0.00819944 -0.113239 0)
(-0.0115741 0.120524 0)
(-0.0402537 0.269849 0)
(-0.0672434 0.340743 0)
(-0.076372 0.358989 0)
(-0.0662513 0.347094 0)
(-0.0416832 0.320399 0)
(-0.00787684 0.288159 0)
(0.030884 0.255424 0)
(0.0714547 0.224646 0)
(0.111727 0.196807 0)
(0.15039 0.172117 0)
(0.18669 0.150416 0)
(0.220243 0.131391 0)
(0.250893 0.114687 0)
(0.278627 0.0999597 0)
(0.30351 0.0868977 0)
(0.325647 0.0752279 0)
(0.345162 0.0647149 0)
(0.362177 0.0551565 0)
(0.37681 0.0463786 0)
(0.389165 0.0382301 0)
(0.399331 0.0305776 0)
(0.407377 0.0233018 0)
(0.413357 0.0162931 0)
(0.417304 0.00944826 0)
(0.41923 0.00266714 0)
(0.41913 -0.00415038 0)
(0.416973 -0.0111077 0)
(0.412709 -0.0183146 0)
(0.406264 -0.0258914 0)
(0.39754 -0.0339724 0)
(0.386411 -0.0427115 0)
(0.372729 -0.0522871 0)
(0.356319 -0.0629088 0)
(0.336982 -0.074825 0)
(0.314505 -0.0883304 0)
(0.288669 -0.103774 0)
(0.259275 -0.121562 0)
(0.226182 -0.142157 0)
(0.189373 -0.166055 0)
(0.149059 -0.193733 0)
(0.105848 -0.225514 0)
(0.0609709 -0.261321 0)
(0.0166059 -0.300189 0)
(-0.023794 -0.339429 0)
(-0.0552982 -0.373274 0)
(-0.0716798 -0.39098 0)
(-0.0669171 -0.374732 0)
(-0.041538 -0.298744 0)
(-0.0121938 -0.134044 0)
(-0.0177484 0.148552 0)
(-0.0528822 0.302811 0)
(-0.0733004 0.355066 0)
(-0.0658525 0.351042 0)
(-0.0357734 0.321359 0)
(0.00764837 0.283164 0)
(0.0572005 0.244923 0)
(0.108115 0.210173 0)
(0.157526 0.179965 0)
(0.20389 0.154225 0)
(0.246504 0.13245 0)
(0.285156 0.114027 0)
(0.319899 0.0983728 0)
(0.350923 0.0849796 0)
(0.378475 0.0734242 0)
(0.402813 0.0633607 0)
(0.424187 0.0545082 0)
(0.442825 0.0466383 0)
(0.45893 0.039564 0)
(0.472675 0.0331305 0)
(0.484207 0.0272078 0)
(0.493645 0.0216848 0)
(0.501084 0.0164643 0)
(0.506594 0.0114586 0)
(0.510221 0.00658684 0)
(0.511987 0.0017713 0)
(0.511892 -0.00306517 0)
(0.50991 -0.00800205 0)
(0.505991 -0.0131241 0)
(0.500059 -0.0185247 0)
(0.492006 -0.0243098 0)
(0.481694 -0.0306025 0)
(0.468949 -0.0375488 0)
(0.453559 -0.0453251 0)
(0.435269 -0.054147 0)
(0.41378 -0.0642813 0)
(0.38875 -0.0760598 0)
(0.359799 -0.0898959 0)
(0.32653 -0.106302 0)
(0.288565 -0.125905 0)
(0.24563 -0.14944 0)
(0.197693 -0.177707 0)
(0.145222 -0.211424 0)
(0.0895887 -0.250857 0)
(0.0336784 -0.295026 0)
(-0.0173682 -0.340106 0)
(-0.0554276 -0.376575 0)
(-0.069734 -0.384939 0)
(-0.0532989 -0.330655 0)
(-0.018376 -0.162887 0)
(-0.0258805 0.189373 0)
(-0.0643841 0.333674 0)
(-0.0643979 0.351755 0)
(-0.027277 0.319466 0)
(0.0304582 0.272789 0)
(0.0954965 0.227017 0)
(0.160212 0.187474 0)
(0.220806 0.155012 0)
(0.275732 0.128855 0)
(0.324663 0.107842 0)
(0.36785 0.0908749 0)
(0.405782 0.0770466 0)
(0.439009 0.0656463 0)
(0.468065 0.0561303 0)
(0.493428 0.0480859 0)
(0.515517 0.0411982 0)
(0.534686 0.0352255 0)
(0.551236 0.0299799 0)
(0.565415 0.0253133 0)
(0.57743 0.021107 0)
(0.587447 0.0172639 0)
(0.5956 0.013703 0)
(0.601994 0.0103548 0)
(0.606705 0.00715789 0)
(0.609785 0.0040562 0)
(0.611261 0.000996533 0)
(0.611137 -0.00207361 0)
(0.609393 -0.00520823 0)
(0.605983 -0.00846502 0)
(0.600834 -0.011908 0)
(0.593844 -0.0156105 0)
(0.584874 -0.0196591 0)
(0.573747 -0.0241581 0)
(0.560241 -0.0292365 0)
(0.544079 -0.0350562 0)
(0.524919 -0.0418242 0)
(0.502345 -0.0498083 0)
(0.475856 -0.0593596 0)
(0.444856 -0.0709421 0)
(0.408656 -0.0851719 0)
(0.366497 -0.102864 0)
(0.317624 -0.125075 0)
(0.261458 -0.153111 0)
(0.197968 -0.188403 0)
(0.128382 -0.232024 0)
(0.0564217 -0.283301 0)
(-0.0098426 -0.336559 0)
(-0.0558689 -0.37486 0)
(-0.0627821 -0.358346 0)
(-0.0261688 -0.204117 0)
(-0.0296291 0.246725 0)
(-0.0583983 0.346548 0)
(-0.0119567 0.311496 0)
(0.0703993 0.251533 0)
(0.159094 0.196213 0)
(0.242191 0.152095 0)
(0.315626 0.118861 0)
(0.378753 0.0942102 0)
(0.432436 0.0758241 0)
(0.477996 0.061907 0)
(0.51673 0.0511771 0)
(0.549769 0.0427421 0)
(0.578047 0.0359835 0)
(0.602316 0.0304691 0)
(0.623181 0.0258928 0)
(0.641126 0.0220335 0)
(0.656535 0.0187291 0)
(0.669721 0.0158578 0)
(0.680931 0.0133265 0)
(0.690365 0.0110624 0)
(0.698182 0.00900748 0)
(0.704507 0.00711393 0)
(0.709437 0.00534161 0)
(0.713042 0.00365548 0)
(0.71537 0.00202394 0)
(0.716449 0.000417251 0)
(0.716284 -0.00119378 0)
(0.71486 -0.00283912 0)
(0.712139 -0.00455086 0)
(0.708061 -0.00636477 0)
(0.702539 -0.00832222 0)
(0.695453 -0.0104725 0)
(0.686647 -0.012876 0)
(0.675921 -0.0156088 0)
(0.663019 -0.0187681 0)
(0.647618 -0.0224817 0)
(0.629305 -0.0269203 0)
(0.607558 -0.0323165 0)
(0.581711 -0.038994 0)
(0.55092 -0.0474111 0)
(0.514117 -0.0582279 0)
(0.469977 -0.072406 0)
(0.416916 -0.091346 0)
(0.353224 -0.117046 0)
(0.277526 -0.152153 0)
(0.189954 -0.199436 0)
(0.0943089 -0.259597 0)
(0.00284485 -0.325579 0)
(-0.0528313 -0.364954 0)
(-0.0285072 -0.260371 0)
(0.0100402 0.28671 0)
(0.0248629 0.299724 0)
(0.150354 0.214159 0)
(0.281624 0.145882 0)
(0.387787 0.100249 0)
(0.471341 0.0705503 0)
(0.53722 0.0512898 0)
(0.589411 0.0385727 0)
(0.631217 0.0298961 0)
(0.665169 0.0237529 0)
(0.693104 0.019246 0)
(0.716343 0.0158316 0)
(0.73585 0.013171 0)
(0.752335 0.0110462 0)
(0.766331 0.00931248 0)
(0.778243 0.00787027 0)
(0.788382 0.00664925 0)
(0.796991 0.00559827 0)
(0.804261 0.00467915 0)
(0.810339 0.00386268 0)
(0.815345 0.0031259 0)
(0.819369 0.00245029 0)
(0.822481 0.00182043 0)
(0.824732 0.00122304 0)
(0.826158 0.000646259 0)
(0.826777 7.8986e-05 0)
(0.826596 -0.00048962 0)
(0.825604 -0.00107068 0)
(0.823777 -0.00167613 0)
(0.821073 -0.00231932 0)
(0.817432 -0.00301582 0)
(0.812771 -0.00378437 0)
(0.80698 -0.0046482 0)
(0.799917 -0.00563693 0)
(0.791395 -0.00678923 0)
(0.781174 -0.00815686 0)
(0.768942 -0.00981086 0)
(0.754287 -0.0118514 0)
(0.736662 -0.0144237 0)
(0.715333 -0.017746 0)
(0.689295 -0.0221569 0)
(0.657156 -0.028202 0)
(0.616958 -0.0367907 0)
(0.565957 -0.0494754 0)
(0.500467 -0.0689015 0)
(0.415931 -0.0993365 0)
(0.306694 -0.146963 0)
(0.169407 -0.218966 0)
(0.0356164 -0.308497 0)
(0.0145892 -0.294729 0)
(0.301251 0.14701 0)
(0.400424 0.127489 0)
(0.564643 0.0751791 0)
(0.682465 0.042789 0)
(0.752592 0.0251228 0)
(0.797597 0.0154522 0)
(0.828867 0.0100762 0)
(0.851606 0.00698467 0)
(0.868781 0.00510805 0)
(0.882188 0.00389622 0)
(0.892922 0.00306637 0)
(0.901677 0.00246855 0)
(0.908917 0.00201954 0)
(0.914963 0.00167067 0)
(0.920046 0.00139198 0)
(0.924336 0.00116405 0)
(0.92796 0.000973765 0)
(0.931016 0.000811911 0)
(0.933579 0.000671792 0)
(0.935707 0.000548395 0)
(0.937446 0.00043786 0)
(0.938831 0.000337119 0)
(0.93989 0.000243657 0)
(0.940641 0.000155335 0)
(0.941098 7.02555e-05 0)
(0.941268 -1.33387e-05 0)
(0.941153 -9.71582e-05 0)
(0.940751 -0.000182963 0)
(0.940051 -0.000272645 0)
(0.939038 -0.000368337 0)
(0.93769 -0.000472547 0)
(0.935975 -0.000588333 0)
(0.933852 -0.000719543 0)
(0.931265 -0.000871159 0)
(0.928143 -0.00104982 0)
(0.924392 -0.00126462 0)
(0.919886 -0.00152841 0)
(0.914458 -0.00185997 0)
(0.907881 -0.00228795 0)
(0.899835 -0.0028582 0)
(0.889863 -0.00364822 0)
(0.877276 -0.00479703 0)
(0.860996 -0.00656822 0)
(0.83924 -0.00948358 0)
(0.809013 -0.01459 0)
(0.765011 -0.0239421 0)
(0.695657 -0.0414637 0)
(0.577236 -0.074311 0)
(0.408945 -0.128032 0)
(0.304996 -0.148435 0)
)
;

boundaryField
{
    movingWall
    {
        type            fixedValue;
        value           uniform (1 0 0);
    }
    fixedWalls
    {
        type            noSlip;
    }
    frontAndBack
    {
        type            empty;
    }
}


// ************************************************************************* //
